1,0
2,1022
3,1021
4,0
5,0
6,0
7,1022
8,1022
9,0
10,0
11,1022
12,1022
13,1022
14,0
15,0
16,1022
17,1022
18,0
19,0
20,0
21,1021
22,1022
23,0
24,0
25,1022
26,1021
27,1021
28,0
29,0
30,1022
31,1022
32,0
33,0
34,0
35,1022
36,1022
37,0
38,0
39,1022
40,1022
41,1022
42,0
43,0
44,1022
45,1022
46,0
47,0
48,0
49,1022
50,1022
51,0
52,0
53,1022
54,1022
55,1022
56,0
57,0
58,1022
59,1022
60,0
61,0
62,0
63,1022
64,1022
65,0
66,0
67,1022
68,1022
69,1021
70,0
71,0
72,1022
73,1022
74,0
75,0
76,0
77,1022
78,1023
79,0
80,0
81,1022
82,1022
83,1022
84,0
85,0
86,1022
87,1022
88,0
89,0
90,0
91,1022
92,1022
93,0
94,0
95,1022
96,1022
97,1021
98,0
99,0
100,1022
101,1022
102,0
103,0
104,0
105,1022
106,1022
107,0
108,0
109,1022
110,1022
111,1021
112,0
113,0
114,1022
115,1022
116,0
117,0
118,0
119,1022
120,1022
121,0
122,0
123,1022
124,1022
125,1021
126,0
127,0
128,1022
129,1022
130,0
131,0
132,0
133,1022
134,1022
135,0
136,0
137,1022
138,1022
139,1022
140,0
141,0
142,1022
143,1022
144,0
145,0
146,0
147,1022
148,1022
149,0
150,0
151,1022
152,1022
153,1022
154,0
155,0
156,1022
157,1022
158,0
159,0
160,0
161,1022
162,1022
163,0
164,0
165,1022
166,1022
167,1021
168,0
169,0
170,1022
171,1022
172,0
173,0
174,0
175,1022
176,1022
177,0
178,0
179,1022
180,1022
181,1022
182,0
183,0
184,1022
185,1022
186,0
187,0
188,0
189,1022
190,1022
191,0
192,0
193,1022
194,1022
195,1021
196,0
197,0
198,1022
199,1022
200,0
201,0
202,0
203,1022
204,1022
205,0
206,0
207,1022
208,1022
209,1022
210,0
211,0
212,1022
213,1022
214,0
215,0
216,0
217,1022
218,1021
219,0
220,0
221,1022
222,1022
223,1022
224,0
225,0
226,1022
227,1022
228,0
229,0
230,0
231,1022
232,1022
233,0
234,0
235,1022
236,1022
237,1021
238,0
239,0
240,1022
241,1022
242,0
243,0
244,0
245,1022
246,1022
247,0
248,0
249,1022
250,1022
251,1022
252,0
253,0
254,1022
255,1021
256,0
257,0
258,0
259,1022
260,1022
261,0
262,0
263,1022
264,1022
265,1022
266,0
267,0
268,1022
269,1022
270,0
271,0
272,0
273,1022
274,1022
275,0
276,0
277,1022
278,1022
279,1021
280,0
281,0
282,1022
283,1022
284,0
285,0
286,0
287,1022
288,1021
289,0
290,0
291,1022
292,1022
293,1022
294,0
295,0
296,1022
297,1022
298,0
299,0
300,0
301,1022
302,1022
303,0
304,0
305,1022
306,1022
307,1022
308,0
309,0
310,1022
311,1022
312,0
313,0
314,0
315,1022
316,1022
317,0
318,0
319,1022
320,1022
321,1022
322,0
323,0
324,1021
325,1022
326,0
327,0
328,0
329,1022
330,1022
331,0
332,0
333,1022
334,1022
335,1022
336,0
337,0
338,1022
339,1022
340,0
341,0
342,0
343,1022
344,1022
345,0
346,0
347,1022
348,1022
349,1022
350,0
351,0
352,1022
353,1022
354,0
355,0
356,0
357,1022
358,1022
359,0
360,0
361,1022
362,1022
363,1022
364,0
365,0
366,1022
367,1022
368,0
369,0
370,0
371,1022
372,1022
373,0
374,0
375,1022
376,1022
377,1022
378,0
379,0
380,1022
381,1022
382,0
383,0
384,0
385,1021
386,1022
387,0
388,0
389,1022
390,1022
391,1021
392,0
393,0
394,1022
395,1022
396,0
397,0
398,0
399,1022
400,1022
401,0
402,0
403,1021
404,1022
405,1021
406,0
407,0
408,1022
409,1021
410,0
411,0
412,0
413,1022
414,1022
415,0
416,0
417,1022
418,1022
419,1022
420,0
421,0
422,1021
423,1022
424,0
425,0
426,0
427,1021
428,1022
429,0
430,0
431,1022
432,1022
433,1022
434,0
435,0
436,1022
437,1022
438,0
439,0
440,0
441,1022
442,1022
443,0
444,0
445,1022
446,1022
447,1022
448,0
449,0
450,1022
451,1022
452,0
453,0
454,0
455,1022
456,1022
457,0
458,0
459,1022
460,1022
461,1022
462,0
463,0
464,1022
465,1022
466,0
467,0
468,0
469,1021
470,1022
471,0
472,0
473,1022
474,1022
475,1022
476,0
477,0
478,1022
479,1022
480,0
481,0
482,0
483,1022
484,1021
485,0
486,0
487,1022
488,1022
489,1022
490,0
491,0
492,1022
493,1021
494,0
495,0
496,0
497,1022
498,1022
499,0
500,0
501,1022
502,1022
503,1022
504,0
505,0
506,1022
507,1022
508,0
509,0
510,0
511,1022
512,1022
513,0
514,0
515,1022
516,1022
517,1022
518,0
519,0
520,1022
521,1022
522,0
523,0
524,0
525,1022
526,1022
527,0
528,0
529,1022
530,1022
531,1022
532,0
533,0
534,1022
535,1022
536,0
537,0
538,0
539,1022
540,1022
541,0
542,0
543,1022
544,1022
545,1021
546,0
547,0
548,1022
549,1022
550,0
551,0
552,0
553,1022
554,1022
555,0
556,0
557,1022
558,1022
559,1022
560,0
561,0
562,1022
563,1023
564,0
565,0
566,0
567,1022
568,1022
569,0
570,0
571,1021
572,1022
573,1022
574,0
575,0
576,1022
577,1022
578,0
579,0
580,0
581,1022
582,1022
583,0
584,0
585,1022
586,1022
587,1022
588,0
589,0
590,1022
591,1021
592,0
593,0
594,0
595,1022
596,1022
597,0
598,0
599,1022
600,1022
601,1021
602,0
603,0
604,1022
605,1022
606,0
607,0
608,0
609,1022
610,1022
611,0
612,0
613,1022
614,1022
615,1022
616,0
617,0
618,1022
619,1022
620,0
621,0
622,0
623,1021
624,1022
625,0
626,0
627,1022
628,1022
629,1021
630,0
631,0
632,1022
633,1022
634,0
635,0
636,0
637,1022
638,1022
639,0
640,0
641,1022
642,1022
643,1022
644,0
645,0
646,1022
647,1022
648,0
649,0
650,0
651,1022
652,1022
653,0
654,0
655,1022
656,1022
657,1021
658,0
659,0
660,1022
661,1022
662,0
663,0
664,0
665,1022
666,1022
667,0
668,0
669,1022
670,1022
671,1022
672,0
673,0
674,1022
675,1022
676,0
677,0
678,0
679,1022
680,1022
681,0
682,0
683,1022
684,1022
685,1022
686,0
687,0
688,1022
689,1022
690,0
691,0
692,0
693,1022
694,1022
695,0
696,0
697,1022
698,1021
699,1022
700,0
701,0
702,1022
703,1021
704,0
705,0
706,0
707,1022
708,1022
709,0
710,0
711,1022
712,1022
713,1021
714,0
715,0
716,1022
717,1022
718,0
719,0
720,0
721,1022
722,1021
723,0
724,0
725,1022
726,1021
727,1022
728,0
729,0
730,1022
731,1022
732,0
733,0
734,0
735,1022
736,1022
737,0
738,0
739,1022
740,1022
741,1022
742,0
743,0
744,1022
745,1022
746,0
747,0
748,0
749,1022
750,1022
751,0
752,0
753,1022
754,1022
755,1022
756,0
757,0
758,1021
759,1022
760,0
761,0
762,0
763,1022
764,1022
765,0
766,0
767,1022
768,1022
769,1022
770,0
771,0
772,1022
773,1022
774,0
775,0
776,0
777,1022
778,1021
779,0
780,0
781,1022
782,1022
783,1022
784,0
785,0
786,1022
787,1021
788,0
789,0
790,0
791,1022
792,1022
793,0
794,0
795,1022
796,1022
797,1021
798,0
799,0
800,1022
801,1022
802,0
803,0
804,0
805,1022
806,1022
807,0
808,0
809,1022
810,1022
811,1021
812,0
813,0
814,1022
815,1022
816,0
817,0
818,0
819,1022
820,1022
821,0
822,0
823,1022
824,1022
825,1022
826,0
827,0
828,1022
829,1022
830,0
831,0
832,0
833,1022
834,1022
835,0
836,0
837,1022
838,1022
839,1022
840,0
841,0
842,1022
843,1022
844,0
845,0
846,0
847,1022
848,1022
849,0
850,0
851,1021
852,1022
853,1021
854,0
855,0
856,1022
857,1022
858,0
859,0
860,0
861,1022
862,1022
863,0
864,0
865,1022
866,1022
867,1021
868,0
869,0
870,1022
871,1021
872,0
873,0
874,0
875,1022
876,1022
877,0
878,0
879,1022
880,1022
881,1021
882,0
883,0
884,1022
885,1022
886,0
887,0
888,0
889,1022
890,1021
891,0
892,0
893,1022
894,1022
895,1022
896,0
897,0
898,1022
899,1022
900,0
901,0
902,0
903,1022
904,1022
905,0
906,0
907,1022
908,1022
909,1021
910,0
911,0
912,1022
913,1022
914,0
915,0
916,0
917,1022
918,1022
919,0
920,0
921,1021
922,1022
923,1022
924,0
925,0
926,1022
927,1022
928,0
929,0
930,0
931,1022
932,1022
933,0
934,0
935,1022
936,1022
937,1022
938,0
939,0
940,1022
941,1022
942,0
943,0
944,0
945,1022
946,1022
947,0
948,0
949,1022
950,1021
951,1021
952,0
953,0
954,1022
955,1022
956,0
957,0
958,0
959,1022
960,1021
961,0
962,0
963,1022
964,1021
965,1022
966,0
967,0
968,1022
969,1022
970,0
971,0
972,0
973,1022
974,1022
975,0
976,0
977,1022
978,1022
979,1022
980,0
981,0
982,1022
983,1021
984,0
985,0
986,0
987,1022
988,1022
989,0
990,0
991,1023
992,1022
993,1021
994,0
995,0
996,1022
997,1022
998,0
999,0
1000,0
1001,1022
1002,1022
1003,0
1004,0
1005,1022
1006,1022
1007,1022
1008,0
1009,0
1010,1022
1011,1022
1012,0
1013,0
1014,0
1015,1022
1016,1022
1017,0
1018,0
1019,1022
1020,1021
1021,1021
1022,0
1023,0
1024,1022
1025,1022
1026,0
1027,0
1028,0
1029,1022
1030,1021
1031,0
1032,0
1033,1021
1034,1021
1035,1022
1036,0
1037,0
1038,1022
1039,1022
1040,0
1041,0
1042,0
1043,1022
1044,1022
1045,0
1046,0
1047,1022
1048,1022
1049,1022
1050,0
1051,0
1052,1022
1053,1022
1054,0
1055,0
1056,0
1057,1022
1058,1022
1059,0
1060,0
1061,1022
1062,1021
1063,1022
1064,0
1065,0
1066,1022
1067,1021
1068,0
1069,0
1070,0
1071,1022
1072,1022
1073,0
1074,0
1075,1022
1076,1022
1077,1022
1078,0
1079,0
1080,1022
1081,1021
1082,0
1083,0
1084,0
1085,1022
1086,1022
1087,0
1088,0
1089,1022
1090,1022
1091,1021
1092,0
1093,0
1094,1022
1095,1022
1096,0
1097,0
1098,0
1099,1022
1100,1022
1101,0
1102,0
1103,1022
1104,1021
1105,1022
1106,0
1107,0
1108,1022
1109,1022
1110,0
1111,0
1112,0
1113,1022
1114,1022
1115,0
1116,0
1117,1022
1118,1022
1119,1022
1120,0
1121,0
1122,1022
1123,1022
1124,0
1125,0
1126,0
1127,1021
1128,1021
1129,0
1130,0
1131,1022
1132,1022
1133,1022
1134,0
1135,0
1136,1022
1137,1022
1138,0
1139,0
1140,0
1141,1022
1142,1022
1143,0
1144,0
1145,1022
1146,1022
1147,1022
1148,0
1149,0
1150,1022
1151,1022
1152,0
1153,0
1154,0
1155,1022
1156,1021
1157,0
1158,0
1159,1022
1160,1022
1161,1021
1162,0
1163,0
1164,1022
1165,1022
1166,0
1167,0
1168,0
1169,1022
1170,1022
1171,0
1172,0
1173,1022
1174,1022
1175,1021
1176,0
1177,0
1178,1022
1179,1022
1180,0
1181,0
1182,0
1183,1022
1184,1021
1185,0
1186,0
1187,1022
1188,1022
1189,1023
1190,0
1191,0
1192,1022
1193,1022
1194,0
1195,0
1196,0
1197,1022
1198,1022
1199,0
1200,0
1201,1022
1202,1022
1203,1022
1204,0
1205,0
1206,1022
1207,1022
1208,0
1209,0
1210,0
1211,1022
1212,1022
1213,0
1214,0
1215,1022
1216,1022
1217,1022
1218,0
1219,0
1220,1022
1221,1022
1222,0
1223,0
1224,0
1225,1022
1226,1022
1227,0
1228,0
1229,1022
1230,1022
1231,1021
1232,0
1233,0
1234,1022
1235,1021
1236,0
1237,0
1238,0
1239,1022
1240,1022
1241,0
1242,0
1243,1022
1244,1022
1245,1022
1246,0
1247,0
1248,1022
1249,1022
1250,0
1251,0
1252,0
1253,1022
1254,1022
1255,0
1256,0
1257,1022
1258,1021
1259,1021
1260,0
1261,0
1262,1022
1263,1022
1264,0
1265,0
1266,0
1267,1022
1268,1022
1269,0
1270,0
1271,1023
1272,1022
1273,1022
1274,0
1275,0
1276,1022
1277,1022
1278,0
1279,0
1280,0
1281,1022
1282,1022
1283,0
1284,0
1285,1022
1286,1022
1287,1022
1288,0
1289,0
1290,1022
1291,1022
1292,0
1293,0
1294,0
1295,1022
1296,1022
1297,0
1298,0
1299,1022
1300,1022
1301,1022
1302,0
1303,0
1304,1022
1305,1022
1306,0
1307,0
1308,0
1309,1021
1310,1022
1311,0
1312,0
1313,1022
1314,1021
1315,1021
1316,0
1317,0
1318,1022
1319,1022
1320,0
1321,0
1322,0
1323,1022
1324,1022
1325,0
1326,0
1327,1022
1328,1022
1329,1022
1330,0
1331,0
1332,1022
1333,1022
1334,0
1335,0
1336,0
1337,1022
1338,1021
1339,0
1340,0
1341,1022
1342,1022
1343,1022
1344,0
1345,0
1346,1022
1347,1022
1348,0
1349,0
1350,0
1351,1022
1352,1022
1353,0
1354,0
1355,1022
1356,1022
1357,1020
1358,0
1359,0
1360,1022
1361,1022
1362,0
1363,0
1364,0
1365,1023
1366,1022
1367,0
1368,0
1369,1022
1370,1022
1371,1021
1372,0
1373,0
1374,1022
1375,1022
1376,0
1377,0
1378,0
1379,1022
1380,1022
1381,0
1382,0
1383,1021
1384,1022
1385,1022
1386,0
1387,0
1388,1022
1389,1021
1390,0
1391,0
1392,0
1393,1022
1394,1022
1395,0
1396,0
1397,1022
1398,1022
1399,1022
1400,0
1401,0
1402,1022
1403,1022
1404,0
1405,0
1406,0
1407,1022
1408,1021
1409,0
1410,0
1411,1022
1412,1022
1413,1021
1414,0
1415,0
1416,1022
1417,1022
1418,0
1419,0
1420,0
1421,1022
1422,1022
1423,0
1424,0
1425,1022
1426,1022
1427,1021
1428,0
1429,0
1430,1022
1431,1022
1432,0
1433,0
1434,0
1435,1022
1436,1022
1437,0
1438,0
1439,1022
1440,1022
1441,1022
1442,0
1443,0
1444,1022
1445,1022
1446,0
1447,0
1448,0
1449,1022
1450,1022
1451,0
1452,0
1453,1022
1454,1022
1455,1022
1456,0
1457,0
1458,1022
1459,1022
1460,0
1461,0
1462,0
1463,1022
1464,1022
1465,0
1466,0
1467,1021
1468,1022
1469,1022
1470,0
1471,0
1472,1022
1473,1022
1474,0
1475,0
1476,0
1477,1022
1478,1021
1479,0
1480,0
1481,1022
1482,1022
1483,1022
1484,0
1485,0
1486,1022
1487,1022
1488,0
1489,0
1490,0
1491,1022
1492,1021
1493,0
1494,0
1495,1022
1496,1022
1497,1022
1498,0
1499,0
1500,1022
1501,1022
1502,0
1503,0
1504,0
1505,1022
1506,1022
1507,0
1508,0
1509,1022
1510,1022
1511,1022
1512,0
1513,0
1514,1022
1515,1022
1516,0
1517,0
1518,0
1519,1022
1520,1022
1521,0
1522,0
1523,1022
1524,1022
1525,1022
1526,0
1527,0
1528,1021
1529,1022
1530,0
1531,0
1532,0
1533,1022
1534,1022
1535,0
1536,0
1537,1022
1538,1022
1539,1022
1540,0
1541,0
1542,1021
1543,1022
1544,0
1545,0
1546,0
1547,1022
1548,1022
1549,0
1550,0
1551,1022
1552,1022
1553,1022
1554,0
1555,0
1556,1022
1557,1022
1558,0
1559,0
1560,0
1561,1022
1562,1022
1563,0
1564,0
1565,1022
1566,1022
1567,1021
1568,0
1569,0
1570,1022
1571,1022
1572,0
1573,0
1574,0
1575,1022
1576,1022
1577,0
1578,0
1579,1022
1580,1022
1581,1021
1582,0
1583,0
1584,1022
1585,1021
1586,0
1587,0
1588,0
1589,1022
1590,1022
1591,0
1592,0
1593,1022
1594,1022
1595,1021
1596,0
1597,0
1598,1022
1599,1022
1600,0
1601,0
1602,0
1603,1022
1604,1022
1605,0
1606,0
1607,1022
1608,1022
1609,1021
1610,0
1611,0
1612,1022
1613,1022
1614,0
1615,0
1616,0
1617,1022
1618,1022
1619,0
1620,0
1621,1022
1622,1022
1623,1022
1624,0
1625,0
1626,1022
1627,1022
1628,0
1629,0
1630,0
1631,1022
1632,1022
1633,0
1634,0
1635,1022
1636,1021
1637,1022
1638,0
1639,0
1640,1022
1641,1022
1642,0
1643,0
1644,0
1645,1021
1646,1021
1647,0
1648,0
1649,1022
1650,1022
1651,1022
1652,0
1653,0
1654,1022
1655,1022
1656,0
1657,0
1658,0
1659,1021
1660,1022
1661,0
1662,0
1663,1022
1664,1022
1665,1021
1666,0
1667,0
1668,1022
1669,1022
1670,0
1671,0
1672,0
1673,1022
1674,1022
1675,0
1676,0
1677,1022
1678,1022
1679,1022
1680,0
1681,0
1682,1022
1683,1022
1684,0
1685,0
1686,0
1687,1022
1688,1022
1689,0
1690,0
1691,1022
1692,1022
1693,1022
1694,0
1695,0
1696,1022
1697,1022
1698,0
1699,0
1700,0
1701,1021
1702,1022
1703,0
1704,0
1705,1023
1706,1022
1707,1022
1708,0
1709,0
1710,1022
1711,1022
1712,0
1713,0
1714,0
1715,1022
1716,1022
1717,0
1718,0
1719,1022
1720,1021
1721,1022
1722,0
1723,0
1724,1022
1725,1022
1726,0
1727,0
1728,0
1729,1022
1730,1022
1731,0
1732,0
1733,1022
1734,1021
1735,1022
1736,0
1737,0
1738,1022
1739,1021
1740,0
1741,0
1742,0
1743,1022
1744,1022
1745,0
1746,0
1747,1022
1748,1022
1749,1022
1750,0
1751,0
1752,1022
1753,1022
1754,0
1755,0
1756,0
1757,1022
1758,1022
1759,0
1760,0
1761,1022
1762,1022
1763,1022
1764,0
1765,0
1766,1021
1767,1022
1768,0
1769,0
1770,0
1771,1022
1772,1022
1773,0
1774,0
1775,1022
1776,1022
1777,1021
1778,0
1779,0
1780,1022
1781,1022
1782,0
1783,0
1784,0
1785,1022
1786,1022
1787,0
1788,0
1789,1022
1790,1022
1791,1021
1792,0
1793,0
1794,1022
1795,1022
1796,0
1797,0
1798,0
1799,1022
1800,1023
1801,0
1802,0
1803,1022
1804,1022
1805,1021
1806,0
1807,0
1808,1022
1809,1022
1810,0
1811,0
1812,0
1813,1022
1814,1022
1815,0
1816,0
1817,1022
1818,1022
1819,1021
1820,0
1821,0
1822,1022
1823,1022
1824,0
1825,0
1826,0
1827,1022
1828,1022
1829,0
1830,0
1831,1022
1832,1022
1833,1022
1834,0
1835,0
1836,1022
1837,1022
1838,0
1839,0
1840,0
1841,1022
1842,1022
1843,0
1844,0
1845,1022
1846,1022
1847,1022
1848,0
1849,0
1850,1022
1851,1022
1852,0
1853,0
1854,0
1855,1022
1856,1022
1857,0
1858,0
1859,1021
1860,1022
1861,1021
1862,0
1863,0
1864,1023
1865,1022
1866,0
1867,0
1868,0
1869,1022
1870,1021
1871,0
1872,0
1873,1022
1874,1021
1875,1022
1876,0
1877,0
1878,1022
1879,1022
1880,0
1881,0
1882,0
1883,1022
1884,1022
1885,0
1886,0
1887,1022
1888,1022
1889,1022
1890,0
1891,0
1892,1022
1893,1022
1894,0
1895,0
1896,0
1897,1021
1898,1022
1899,0
1900,0
1901,1022
1902,1022
1903,1022
1904,0
1905,0
1906,1022
1907,1022
1908,0
1909,0
1910,0
1911,1022
1912,1022
1913,0
1914,0
1915,1022
1916,1022
1917,1022
1918,0
1919,0
1920,1022
1921,1022
1922,0
1923,0
1924,0
1925,1022
1926,1022
1927,0
1928,0
1929,1022
1930,1021
1931,1021
1932,0
1933,0
1934,1021
1935,1022
1936,0
1937,0
1938,0
1939,1021
1940,1022
1941,0
1942,0
1943,1022
1944,1022
1945,1022
1946,0
1947,0
1948,1022
1949,1022
1950,0
1951,0
1952,0
1953,1022
1954,1021
1955,0
1956,0
1957,1022
1958,1022
1959,1022
1960,0
1961,0
1962,1022
1963,1022
1964,0
1965,0
1966,0
1967,1022
1968,1022
1969,0
1970,0
1971,1021
1972,1022
1973,1021
1974,0
1975,0
1976,1022
1977,1022
1978,0
1979,0
1980,0
1981,1022
1982,1022
1983,0
1984,0
1985,1022
1986,1022
1987,1022
1988,0
1989,0
1990,1022
1991,1022
1992,0
1993,0
1994,0
1995,1022
1996,1021
1997,0
1998,0
1999,1022
2000,1022
2001,1022
2002,0
2003,0
2004,1022
2005,1021
2006,0
2007,0
2008,0
2009,1022
2010,1021
2011,0
2012,0
2013,1021
2014,1021
2015,1022
2016,0
2017,0
2018,1023
2019,1022
2020,0
2021,0
2022,0
2023,1022
2024,1021
2025,0
2026,0
2027,1022
2028,1022
2029,1022
2030,0
2031,0
2032,1022
2033,1022
2034,0
2035,0
2036,0
2037,1021
2038,1022
2039,0
2040,0
2041,1022
2042,1022
2043,1021
2044,0
2045,0
2046,1022
2047,1021
2048,0
2049,0
2050,0
2051,1021
2052,1022
2053,0
2054,0
2055,1022
2056,1022
2057,1022
2058,0
2059,0
2060,1022
2061,1022
2062,0
2063,0
2064,0
2065,1022
2066,1022
2067,0
2068,0
2069,1022
2070,1022
2071,1022
2072,0
2073,0
2074,1022
2075,1022
2076,0
2077,0
2078,0
2079,1021
2080,1022
2081,0
2082,0
2083,1022
2084,1022
2085,1021
2086,0
2087,0
2088,1022
2089,1022
2090,0
2091,0
2092,0
2093,1022
2094,1022
2095,0
2096,0
2097,1022
2098,1022
2099,1022
2100,0
2101,0
2102,1022
2103,1022
2104,0
2105,0
2106,0
2107,1022
2108,1021
2109,0
2110,0
2111,1022
2112,1022
2113,1022
2114,0
2115,0
2116,1022
2117,1022
2118,0
2119,0
2120,0
2121,1022
2122,1022
2123,0
2124,0
2125,1022
2126,1022
2127,1022
2128,0
2129,0
2130,1022
2131,1022
2132,0
2133,0
2134,0
2135,1022
2136,1022
2137,0
2138,0
2139,1022
2140,1022
2141,1022
2142,0
2143,0
2144,1022
2145,1022
2146,0
2147,0
2148,0
2149,1022
2150,1022
2151,0
2152,0
2153,1022
2154,1022
2155,1022
2156,0
2157,0
2158,1022
2159,1021
2160,0
2161,0
2162,0
2163,1022
2164,1022
2165,0
2166,0
2167,1022
2168,1022
2169,1022
2170,0
2171,0
2172,1022
2173,1022
2174,0
2175,0
2176,0
2177,1022
2178,1022
2179,0
2180,0
2181,1022
2182,1022
2183,1021
2184,0
2185,0
2186,1022
2187,1022
2188,0
2189,0
2190,0
2191,1022
2192,1022
2193,0
2194,0
2195,1022
2196,1022
2197,1021
2198,0
2199,0
2200,1022
2201,1022
2202,0
2203,0
2204,0
2205,1022
2206,1022
2207,0
2208,0
2209,1023
2210,1022
2211,1022
2212,0
2213,0
2214,1022
2215,1022
2216,0
2217,0
2218,0
2219,1022
2220,1022
2221,0
2222,0
2223,1021
2224,1022
2225,1022
2226,0
2227,0
2228,1021
2229,1022
2230,0
2231,0
2232,0
2233,1022
2234,1022
2235,0
2236,0
2237,1022
2238,1023
2239,1021
2240,0
2241,0
2242,1022
2243,1021
2244,0
2245,0
2246,0
2247,1022
2248,1022
2249,0
2250,0
2251,1022
2252,1022
2253,1022
2254,0
2255,0
2256,1022
2257,1022
2258,0
2259,0
2260,0
2261,1022
2262,1022
2263,0
2264,0
2265,1022
2266,1021
2267,1021
2268,0
2269,0
2270,1022
2271,1022
2272,0
2273,0
2274,0
2275,1022
2276,1022
2277,0
2278,0
2279,1022
2280,1022
2281,1022
2282,0
2283,0
2284,1022
2285,1022
2286,0
2287,0
2288,0
2289,1022
2290,1022
2291,0
2292,0
2293,1022
2294,1022
2295,1022
2296,0
2297,0
2298,1022
2299,1022
2300,0
2301,0
2302,0
2303,1022
2304,1022
2305,0
2306,0
2307,1023
2308,1022
2309,1022
2310,0
2311,0
2312,1022
2313,1021
2314,0
2315,0
2316,0
2317,1022
2318,1022
2319,0
2320,0
2321,1022
2322,1022
2323,1022
2324,0
2325,0
2326,1022
2327,1022
2328,0
2329,0
2330,0
2331,1022
2332,1022
2333,0
2334,0
2335,1022
2336,1021
2337,1022
2338,0
2339,0
2340,1021
2341,1022
2342,0
2343,0
2344,0
2345,1022
2346,1022
2347,0
2348,0
2349,1022
2350,1022
2351,1021
2352,0
2353,0
2354,1022
2355,1021
2356,0
2357,0
2358,0
2359,1022
2360,1022
2361,0
2362,0
2363,1022
2364,1022
2365,1022
2366,0
2367,0
2368,1022
2369,1022
2370,0
2371,0
2372,0
2373,1022
2374,1022
2375,0
2376,0
2377,1022
2378,1022
2379,1022
2380,0
2381,0
2382,1022
2383,1022
2384,0
2385,0
2386,0
2387,1022
2388,1022
2389,0
2390,0
2391,1022
2392,1021
2393,1022
2394,0
2395,0
2396,1023
2397,1021
2398,0
2399,0
2400,0
2401,1022
2402,1022
2403,0
2404,0
2405,1022
2406,1022
2407,1022
2408,0
2409,0
2410,1022
2411,1022
2412,0
2413,0
2414,0
2415,1022
2416,1021
2417,0
2418,0
2419,1022
2420,1021
2421,1022
2422,0
2423,0
2424,1022
2425,1022
2426,0
2427,0
2428,0
2429,1022
2430,1022
2431,0
2432,0
2433,1022
2434,1022
2435,1022
2436,0
2437,0
2438,1022
2439,1022
2440,0
2441,0
2442,0
2443,1022
2444,1022
2445,0
2446,0
2447,1022
2448,1022
2449,1022
2450,0
2451,0
2452,1022
2453,1022
2454,0
2455,0
2456,0
2457,1022
2458,1022
2459,0
2460,0
2461,1022
2462,1022
2463,1023
2464,0
2465,0
2466,1022
2467,1021
2468,0
2469,0
2470,0
2471,1022
2472,1022
2473,0
2474,0
2475,1022
2476,1021
2477,1022
2478,0
2479,0
2480,1022
2481,1022
2482,0
2483,0
2484,0
2485,1022
2486,1022
2487,0
2488,0
2489,1022
2490,1022
2491,1022
2492,0
2493,0
2494,1022
2495,1022
2496,0
2497,0
2498,0
2499,1022
2500,1022
2501,0
2502,0
2503,1022
2504,1022
2505,1022
2506,0
2507,0
2508,1022
2509,1022
2510,0
2511,0
2512,0
2513,1022
2514,1022
2515,0
2516,0
2517,1022
2518,1022
2519,1021
2520,0
2521,0
2522,1022
2523,1022
2524,0
2525,0
2526,0
2527,1022
2528,1022
2529,0
2530,0
2531,1022
2532,1022
2533,1022
2534,0
2535,0
2536,1022
2537,1022
2538,0
2539,0
2540,0
2541,1022
2542,1022
2543,0
2544,0
2545,1021
2546,1022
2547,1021
2548,0
2549,0
2550,1021
2551,1022
2552,0
2553,0
2554,0
2555,1022
2556,1021
2557,0
2558,0
2559,1022
2560,1022
2561,1021
2562,0
2563,0
2564,1022
2565,1021
2566,0
2567,0
2568,0
2569,1021
2570,1022
2571,0
2572,0
2573,1022
2574,1022
2575,1022
2576,0
2577,0
2578,1022
2579,1022
2580,0
2581,0
2582,0
2583,1022
2584,1022
2585,0
2586,0
2587,1022
2588,1022
2589,1022
2590,0
2591,0
2592,1022
2593,1022
2594,0
2595,0
2596,0
2597,1022
2598,1022
2599,0
2600,0
2601,1022
2602,1022
2603,1022
2604,0
2605,0
2606,1022
2607,1022
2608,0
2609,0
2610,0
2611,1022
2612,1022
2613,0
2614,0
2615,1022
2616,1022
2617,1021
2618,0
2619,0
2620,1023
2621,1021
2622,0
2623,0
2624,0
2625,1022
2626,1022
2627,0
2628,0
2629,1022
2630,1021
2631,1022
2632,0
2633,0
2634,1022
2635,1022
2636,0
2637,0
2638,0
2639,1022
2640,1022
2641,0
2642,0
2643,1021
2644,1022
2645,1022
2646,0
2647,0
2648,1022
2649,1021
2650,0
2651,0
2652,0
2653,1022
2654,1022
2655,0
2656,0
2657,1022
2658,1022
2659,1022
2660,0
2661,0
2662,1022
2663,1022
2664,0
2665,0
2666,0
2667,1022
2668,1022
2669,0
2670,0
2671,1022
2672,1022
2673,1022
2674,0
2675,0
2676,1022
2677,1022
2678,0
2679,0
2680,0
2681,1022
2682,1022
2683,0
2684,0
2685,1022
2686,1022
2687,1022
2688,0
2689,0
2690,1022
2691,1022
2692,0
2693,0
2694,0
2695,1022
2696,1022
2697,0
2698,0
2699,1021
2700,1022
2701,1021
2702,0
2703,0
2704,1022
2705,1022
2706,0
2707,0
2708,0
2709,1022
2710,1022
2711,0
2712,0
2713,1022
2714,1022
2715,1022
2716,0
2717,0
2718,1022
2719,1022
2720,0
2721,0
2722,0
2723,1022
2724,1021
2725,0
2726,0
2727,1022
2728,1022
2729,1022
2730,0
2731,0
2732,1022
2733,1022
2734,0
2735,0
2736,0
2737,1022
2738,1022
2739,0
2740,0
2741,1022
2742,1022
2743,1022
2744,0
2745,0
2746,1021
2747,1022
2748,0
2749,0
2750,0
2751,1022
2752,1022
2753,0
2754,0
2755,1022
2756,1022
2757,1022
2758,0
2759,0
2760,1022
2761,1022
2762,0
2763,0
2764,0
2765,1022
2766,1022
2767,0
2768,0
2769,1021
2770,1022
2771,1022
2772,0
2773,0
2774,1021
2775,1022
2776,0
2777,0
2778,0
2779,1021
2780,1022
2781,0
2782,0
2783,1021
2784,1022
2785,1022
2786,0
2787,0
2788,1022
2789,1022
2790,0
2791,0
2792,0
2793,1022
2794,1022
2795,0
2796,0
2797,1021
2798,1021
2799,1022
2800,0
2801,0
2802,1022
2803,1022
2804,0
2805,0
2806,0
2807,1022
2808,1022
2809,0
2810,0
2811,1022
2812,1022
2813,1022
2814,0
2815,0
2816,1022
2817,1021
2818,0
2819,0
2820,0
2821,1022
2822,1022
2823,0
2824,0
2825,1022
2826,1022
2827,1021
2828,0
2829,0
2830,1022
2831,1022
2832,0
2833,0
2834,0
2835,1022
2836,1022
2837,0
2838,0
2839,1022
2840,1022
2841,1022
2842,0
2843,0
2844,1021
2845,1022
2846,0
2847,0
2848,0
2849,1022
2850,1022
2851,0
2852,0
2853,1022
2854,1022
2855,1021
2856,0
2857,0
2858,1022
2859,1022
2860,0
2861,0
2862,0
2863,1022
2864,1022
2865,0
2866,0
2867,1022
2868,1022
2869,1021
2870,0
2871,0
2872,1022
2873,1022
2874,0
2875,0
2876,0
2877,1022
2878,1021
2879,0
2880,0
2881,1021
2882,1022
2883,1022
2884,0
2885,0
2886,1023
2887,1022
2888,0
2889,0
2890,0
2891,1022
2892,1022
2893,0
2894,0
2895,1022
2896,1022
2897,1022
2898,0
2899,0
2900,1021
2901,1022
2902,0
2903,0
2904,0
2905,1022
2906,1022
2907,0
2908,0
2909,1022
2910,1022
2911,1022
2912,0
2913,0
2914,1021
2915,1022
2916,0
2917,0
2918,0
2919,1022
2920,1022
2921,0
2922,0
2923,1022
2924,1022
2925,1022
2926,0
2927,0
2928,1022
2929,1021
2930,0
2931,0
2932,0
2933,1021
2934,1022
2935,0
2936,0
2937,1022
2938,1022
2939,1021
2940,0
2941,0
2942,1022
2943,1022
2944,0
2945,0
2946,0
2947,1022
2948,1022
2949,0
2950,0
2951,1022
2952,1022
2953,1021
2954,0
2955,0
2956,1022
2957,1022
2958,0
2959,0
2960,0
2961,1022
2962,1022
2963,0
2964,0
2965,1022
2966,1022
2967,1022
2968,0
2969,0
2970,1022
2971,1022
2972,0
2973,0
2974,0
2975,1022
2976,1021
2977,0
2978,0
2979,1021
2980,1022
2981,1021
2982,0
2983,0
2984,1022
2985,1022
2986,0
2987,0
2988,0
2989,1022
2990,1022
2991,0
2992,0
2993,1022
2994,1022
2995,1022
2996,0
2997,0
2998,1022
2999,1022
3000,0
3001,0
3002,0
3003,1022
3004,1022
3005,0
3006,0
3007,1022
3008,1022
3009,1021
3010,0
3011,0
3012,1022
3013,1022
3014,0
3015,0
3016,0
3017,1022
3018,1022
3019,0
3020,0
3021,1022
3022,1022
3023,1022
3024,0
3025,0
3026,1022
3027,1022
3028,0
3029,0
3030,0
3031,1022
3032,1022
3033,0
3034,0
3035,1022
3036,1022
3037,1021
3038,0
3039,0
3040,1022
3041,1022
3042,0
3043,0
3044,0
3045,1022
3046,1022
3047,0
3048,0
3049,1022
3050,1022
3051,1022
3052,0
3053,0
3054,1022
3055,1022
3056,0
3057,0
3058,0
3059,1022
3060,1022
3061,0
3062,0
3063,1022
3064,1022
3065,1021
3066,0
3067,0
3068,1022
3069,1022
3070,0
3071,0
3072,0
3073,1022
3074,1022
3075,0
3076,0
3077,1022
3078,1022
3079,1022
3080,0
3081,0
3082,1022
3083,1022
3084,0
3085,0
3086,0
3087,1022
3088,1022
3089,0
3090,0
3091,1022
3092,1022
3093,1022
3094,0
3095,0
3096,1022
3097,1022
3098,0
3099,0
3100,0
3101,1022
3102,1022
3103,0
3104,0
3105,1022
3106,1022
3107,1021
3108,0
3109,0
3110,1022
3111,1022
3112,0
3113,0
3114,0
3115,1022
3116,1022
3117,0
3118,0
3119,1022
3120,1022
3121,1022
3122,0
3123,0
3124,1022
3125,1022
3126,0
3127,0
3128,0
3129,1022
3130,1022
3131,0
3132,0
3133,1022
3134,1022
3135,1022
3136,0
3137,0
3138,1022
3139,1022
3140,0
3141,0
3142,0
3143,1022
3144,1021
3145,0
3146,0
3147,1022
3148,1022
3149,1022
3150,0
3151,0
3152,1022
3153,1022
3154,0
3155,0
3156,0
3157,1022
3158,1022
3159,0
3160,0
3161,1022
3162,1022
3163,1022
3164,0
3165,0
3166,1022
3167,1022
3168,0
3169,0
3170,0
3171,1022
3172,1022
3173,0
3174,0
3175,1022
3176,1022
3177,1022
3178,0
3179,0
3180,1022
3181,1022
3182,0
3183,0
3184,0
3185,1022
3186,1022
3187,0
3188,0
3189,1022
3190,1022
3191,1021
3192,0
3193,0
3194,1022
3195,1022
3196,0
3197,0
3198,0
3199,1022
3200,1022
3201,0
3202,0
3203,1022
3204,1022
3205,1021
3206,0
3207,0
3208,1022
3209,1022
3210,0
3211,0
3212,0
3213,1022
3214,1022
3215,0
3216,0
3217,1022
3218,1022
3219,1021
3220,0
3221,0
3222,1022
3223,1022
3224,0
3225,0
3226,0
3227,1022
3228,1022
3229,0
3230,0
3231,1022
3232,1022
3233,1022
3234,0
3235,0
3236,1022
3237,1022
3238,0
3239,0
3240,0
3241,1022
3242,1022
3243,0
3244,0
3245,1022
3246,1022
3247,1022
3248,0
3249,0
3250,1022
3251,1022
3252,0
3253,0
3254,0
3255,1022
3256,1022
3257,0
3258,0
3259,1023
3260,1022
3261,1022
3262,0
3263,0
3264,1022
3265,1021
3266,0
3267,0
3268,0
3269,1021
3270,1022
3271,0
3272,0
3273,1022
3274,1022
3275,1021
3276,0
3277,0
3278,1022
3279,1022
3280,0
3281,0
3282,0
3283,1022
3284,1022
3285,0
3286,0
3287,1021
3288,1022
3289,1022
3290,0
3291,0
3292,1022
3293,1022
3294,0
3295,0
3296,0
3297,1022
3298,1022
3299,0
3300,0
3301,1022
3302,1022
3303,1021
3304,0
3305,0
3306,1022
3307,1022
3308,0
3309,0
3310,0
3311,1022
3312,1022
3313,0
3314,0
3315,1022
3316,1022
3317,1022
3318,0
3319,0
3320,1022
3321,1022
3322,0
3323,0
3324,0
3325,1022
3326,1022
3327,0
3328,0
3329,1021
3330,1022
3331,1022
3332,0
3333,0
3334,1022
3335,1022
3336,0
3337,0
3338,0
3339,1022
3340,1022
3341,0
3342,0
3343,1022
3344,1022
3345,1022
3346,0
3347,0
3348,1022
3349,1021
3350,0
3351,0
3352,0
3353,1022
3354,1022
3355,0
3356,0
3357,1022
3358,1022
3359,1022
3360,0
3361,0
3362,1021
3363,1021
3364,0
3365,0
3366,0
3367,1021
3368,1022
3369,0
3370,0
3371,1022
3372,1021
3373,1022
3374,0
3375,0
3376,1022
3377,1022
3378,0
3379,0
3380,0
3381,1022
3382,1022
3383,0
3384,0
3385,1022
3386,1022
3387,1022
3388,0
3389,0
3390,1022
3391,1022
3392,0
3393,0
3394,0
3395,1022
3396,1022
3397,0
3398,0
3399,1022
3400,1022
3401,1021
3402,0
3403,0
3404,1022
3405,1022
3406,0
3407,0
3408,0
3409,1022
3410,1022
3411,0
3412,0
3413,1022
3414,1021
3415,1021
3416,0
3417,0
3418,1022
3419,1022
3420,0
3421,0
3422,0
3423,1022
3424,1022
3425,0
3426,0
3427,1022
3428,1022
3429,1022
3430,0
3431,0
3432,1022
3433,1022
3434,0
3435,0
3436,0
3437,1022
3438,1022
3439,0
3440,0
3441,1022
3442,1022
3443,1022
3444,0
3445,0
3446,1022
3447,1022
3448,0
3449,0
3450,0
3451,1022
3452,1022
3453,0
3454,0
3455,1022
3456,1022
3457,1022
3458,0
3459,0
3460,1021
3461,1022
3462,0
3463,0
3464,0
3465,1021
3466,1022
3467,0
3468,0
3469,1022
3470,1022
3471,1022
3472,0
3473,0
3474,1022
3475,1022
3476,0
3477,0
3478,0
3479,1022
3480,1022
3481,0
3482,0
3483,1022
3484,1022
3485,1022
3486,0
3487,0
3488,1022
3489,1022
3490,0
3491,0
3492,0
3493,1022
3494,1022
3495,0
3496,0
3497,1022
3498,1022
3499,1022
3500,0
3501,0
3502,1022
3503,1022
3504,0
3505,0
3506,0
3507,1022
3508,1022
3509,0
3510,0
3511,1022
3512,1022
3513,1022
3514,0
3515,0
3516,1022
3517,1022
3518,0
3519,0
3520,0
3521,1022
3522,1022
3523,0
3524,0
3525,1022
3526,1023
3527,1022
3528,0
3529,0
3530,1022
3531,1022
3532,0
3533,0
3534,0
3535,1022
3536,1022
3537,0
3538,0
3539,1022
3540,1022
3541,1022
3542,0
3543,0
3544,1022
3545,1022
3546,0
3547,0
3548,0
3549,1022
3550,1022
3551,0
3552,0
3553,1022
3554,1022
3555,1021
3556,0
3557,0
3558,1021
3559,1021
3560,0
3561,0
3562,0
3563,1022
3564,1022
3565,0
3566,0
3567,1022
3568,1022
3569,1021
3570,0
3571,0
3572,1022
3573,1022
3574,0
3575,0
3576,0
3577,1022
3578,1022
3579,0
3580,0
3581,1022
3582,1022
3583,1022
3584,0
3585,0
3586,1022
3587,1021
3588,0
3589,0
3590,0
3591,1022
3592,1022
3593,0
3594,0
3595,1022
3596,1022
3597,1021
3598,0
3599,0
3600,1022
3601,1022
3602,0
3603,0
3604,0
3605,1022
3606,1022
3607,0
3608,0
3609,1022
3610,1022
3611,1022
3612,0
3613,0
3614,1022
3615,1022
3616,0
3617,0
3618,0
3619,1022
3620,1022
3621,0
3622,0
3623,1022
3624,1022
3625,1022
3626,0
3627,0
3628,1022
3629,1022
3630,0
3631,0
3632,0
3633,1022
3634,1022
3635,0
3636,0
3637,1022
3638,1022
3639,1022
3640,0
3641,0
3642,1022
3643,1022
3644,0
3645,0
3646,0
3647,1022
3648,1022
3649,0
3650,0
3651,1021
3652,1022
3653,1021
3654,0
3655,0
3656,1022
3657,1022
3658,0
3659,0
3660,0
3661,1021
3662,1021
3663,0
3664,0
3665,1022
3666,1022
3667,1022
3668,0
3669,0
3670,1022
3671,1022
3672,0
3673,0
3674,0
3675,1022
3676,1022
3677,0
3678,0
3679,1022
3680,1022
3681,1022
3682,0
3683,0
3684,1022
3685,1022
3686,0
3687,0
3688,0
3689,1022
3690,1022
3691,0
3692,0
3693,1022
3694,1022
3695,1022
3696,0
3697,0
3698,1022
3699,1022
3700,0
3701,0
3702,0
3703,1022
3704,1022
3705,0
3706,0
3707,1022
3708,1022
3709,1021
3710,0
3711,0
3712,1022
3713,1022
3714,0
3715,0
3716,0
3717,1022
3718,1022
3719,0
3720,0
3721,1022
3722,1022
3723,1022
3724,0
3725,0
3726,1022
3727,1022
3728,0
3729,0
3730,0
3731,1022
3732,1022
3733,0
3734,0
3735,1022
3736,1022
3737,1021
3738,0
3739,0
3740,1022
3741,1022
3742,0
3743,0
3744,0
3745,1022
3746,1022
3747,0
3748,0
3749,1021
3750,1022
3751,1021
3752,0
3753,0
3754,1022
3755,1022
3756,0
3757,0
3758,0
3759,1022
3760,1022
3761,0
3762,0
3763,1022
3764,1022
3765,1022
3766,0
3767,0
3768,1022
3769,1022
3770,0
3771,0
3772,0
3773,1022
3774,1022
3775,0
3776,0
3777,1022
3778,1022
3779,1021
3780,0
3781,0
3782,1022
3783,1022
3784,0
3785,0
3786,0
3787,1022
3788,1022
3789,0
3790,0
3791,1022
3792,1022
3793,1022
3794,0
3795,0
3796,1022
3797,1022
3798,0
3799,0
3800,0
3801,1022
3802,1022
3803,0
3804,0
3805,1022
3806,1022
3807,1021
3808,0
3809,0
3810,1022
3811,1021
3812,0
3813,0
3814,0
3815,1022
3816,1022
3817,0
3818,0
3819,1022
3820,1022
3821,1022
3822,0
3823,0
3824,1022
3825,1022
3826,0
3827,0
3828,0
3829,1022
3830,1022
3831,0
3832,0
3833,1022
3834,1022
3835,1022
3836,0
3837,0
3838,1022
3839,1022
3840,0
3841,0
3842,0
3843,1022
3844,1022
3845,0
3846,0
3847,1022
3848,1022
3849,1022
3850,0
3851,0
3852,1023
3853,1021
3854,0
3855,0
3856,0
3857,1022
3858,1021
3859,0
3860,0
3861,1022
3862,1022
3863,1022
3864,0
3865,0
3866,1022
3867,1022
3868,0
3869,0
3870,0
3871,1022
3872,1022
3873,0
3874,0
3875,1022
3876,1022
3877,1022
3878,0
3879,0
3880,1021
3881,1022
3882,0
3883,0
3884,0
3885,1022
3886,1022
3887,0
3888,0
3889,1022
3890,1022
3891,1022
3892,0
3893,0
3894,1022
3895,1021
3896,0
3897,0
3898,0
3899,1022
3900,1022
3901,0
3902,0
3903,1022
3904,1022
3905,1021
3906,0
3907,0
3908,1022
3909,1022
3910,0
3911,0
3912,0
3913,1022
3914,1022
3915,0
3916,0
3917,1022
3918,1022
3919,1022
3920,0
3921,0
3922,1022
3923,1022
3924,0
3925,0
3926,0
3927,1022
3928,1022
3929,0
3930,0
3931,1021
3932,1022
3933,1021
3934,0
3935,0
3936,1022
3937,1022
3938,0
3939,0
3940,0
3941,1022
3942,1023
3943,0
3944,0
3945,1022
3946,1022
3947,1022
3948,0
3949,0
3950,1021
3951,1021
3952,0
3953,0
3954,0
3955,1022
3956,1022
3957,0
3958,0
3959,1022
3960,1022
3961,1022
3962,0
3963,0
3964,1022
3965,1022
3966,0
3967,0
3968,0
3969,1022
3970,1022
3971,0
3972,0
3973,1022
3974,1021
3975,1022
3976,0
3977,0
3978,1022
3979,1022
3980,0
3981,0
3982,0
3983,1023
3984,1022
3985,0
3986,0
3987,1022
3988,1022
3989,1022
3990,0
3991,0
3992,1022
3993,1022
3994,0
3995,0
3996,0
3997,1022
3998,1022
3999,0
4000,0
4001,1022
4002,1022
4003,1022
4004,0
4005,0
4006,1022
4007,1022
4008,0
4009,0
4010,0
4011,1021
4012,1022
4013,0
4014,0
4015,1022
4016,1022
4017,1022
4018,0
4019,0
4020,1022
4021,1022
4022,0
4023,0
4024,0
4025,1022
4026,1022
4027,0
4028,0
4029,1022
4030,1022
4031,1021
4032,0
4033,0
4034,1022
4035,1022
4036,0
4037,0
4038,0
4039,1022
4040,1022
4041,0
4042,0
4043,1022
4044,1022
4045,1022
4046,0
4047,0
4048,1021
4049,1022
4050,0
4051,0
4052,0
4053,1022
4054,1022
4055,0
4056,0
4057,1022
4058,1022
4059,1022
4060,0
4061,0
4062,1022
4063,1022
4064,0
4065,0
4066,0
4067,1022
4068,1022
4069,0
4070,0
4071,1022
4072,1022
4073,1022
4074,0
4075,0
4076,1022
4077,1022
4078,0
4079,0
4080,0
4081,1022
4082,1022
4083,0
4084,0
4085,1022
4086,1022
4087,1022
4088,0
4089,0
4090,1021
4091,1022
4092,0
4093,0
4094,0
4095,1021
4096,1022
4097,0
4098,0
4099,1022
4100,1022
4101,1022
4102,0
4103,0
4104,1022
4105,1021
4106,0
4107,0
4108,0
4109,1022
4110,1022
4111,0
4112,0
4113,1022
4114,1022
4115,1021
4116,0
4117,0
4118,1021
4119,1022
4120,0
4121,0
4122,0
4123,1023
4124,1022
4125,0
4126,0
4127,1022
4128,1022
4129,1022
4130,0
4131,0
4132,1022
4133,1022
4134,0
4135,0
4136,0
4137,1022
4138,1022
4139,0
4140,0
4141,1022
4142,1022
4143,1022
4144,0
4145,0
4146,1022
4147,1022
4148,0
4149,0
4150,0
4151,1022
4152,1022
4153,0
4154,0
4155,1022
4156,1022
4157,1022
4158,0
4159,0
4160,1022
4161,1021
4162,0
4163,0
4164,0
4165,1021
4166,1022
4167,0
4168,0
4169,1022
4170,1021
4171,1022
4172,0
4173,0
4174,1022
4175,1022
4176,0
4177,0
4178,0
4179,1022
4180,1022
4181,0
4182,0
4183,1022
4184,1022
4185,1022
4186,0
4187,0
4188,1022
4189,1022
4190,0
4191,0
4192,0
4193,1021
4194,1021
4195,0
4196,0
4197,1022
4198,1022
4199,1022
4200,0
4201,0
4202,1022
4203,1022
4204,0
4205,0
4206,0
4207,1022
4208,1022
4209,0
4210,0
4211,1022
4212,1022
4213,1022
4214,0
4215,0
4216,1022
4217,1021
4218,0
4219,0
4220,0
4221,1022
4222,1022
4223,0
4224,0
4225,1022
4226,1022
4227,1021
4228,0
4229,0
4230,1022
4231,1022
4232,0
4233,0
4234,0
4235,1022
4236,1022
4237,0
4238,0
4239,1022
4240,1022
4241,1022
4242,0
4243,0
4244,1021
4245,1021
4246,0
4247,0
4248,0
4249,1022
4250,1021
4251,0
4252,0
4253,1021
4254,1022
4255,1022
4256,0
4257,0
4258,1022
4259,1022
4260,0
4261,0
4262,0
4263,1022
4264,1021
4265,0
4266,0
4267,1022
4268,1021
4269,1021
4270,0
4271,0
4272,1022
4273,1022
4274,0
4275,0
4276,0
4277,1022
4278,1022
4279,0
4280,0
4281,1022
4282,1022
4283,1021
4284,0
4285,0
4286,1022
4287,1022
4288,0
4289,0
4290,0
4291,1022
4292,1022
4293,0
4294,0
4295,1022
4296,1022
4297,1022
4298,0
4299,0
4300,1022
4301,1022
4302,0
4303,0
4304,0
4305,1022
4306,1022
4307,0
4308,0
4309,1022
4310,1022
4311,1021
4312,0
4313,0
4314,1022
4315,1022
4316,0
4317,0
4318,0
4319,1021
4320,1021
4321,0
4322,0
4323,1022
4324,1022
4325,1021
4326,0
4327,0
4328,1022
4329,1022
4330,0
4331,0
4332,0
4333,1022
4334,1022
4335,0
4336,0
4337,1022
4338,1022
4339,1022
4340,0
4341,0
4342,1022
4343,1022
4344,0
4345,0
4346,0
4347,1022
4348,1021
4349,0
4350,0
4351,1022
4352,1022
4353,1021
4354,0
4355,0
4356,1022
4357,1022
4358,0
4359,0
4360,0
4361,1022
4362,1022
4363,0
4364,0
4365,1022
4366,1022
4367,1022
4368,0
4369,0
4370,1022
4371,1022
4372,0
4373,0
4374,0
4375,1022
4376,1022
4377,0
4378,0
4379,1022
4380,1022
4381,1022
4382,0
4383,0
4384,1021
4385,1021
4386,0
4387,0
4388,0
4389,1022
4390,1022
4391,0
4392,0
4393,1022
4394,1022
4395,1022
4396,0
4397,0
4398,1021
4399,1022
4400,0
4401,0
4402,0
4403,1021
4404,1022
4405,0
4406,0
4407,1022
4408,1022
4409,1021
4410,0
4411,0
4412,1022
4413,1022
4414,0
4415,0
4416,0
4417,1022
4418,1022
4419,0
4420,0
4421,1022
4422,1022
4423,1022
4424,0
4425,0
4426,1022
4427,1022
4428,0
4429,0
4430,0
4431,1022
4432,1022
4433,0
4434,0
4435,1022
4436,1022
4437,1022
4438,0
4439,0
4440,1022
4441,1022
4442,0
4443,0
4444,0
4445,1022
4446,1021
4447,0
4448,0
4449,1022
4450,1022
4451,1022
4452,0
4453,0
4454,1022
4455,1022
4456,0
4457,0
4458,0
4459,1022
4460,1022
4461,0
4462,0
4463,1022
4464,1022
4465,1022
4466,0
4467,0
4468,1022
4469,1022
4470,0
4471,0
4472,0
4473,1021
4474,1022
4475,0
4476,0
4477,1021
4478,1022
4479,1022
4480,0
4481,0
4482,1022
4483,1022
4484,0
4485,0
4486,0
4487,1022
4488,1022
4489,0
4490,0
4491,1022
4492,1022
4493,1022
4494,0
4495,0
4496,1022
4497,1022
4498,0
4499,0
4500,0
4501,1022
4502,1021
4503,0
4504,0
4505,1022
4506,1021
4507,1022
4508,0
4509,0
4510,1021
4511,1022
4512,0
4513,0
4514,0
4515,1022
4516,1022
4517,0
4518,0
4519,1022
4520,1021
4521,1021
4522,0
4523,0
4524,1022
4525,1022
4526,0
4527,0
4528,0
4529,1022
4530,1022
4531,0
4532,0
4533,1022
4534,1022
4535,1022
4536,0
4537,0
4538,1022
4539,1022
4540,0
4541,0
4542,0
4543,1022
4544,1022
4545,0
4546,0
4547,1021
4548,1022
4549,1021
4550,0
4551,0
4552,1022
4553,1021
4554,0
4555,0
4556,0
4557,1022
4558,1022
4559,0
4560,0
4561,1021
4562,1022
4563,1022
4564,0
4565,0
4566,1022
4567,1022
4568,0
4569,0
4570,0
4571,1022
4572,1022
4573,0
4574,0
4575,1022
4576,1021
4577,1022
4578,0
4579,0
4580,1022
4581,1022
4582,0
4583,0
4584,0
4585,1022
4586,1022
4587,0
4588,0
4589,1022
4590,1022
4591,1022
4592,0
4593,0
4594,1022
4595,1022
4596,0
4597,0
4598,0
4599,1022
4600,1022
4601,0
4602,0
4603,1022
4604,1022
4605,1022
4606,0
4607,0
4608,1022
4609,1022
4610,0
4611,0
4612,0
4613,1022
4614,1022
4615,0
4616,0
4617,1022
4618,1022
4619,1022
4620,0
4621,0
4622,1022
4623,1022
4624,0
4625,0
4626,0
4627,1021
4628,1022
4629,0
4630,0
4631,1022
4632,1022
4633,1021
4634,0
4635,0
4636,1021
4637,1022
4638,0
4639,0
4640,0
4641,1022
4642,1022
4643,0
4644,0
4645,1022
4646,1022
4647,1022
4648,0
4649,0
4650,1022
4651,1023
4652,0
4653,0
4654,0
4655,1022
4656,1022
4657,0
4658,0
4659,1022
4660,1022
4661,1022
4662,0
4663,0
4664,1022
4665,1022
4666,0
4667,0
4668,0
4669,1022
4670,1022
4671,0
4672,0
4673,1022
4674,1022
4675,1022
4676,0
4677,0
4678,1022
4679,1022
4680,0
4681,0
4682,0
4683,1022
4684,1022
4685,0
4686,0
4687,1022
4688,1022
4689,1022
4690,0
4691,0
4692,1022
4693,1022
4694,0
4695,0
4696,0
4697,1022
4698,1022
4699,0
4700,0
4701,1022
4702,1022
4703,1022
4704,0
4705,0
4706,1022
4707,1021
4708,0
4709,0
4710,0
4711,1022
4712,1021
4713,0
4714,0
4715,1021
4716,1022
4717,1021
4718,0
4719,0
4720,1022
4721,1022
4722,0
4723,0
4724,0
4725,1022
4726,1022
4727,0
4728,0
4729,1022
4730,1021
4731,1022
4732,0
4733,0
4734,1022
4735,1022
4736,0
4737,0
4738,0
4739,1022
4740,1022
4741,0
4742,0
4743,1022
4744,1022
4745,1022
4746,0
4747,0
4748,1022
4749,1021
4750,0
4751,0
4752,0
4753,1022
4754,1022
4755,0
4756,0
4757,1022
4758,1022
4759,1022
4760,0
4761,0
4762,1022
4763,1022
4764,0
4765,0
4766,0
4767,1022
4768,1022
4769,0
4770,0
4771,1022
4772,1022
4773,1022
4774,0
4775,0
4776,1022
4777,1022
4778,0
4779,0
4780,0
4781,1022
4782,1022
4783,0
4784,0
4785,1021
4786,1022
4787,1021
4788,0
4789,0
4790,1022
4791,1021
4792,0
4793,0
4794,0
4795,1022
4796,1022
4797,0
4798,0
4799,1022
4800,1022
4801,1022
4802,0
4803,0
4804,1022
4805,1022
4806,0
4807,0
4808,0
4809,1022
4810,1021
4811,0
4812,0
4813,1022
4814,1022
4815,1022
4816,0
4817,0
4818,1021
4819,1022
4820,0
4821,0
4822,0
4823,1022
4824,1022
4825,0
4826,0
4827,1022
4828,1022
4829,1022
4830,0
4831,0
4832,1022
4833,1022
4834,0
4835,0
4836,0
4837,1022
4838,1022
4839,0
4840,0
4841,1022
4842,1022
4843,1022
4844,0
4845,0
4846,1022
4847,1022
4848,0
4849,0
4850,0
4851,1022
4852,1021
4853,0
4854,0
4855,1022
4856,1022
4857,1022
4858,0
4859,0
4860,1022
4861,1021
4862,0
4863,0
4864,0
4865,1022
4866,1021
4867,0
4868,0
4869,1022
4870,1022
4871,1021
4872,0
4873,0
4874,1022
4875,1022
4876,0
4877,0
4878,0
4879,1022
4880,1022
4881,0
4882,0
4883,1022
4884,1023
4885,1021
4886,0
4887,0
4888,1021
4889,1022
4890,0
4891,0
4892,0
4893,1022
4894,1022
4895,0
4896,0
4897,1022
4898,1022
4899,1022
4900,0
4901,0
4902,1022
4903,1022
4904,0
4905,0
4906,0
4907,1022
4908,1022
4909,0
4910,0
4911,1022
4912,1022
4913,1022
4914,0
4915,0
4916,1022
4917,1022
4918,0
4919,0
4920,0
4921,1022
4922,1022
4923,0
4924,0
4925,1022
4926,1022
4927,1021
4928,0
4929,0
4930,1022
4931,1022
4932,0
4933,0
4934,0
4935,1022
4936,1022
4937,0
4938,0
4939,1022
4940,1022
4941,1022
4942,0
4943,0
4944,1021
4945,1021
4946,0
4947,0
4948,0
4949,1022
4950,1022
4951,0
4952,0
4953,1022
4954,1022
4955,1022
4956,0
4957,0
4958,1022
4959,1022
4960,0
4961,0
4962,0
4963,1022
4964,1022
4965,0
4966,0
4967,1022
4968,1022
4969,1022
4970,0
4971,0
4972,1022
4973,1021
4974,0
4975,0
4976,0
4977,1022
4978,1022
4979,0
4980,0
4981,1022
4982,1022
4983,1022
4984,0
4985,0
4986,1022
4987,1021
4988,0
4989,0
4990,0
4991,1022
4992,1022
4993,0
4994,0
4995,1022
4996,1022
4997,1022
4998,0
4999,0
5000,1022
5001,1022
5002,0
5003,0
5004,0
5005,1022
5006,1022
5007,0
5008,0
5009,1022
5010,1022
5011,1021
5012,0
5013,0
5014,1022
5015,1021
5016,0
5017,0
5018,0
5019,1022
5020,1022
5021,0
5022,0
5023,1022
5024,1021
5025,1021
5026,0
5027,0
5028,1022
5029,1022
5030,0
5031,0
5032,0
5033,1022
5034,1022
5035,0
5036,0
5037,1021
5038,1022
5039,1021
5040,0
5041,0
5042,1022
5043,1022
5044,0
5045,0
5046,0
5047,1022
5048,1022
5049,0
5050,0
5051,1022
5052,1022
5053,1022
5054,0
5055,0
5056,1022
5057,1022
5058,0
5059,0
5060,0
5061,1022
5062,1022
5063,0
5064,0
5065,1022
5066,1022
5067,1022
5068,0
5069,0
5070,1022
5071,1022
5072,0
5073,0
5074,0
5075,1022
5076,1022
5077,0
5078,0
5079,1022
5080,1022
5081,1022
5082,0
5083,0
5084,1021
5085,1022
5086,0
5087,0
5088,0
5089,1022
5090,1021
5091,0
5092,0
5093,1021
5094,1022
5095,1021
5096,0
5097,0
5098,1021
5099,1021
5100,0
5101,0
5102,0
5103,1022
5104,1022
5105,0
5106,0
5107,1022
5108,1022
5109,1022
5110,0
5111,0
5112,1022
5113,1022
5114,0
5115,0
5116,0
5117,1022
5118,1021
5119,0
5120,0
5121,1022
5122,1021
5123,1022
5124,0
5125,0
5126,1022
5127,1022
5128,0
5129,0
5130,0
5131,1022
5132,1022
5133,0
5134,0
5135,1021
5136,1022
5137,1021
5138,0
5139,0
5140,1022
5141,1022
5142,0
5143,0
5144,0
5145,1022
5146,1022
5147,0
5148,0
5149,1022
5150,1022
5151,1021
5152,0
5153,0
5154,1022
5155,1022
5156,0
5157,0
5158,0
5159,1022
5160,1021
5161,0
5162,0
5163,1022
5164,1022
5165,1021
5166,0
5167,0
5168,1022
5169,1022
5170,0
5171,0
5172,0
5173,1022
5174,1022
5175,0
5176,0
5177,1021
5178,1022
5179,1021
5180,0
5181,0
5182,1022
5183,1022
5184,0
5185,0
5186,0
5187,1022
5188,1022
5189,0
5190,0
5191,1022
5192,1022
5193,1022
5194,0
5195,0
5196,1021
5197,1022
5198,0
5199,0
5200,0
5201,1022
5202,1022
5203,0
5204,0
5205,1022
5206,1022
5207,1021
5208,0
5209,0
5210,1022
5211,1022
5212,0
5213,0
5214,0
5215,1022
5216,1022
5217,0
5218,0
5219,1022
5220,1022
5221,1022
5222,0
5223,0
5224,1022
5225,1022
5226,0
5227,0
5228,0
5229,1022
5230,1022
5231,0
5232,0
5233,1022
5234,1022
5235,1022
5236,0
5237,0
5238,1022
5239,1022
5240,0
5241,0
5242,0
5243,1022
5244,1022
5245,0
5246,0
5247,1021
5248,1022
5249,1022
5250,0
5251,0
5252,1023
5253,1022
5254,0
5255,0
5256,0
5257,1022
5258,1022
5259,0
5260,0
5261,1022
5262,1022
5263,1022
5264,0
5265,0
5266,1022
5267,1022
5268,0
5269,0
5270,0
5271,1022
5272,1022
5273,0
5274,0
5275,1022
5276,1022
5277,1021
5278,0
5279,0
5280,1022
5281,1022
5282,0
5283,0
5284,0
5285,1022
5286,1022
5287,0
5288,0
5289,1022
5290,1021
5291,1021
5292,0
5293,0
5294,1022
5295,1022
5296,0
5297,0
5298,0
5299,1022
5300,1022
5301,0
5302,0
5303,1022
5304,1022
5305,1022
5306,0
5307,0
5308,1022
5309,1022
5310,0
5311,0
5312,0
5313,1023
5314,1022
5315,0
5316,0
5317,1022
5318,1022
5319,1022
5320,0
5321,0
5322,1021
5323,1022
5324,0
5325,0
5326,0
5327,1022
5328,1022
5329,0
5330,0
5331,1022
5332,1022
5333,1022
5334,0
5335,0
5336,1022
5337,1022
5338,0
5339,0
5340,0
5341,1022
5342,1022
5343,0
5344,0
5345,1022
5346,1021
5347,1021
5348,0
5349,0
5350,1022
5351,1022
5352,0
5353,0
5354,0
5355,1022
5356,1022
5357,0
5358,0
5359,1022
5360,1022
5361,1022
5362,0
5363,0
5364,1022
5365,1022
5366,0
5367,0
5368,0
5369,1022
5370,1022
5371,0
5372,0
5373,1022
5374,1022
5375,1022
5376,0
5377,0
5378,1022
5379,1022
5380,0
5381,0
5382,0
5383,1022
5384,1022
5385,0
5386,0
5387,1021
5388,1022
5389,1022
5390,0
5391,0
5392,1022
5393,1022
5394,0
5395,0
5396,0
5397,1022
5398,1022
5399,0
5400,0
5401,1022
5402,1022
5403,1021
5404,0
5405,0
5406,1022
5407,1022
5408,0
5409,0
5410,0
5411,1022
5412,1022
5413,0
5414,0
5415,1022
5416,1022
5417,1022
5418,0
5419,0
5420,1022
5421,1021
5422,0
5423,0
5424,0
5425,1022
5426,1021
5427,0
5428,0
5429,1022
5430,1022
5431,1022
5432,0
5433,0
5434,1022
5435,1022
5436,0
5437,0
5438,0
5439,1022
5440,1022
5441,0
5442,0
5443,1022
5444,1022
5445,1022
5446,0
5447,0
5448,1022
5449,1022
5450,0
5451,0
5452,0
5453,1022
5454,1022
5455,0
5456,0
5457,1022
5458,1021
5459,1022
5460,0
5461,0
5462,1022
5463,1022
5464,0
5465,0
5466,0
5467,1022
5468,1022
5469,0
5470,0
5471,1022
5472,1022
5473,1022
5474,0
5475,0
5476,1022
5477,1022
5478,0
5479,0
5480,0
5481,1021
5482,1022
5483,0
5484,0
5485,1022
5486,1022
5487,1021
5488,0
5489,0
5490,1022
5491,1022
5492,0
5493,0
5494,0
5495,1022
5496,1022
5497,0
5498,0
5499,1022
5500,1021
5501,1022
5502,0
5503,0
5504,1022
5505,1021
5506,0
5507,0
5508,0
5509,1022
5510,1022
5511,0
5512,0
5513,1022
5514,1022
5515,1022
5516,0
5517,0
5518,1022
5519,1022
5520,0
5521,0
5522,0
5523,1022
5524,1022
5525,0
5526,0
5527,1022
5528,1022
5529,1022
5530,0
5531,0
5532,1022
5533,1022
5534,0
5535,0
5536,0
5537,1022
5538,1022
5539,0
5540,0
5541,1022
5542,1022
5543,1022
5544,0
5545,0
5546,1022
5547,1022
5548,0
5549,0
5550,0
5551,1022
5552,1022
5553,0
5554,0
5555,1021
5556,1022
5557,1021
5558,0
5559,0
5560,1021
5561,1022
5562,0
5563,0
5564,0
5565,1022
5566,1021
5567,0
5568,0
5569,1022
5570,1022
5571,1022
5572,0
5573,0
5574,1022
5575,1022
5576,0
5577,0
5578,0
5579,1022
5580,1022
5581,0
5582,0
5583,1022
5584,1022
5585,1021
5586,0
5587,0
5588,1022
5589,1022
5590,0
5591,0
5592,0
5593,1022
5594,1022
5595,0
5596,0
5597,1022
5598,1022
5599,1021
5600,0
5601,0
5602,1022
5603,1022
5604,0
5605,0
5606,0
5607,1022
5608,1022
5609,0
5610,0
5611,1022
5612,1022
5613,1022
5614,0
5615,0
5616,1022
5617,1022
5618,0
5619,0
5620,0
5621,1022
5622,1022
5623,0
5624,0
5625,1022
5626,1022
5627,1022
5628,0
5629,0
5630,1021
5631,1021
5632,0
5633,0
5634,0
5635,1022
5636,1021
5637,0
5638,0
5639,1022
5640,1022
5641,1022
5642,0
5643,0
5644,1021
5645,1022
5646,0
5647,0
5648,0
5649,1022
5650,1022
5651,0
5652,0
5653,1022
5654,1022
5655,1022
5656,0
5657,0
5658,1022
5659,1022
5660,0
5661,0
5662,0
5663,1022
5664,1021
5665,0
5666,0
5667,1022
5668,1022
5669,1021
5670,0
5671,0
5672,1022
5673,1022
5674,0
5675,0
5676,0
5677,1022
5678,1022
5679,0
5680,0
5681,1022
5682,1022
5683,1022
5684,0
5685,0
5686,1022
5687,1022
5688,0
5689,0
5690,0
5691,1022
5692,1021
5693,0
5694,0
5695,1022
5696,1022
5697,1022
5698,0
5699,0
5700,1022
5701,1022
5702,0
5703,0
5704,0
5705,1022
5706,1022
5707,0
5708,0
5709,1022
5710,1022
5711,1023
5712,0
5713,0
5714,1022
5715,1021
5716,0
5717,0
5718,0
5719,1022
5720,1022
5721,0
5722,0
5723,1022
5724,1022
5725,1021
5726,0
5727,0
5728,1022
5729,1022
5730,0
5731,0
5732,0
5733,1022
5734,1021
5735,0
5736,0
5737,1022
5738,1021
5739,1022
5740,0
5741,0
5742,1022
5743,1022
5744,0
5745,0
5746,0
5747,1022
5748,1022
5749,0
5750,0
5751,1022
5752,1022
5753,1021
5754,0
5755,0
5756,1022
5757,1022
5758,0
5759,0
5760,0
5761,1022
5762,1022
5763,0
5764,0
5765,1022
5766,1022
5767,1022
5768,0
5769,0
5770,1022
5771,1022
5772,0
5773,0
5774,0
5775,1023
5776,1022
5777,0
5778,0
5779,1022
5780,1022
5781,1022
5782,0
5783,0
5784,1022
5785,1021
5786,0
5787,0
5788,0
5789,1021
5790,1022
5791,0
5792,0
5793,1021
5794,1021
5795,1021
5796,0
5797,0
5798,1022
5799,1022
5800,0
5801,0
5802,0
5803,1022
5804,1022
5805,0
5806,0
5807,1022
5808,1022
5809,1022
5810,0
5811,0
5812,1021
5813,1022
5814,0
5815,0
5816,0
5817,1022
5818,1022
5819,0
5820,0
5821,1022
5822,1022
5823,1022
5824,0
5825,0
5826,1022
5827,1022
5828,0
5829,0
5830,0
5831,1022
5832,1021
5833,0
5834,0
5835,1023
5836,1022
5837,1022
5838,0
5839,0
5840,1022
5841,1022
5842,0
5843,0
5844,0
5845,1022
5846,1022
5847,0
5848,0
5849,1022
5850,1022
5851,1022
5852,0
5853,0
5854,1022
5855,1022
5856,0
5857,0
5858,0
5859,1022
5860,1022
5861,0
5862,0
5863,1021
5864,1022
5865,1021
5866,0
5867,0
5868,1021
5869,1022
5870,0
5871,0
5872,0
5873,1022
5874,1022
5875,0
5876,0
5877,1022
5878,1022
5879,1022
5880,0
5881,0
5882,1022
5883,1022
5884,0
5885,0
5886,0
5887,1022
5888,1021
5889,0
5890,0
5891,1022
5892,1022
5893,1022
5894,0
5895,0
5896,1022
5897,1021
5898,0
5899,0
5900,0
5901,1022
5902,1022
5903,0
5904,0
5905,1022
5906,1022
5907,1022
5908,0
5909,0
5910,1022
5911,1022
5912,0
5913,0
5914,0
5915,1022
5916,1022
5917,0
5918,0
5919,1022
5920,1022
5921,1021
5922,0
5923,0
5924,1022
5925,1022
5926,0
5927,0
5928,0
5929,1022
5930,1022
5931,0
5932,0
5933,1022
5934,1022
5935,1022
5936,0
5937,0
5938,1022
5939,1022
5940,0
5941,0
5942,0
5943,1021
5944,1021
5945,0
5946,0
5947,1022
5948,1022
5949,1021
5950,0
5951,0
5952,1022
5953,1022
5954,0
5955,0
5956,0
5957,1022
5958,1022
5959,0
5960,0
5961,1022
5962,1021
5963,1021
5964,0
5965,0
5966,1022
5967,1022
5968,0
5969,0
5970,0
5971,1022
5972,1022
5973,0
5974,0
5975,1022
5976,1022
5977,1022
5978,0
5979,0
5980,1022
5981,1022
5982,0
5983,0
5984,0
5985,1022
5986,1022
5987,0
5988,0
5989,1022
5990,1022
5991,1022
5992,0
5993,0
5994,1022
5995,1022
5996,0
5997,0
5998,0
5999,1022
6000,1022
6001,0
6002,0
6003,1022
6004,1022
6005,1022
6006,0
6007,0
6008,1022
6009,1022
6010,0
6011,0
6012,0
6013,1022
6014,1022
6015,0
6016,0
6017,1021
6018,1021
6019,1022
6020,0
6021,0
6022,1022
6023,1022
6024,0
6025,0
6026,0
6027,1022
6028,1022
6029,0
6030,0
6031,1022
6032,1022
6033,1021
6034,0
6035,0
6036,1022
6037,1022
6038,0
6039,0
6040,0
6041,1022
6042,1022
6043,0
6044,0
6045,1022
6046,1021
6047,1021
6048,0
6049,0
6050,1022
6051,1022
6052,0
6053,0
6054,0
6055,1022
6056,1022
6057,0
6058,0
6059,1022
6060,1021
6061,1021
6062,0
6063,0
6064,1022
6065,1022
6066,0
6067,0
6068,0
6069,1022
6070,1022
6071,0
6072,0
6073,1022
6074,1022
6075,1022
6076,0
6077,0
6078,1022
6079,1022
6080,0
6081,0
6082,0
6083,1022
6084,1022
6085,0
6086,0
6087,1022
6088,1022
6089,1022
6090,0
6091,0
6092,1022
6093,1022
6094,0
6095,0
6096,0
6097,1023
6098,1022
6099,0
6100,0
6101,1022
6102,1022
6103,1021
6104,0
6105,0
6106,1022
6107,1022
6108,0
6109,0
6110,0
6111,1022
6112,1022
6113,0
6114,0
6115,1022
6116,1022
6117,1022
6118,0
6119,0
6120,1021
6121,1022
6122,0
6123,0
6124,0
6125,1022
6126,1022
6127,0
6128,0
6129,1022
6130,1022
6131,1022
6132,0
6133,0
6134,1022
6135,1022
6136,0
6137,0
6138,0
6139,1022
6140,1022
6141,0
6142,0
6143,1021
6144,1022
6145,1022
6146,0
6147,0
6148,1022
6149,1022
6150,0
6151,0
6152,0
6153,1022
6154,1022
6155,0
6156,0
6157,1022
6158,1022
6159,1021
6160,0
6161,0
6162,1022
6163,1022
6164,0
6165,0
6166,0
6167,1022
6168,1022
6169,0
6170,0
6171,1022
6172,1022
6173,1022
6174,0
6175,0
6176,1022
6177,1022
6178,0
6179,0
6180,0
6181,1022
6182,1022
6183,0
6184,0
6185,1022
6186,1022
6187,1022
6188,0
6189,0
6190,1022
6191,1022
6192,0
6193,0
6194,0
6195,1022
6196,1022
6197,0
6198,0
6199,1022
6200,1023
6201,1022
6202,0
6203,0
6204,1022
6205,1022
6206,0
6207,0
6208,0
6209,1022
6210,1022
6211,0
6212,0
6213,1022
6214,1022
6215,1022
6216,0
6217,0
6218,1022
6219,1022
6220,0
6221,0
6222,0
6223,1022
6224,1022
6225,0
6226,0
6227,1022
6228,1022
6229,1022
6230,0
6231,0
6232,1022
6233,1022
6234,0
6235,0
6236,0
6237,1022
6238,1022
6239,0
6240,0
6241,1022
6242,1022
6243,1021
6244,0
6245,0
6246,1021
6247,1022
6248,0
6249,0
6250,0
6251,1022
6252,1022
6253,0
6254,0
6255,1022
6256,1022
6257,1022
6258,0
6259,0
6260,1021
6261,1021
6262,0
6263,0
6264,0
6265,1022
6266,1021
6267,0
6268,0
6269,1022
6270,1022
6271,1022
6272,0
6273,0
6274,1022
6275,1022
6276,0
6277,0
6278,0
6279,1022
6280,1022
6281,0
6282,0
6283,1022
6284,1022
6285,1022
6286,0
6287,0
6288,1022
6289,1022
6290,0
6291,0
6292,0
6293,1022
6294,1022
6295,0
6296,0
6297,1022
6298,1022
6299,1022
6300,0
6301,0
6302,1022
6303,1022
6304,0
6305,0
6306,0
6307,1022
6308,1022
6309,0
6310,0
6311,1022
6312,1022
6313,1021
6314,0
6315,0
6316,1021
6317,1022
6318,0
6319,0
6320,0
6321,1022
6322,1022
6323,0
6324,0
6325,1021
6326,1022
6327,1021
6328,0
6329,0
6330,1022
6331,1022
6332,0
6333,0
6334,0
6335,1022
6336,1021
6337,0
6338,0
6339,1022
6340,1022
6341,1022
6342,0
6343,0
6344,1022
6345,1022
6346,0
6347,0
6348,0
6349,1022
6350,1022
6351,0
6352,0
6353,1022
6354,1022
6355,1022
6356,0
6357,0
6358,1022
6359,1022
6360,0
6361,0
6362,0
6363,1022
6364,1022
6365,0
6366,0
6367,1022
6368,1022
6369,1021
6370,0
6371,0
6372,1022
6373,1022
6374,0
6375,0
6376,0
6377,1022
6378,1022
6379,0
6380,0
6381,1022
6382,1022
6383,1022
6384,0
6385,0
6386,1022
6387,1022
6388,0
6389,0
6390,0
6391,1022
6392,1021
6393,0
6394,0
6395,1022
6396,1022
6397,1022
6398,0
6399,0
6400,1022
6401,1022
6402,0
6403,0
6404,0
6405,1022
6406,1022
6407,0
6408,0
6409,1022
6410,1022
6411,1021
6412,0
6413,0
6414,1022
6415,1022
6416,0
6417,0
6418,0
6419,1022
6420,1022
6421,0
6422,0
6423,1022
6424,1022
6425,1022
6426,0
6427,0
6428,1022
6429,1022
6430,0
6431,0
6432,0
6433,1022
6434,1022
6435,0
6436,0
6437,1022
6438,1022
6439,1022
6440,0
6441,0
6442,1022
6443,1022
6444,0
6445,0
6446,0
6447,1022
6448,1021
6449,0
6450,0
6451,1022
6452,1022
6453,1022
6454,0
6455,0
6456,1022
6457,1022
6458,0
6459,0
6460,0
6461,1022
6462,1022
6463,0
6464,0
6465,1022
6466,1022
6467,1022
6468,0
6469,0
6470,1021
6471,1022
6472,0
6473,0
6474,0
6475,1022
6476,1022
6477,0
6478,0
6479,1022
6480,1021
6481,1021
6482,0
6483,0
6484,1022
6485,1022
6486,0
6487,0
6488,0
6489,1022
6490,1022
6491,0
6492,0
6493,1021
6494,1022
6495,1022
6496,0
6497,0
6498,1022
6499,1022
6500,0
6501,0
6502,0
6503,1022
6504,1022
6505,0
6506,0
6507,1022
6508,1022
6509,1021
6510,0
6511,0
6512,1022
6513,1022
6514,0
6515,0
6516,0
6517,1021
6518,1022
6519,0
6520,0
6521,1022
6522,1022
6523,1022
6524,0
6525,0
6526,1021
6527,1022
6528,0
6529,0
6530,0
6531,1022
6532,1022
6533,0
6534,0
6535,1022
6536,1022
6537,1022
6538,0
6539,0
6540,1022
6541,1022
6542,0
6543,0
6544,0
6545,1022
6546,1022
6547,0
6548,0
6549,1022
6550,1022
6551,1022
6552,0
6553,0
6554,1021
6555,1022
6556,0
6557,0
6558,0
6559,1022
6560,1022
6561,0
6562,0
6563,1021
6564,1022
6565,1022
6566,0
6567,0
6568,1022
6569,1022
6570,0
6571,0
6572,0
6573,1022
6574,1022
6575,0
6576,0
6577,1022
6578,1022
6579,1022
6580,0
6581,0
6582,1022
6583,1022
6584,0
6585,0
6586,0
6587,1022
6588,1021
6589,0
6590,0
6591,1022
6592,1022
6593,1021
6594,0
6595,0
6596,1022
6597,1022
6598,0
6599,0
6600,0
6601,1022
6602,1021
6603,0
6604,0
6605,1022
6606,1022
6607,1022
6608,0
6609,0
6610,1022
6611,1022
6612,0
6613,0
6614,0
6615,1022
6616,1022
6617,0
6618,0
6619,1022
6620,1022
6621,1022
6622,0
6623,0
6624,1021
6625,1022
6626,0
6627,0
6628,0
6629,1022
6630,1022
6631,0
6632,0
6633,1022
6634,1022
6635,1022
6636,0
6637,0
6638,1021
6639,1021
6640,0
6641,0
6642,0
6643,1022
6644,1022
6645,0
6646,0
6647,1022
6648,1021
6649,1022
6650,0
6651,0
6652,1022
6653,1022
6654,0
6655,0
6656,0
6657,1022
6658,1022
6659,0
6660,0
6661,1022
6662,1022
6663,1021
6664,0
6665,0
6666,1021
6667,1022
6668,0
6669,0
6670,0
6671,1022
6672,1022
6673,0
6674,0
6675,1022
6676,1022
6677,1021
6678,0
6679,0
6680,1022
6681,1022
6682,0
6683,0
6684,0
6685,1022
6686,1022
6687,0
6688,0
6689,1022
6690,1022
6691,1021
6692,0
6693,0
6694,1022
6695,1022
6696,0
6697,0
6698,0
6699,1022
6700,1022
6701,0
6702,0
6703,1022
6704,1022
6705,1022
6706,0
6707,0
6708,1022
6709,1022
6710,0
6711,0
6712,0
6713,1021
6714,1022
6715,0
6716,0
6717,1021
6718,1022
6719,1021
6720,0
6721,0
6722,1022
6723,1022
6724,0
6725,0
6726,0
6727,1022
6728,1022
6729,0
6730,0
6731,1022
6732,1022
6733,1022
6734,0
6735,0
6736,1022
6737,1022
6738,0
6739,0
6740,0
6741,1022
6742,1021
6743,0
6744,0
6745,1022
6746,1022
6747,1022
6748,0
6749,0
6750,1022
6751,1022
6752,0
6753,0
6754,0
6755,1022
6756,1022
6757,0
6758,0
6759,1022
6760,1022
6761,1022
6762,0
6763,0
6764,1022
6765,1021
6766,0
6767,0
6768,0
6769,1022
6770,1022
6771,0
6772,0
6773,1022
6774,1022
6775,1022
6776,0
6777,0
6778,1021
6779,1022
6780,0
6781,0
6782,0
6783,1022
6784,1022
6785,0
6786,0
6787,1022
6788,1022
6789,1022
6790,0
6791,0
6792,1022
6793,1022
6794,0
6795,0
6796,0
6797,1021
6798,1022
6799,0
6800,0
6801,1021
6802,1022
6803,1022
6804,0
6805,0
6806,1022
6807,1022
6808,0
6809,0
6810,0
6811,1022
6812,1022
6813,0
6814,0
6815,1022
6816,1022
6817,1022
6818,0
6819,0
6820,1021
6821,1022
6822,0
6823,0
6824,0
6825,1022
6826,1022
6827,0
6828,0
6829,1022
6830,1022
6831,1022
6832,0
6833,0
6834,1022
6835,1022
6836,0
6837,0
6838,0
6839,1022
6840,1022
6841,0
6842,0
6843,1022
6844,1022
6845,1022
6846,0
6847,0
6848,1022
6849,1022
6850,0
6851,0
6852,0
6853,1022
6854,1022
6855,0
6856,0
6857,1022
6858,1022
6859,1022
6860,0
6861,0
6862,1022
6863,1022
6864,0
6865,0
6866,0
6867,1022
6868,1022
6869,0
6870,0
6871,1022
6872,1022
6873,1022
6874,0
6875,0
6876,1022
6877,1022
6878,0
6879,0
6880,0
6881,1022
6882,1022
6883,0
6884,0
6885,1022
6886,1022
6887,1022
6888,0
6889,0
6890,1022
6891,1022
6892,0
6893,0
6894,0
6895,1022
6896,1021
6897,0
6898,0
6899,1021
6900,1021
6901,1022
6902,0
6903,0
6904,1022
6905,1021
6906,0
6907,0
6908,0
6909,1022
6910,1022
6911,0
6912,0
6913,1021
6914,1022
6915,1021
6916,0
6917,0
6918,1022
6919,1022
6920,0
6921,0
6922,0
6923,1022
6924,1022
6925,0
6926,0
6927,1022
6928,1022
6929,1021
6930,0
6931,0
6932,1022
6933,1022
6934,0
6935,0
6936,0
6937,1022
6938,1021
6939,0
6940,0
6941,1023
6942,1021
6943,1021
6944,0
6945,0
6946,1021
6947,1022
6948,0
6949,0
6950,0
6951,1022
6952,1022
6953,0
6954,0
6955,1022
6956,1022
6957,1022
6958,0
6959,0
6960,1022
6961,1022
6962,0
6963,0
6964,0
6965,1022
6966,1022
6967,0
6968,0
6969,1022
6970,1022
6971,1022
6972,0
6973,0
6974,1022
6975,1022
6976,0
6977,0
6978,0
6979,1022
6980,1022
6981,0
6982,0
6983,1022
6984,1022
6985,1022
6986,0
6987,0
6988,1022
6989,1022
6990,0
6991,0
6992,0
6993,1022
6994,1022
6995,0
6996,0
6997,1022
6998,1022
6999,1022
7000,0
7001,0
7002,1022
7003,1022
7004,0
7005,0
7006,0
7007,1022
7008,1021
7009,0
7010,0
7011,1022
7012,1022
7013,1022
7014,0
7015,0
7016,1023
7017,1022
7018,0
7019,0
7020,0
7021,1021
7022,1022
7023,0
7024,0
7025,1021
7026,1022
7027,1022
7028,0
7029,0
7030,1022
7031,1022
7032,0
7033,0
7034,0
7035,1022
7036,1022
7037,0
7038,0
7039,1022
7040,1022
7041,1022
7042,0
7043,0
7044,1022
7045,1022
7046,0
7047,0
7048,0
7049,1022
7050,1022
7051,0
7052,0
7053,1022
7054,1022
7055,1022
7056,0
7057,0
7058,1022
7059,1022
7060,0
7061,0
7062,0
7063,1021
7064,1022
7065,0
7066,0
7067,1022
7068,1022
7069,1022
7070,0
7071,0
7072,1022
7073,1022
7074,0
7075,0
7076,0
7077,1021
7078,1022
7079,0
7080,0
7081,1022
7082,1022
7083,1022
7084,0
7085,0
7086,1022
7087,1022
7088,0
7089,0
7090,0
7091,1023
7092,1022
7093,0
7094,0
7095,1022
7096,1022
7097,1022
7098,0
7099,0
7100,1021
7101,1022
7102,0
7103,0
7104,0
7105,1021
7106,1022
7107,0
7108,0
7109,1023
7110,1022
7111,1021
7112,0
7113,0
7114,1022
7115,1021
7116,0
7117,0
7118,0
7119,1022
7120,1022
7121,0
7122,0
7123,1022
7124,1021
7125,1022
7126,0
7127,0
7128,1022
7129,1022
7130,0
7131,0
7132,0
7133,1022
7134,1022
7135,0
7136,0
7137,1022
7138,1022
7139,1022
7140,0
7141,0
7142,1022
7143,1022
7144,0
7145,0
7146,0
7147,1022
7148,1022
7149,0
7150,0
7151,1022
7152,1022
7153,1022
7154,0
7155,0
7156,1022
7157,1022
7158,0
7159,0
7160,0
7161,1022
7162,1022
7163,0
7164,0
7165,1022
7166,1022
7167,1021
7168,0
7169,0
7170,1022
7171,1022
7172,0
7173,0
7174,0
7175,1022
7176,1022
7177,0
7178,0
7179,1022
7180,1022
7181,1022
7182,0
7183,0
7184,1022
7185,1022
7186,0
7187,0
7188,0
7189,1022
7190,1022
7191,0
7192,0
7193,1022
7194,1022
7195,1021
7196,0
7197,0
7198,1022
7199,1022
7200,0
7201,0
7202,0
7203,1022
7204,1021
7205,0
7206,0
7207,1022
7208,1022
7209,1022
7210,0
7211,0
7212,1021
7213,1022
7214,0
7215,0
7216,0
7217,1022
7218,1022
7219,0
7220,0
7221,1022
7222,1022
7223,1022
7224,0
7225,0
7226,1022
7227,1022
7228,0
7229,0
7230,0
7231,1022
7232,1022
7233,0
7234,0
7235,1022
7236,1022
7237,1021
7238,0
7239,0
7240,1022
7241,1022
7242,0
7243,0
7244,0
7245,1021
7246,1022
7247,0
7248,0
7249,1022
7250,1022
7251,1021
7252,0
7253,0
7254,1021
7255,1022
7256,0
7257,0
7258,0
7259,1022
7260,1021
7261,0
7262,0
7263,1022
7264,1022
7265,1022
7266,0
7267,0
7268,1022
7269,1022
7270,0
7271,0
7272,0
7273,1022
7274,1022
7275,0
7276,0
7277,1022
7278,1022
7279,1022
7280,0
7281,0
7282,1022
7283,1022
7284,0
7285,0
7286,0
7287,1022
7288,1022
7289,0
7290,0
7291,1022
7292,1022
7293,1021
7294,0
7295,0
7296,1022
7297,1022
7298,0
7299,0
7300,0
7301,1022
7302,1022
7303,0
7304,0
7305,1022
7306,1022
7307,1022
7308,0
7309,0
7310,1022
7311,1022
7312,0
7313,0
7314,0
7315,1022
7316,1022
7317,0
7318,0
7319,1022
7320,1022
7321,1022
7322,0
7323,0
7324,1022
7325,1022
7326,0
7327,0
7328,0
7329,1021
7330,1021
7331,0
7332,0
7333,1021
7334,1022
7335,1022
7336,0
7337,0
7338,1022
7339,1022
7340,0
7341,0
7342,0
7343,1021
7344,1022
7345,0
7346,0
7347,1022
7348,1022
7349,1022
7350,0
7351,0
7352,1021
7353,1022
7354,0
7355,0
7356,0
7357,1022
7358,1022
7359,0
7360,0
7361,1022
7362,1022
7363,1022
7364,0
7365,0
7366,1021
7367,1022
7368,0
7369,0
7370,0
7371,1021
7372,1022
7373,0
7374,0
7375,1022
7376,1022
7377,1022
7378,0
7379,0
7380,1022
7381,1022
7382,0
7383,0
7384,0
7385,1022
7386,1022
7387,0
7388,0
7389,1022
7390,1022
7391,1022
7392,0
7393,0
7394,1022
7395,1022
7396,0
7397,0
7398,0
7399,1022
7400,1022
7401,0
7402,0
7403,1022
7404,1023
7405,1022
7406,0
7407,0
7408,1022
7409,1021
7410,0
7411,0
7412,0
7413,1022
7414,1022
7415,0
7416,0
7417,1021
7418,1022
7419,1021
7420,0
7421,0
7422,1022
7423,1022
7424,0
7425,0
7426,0
7427,1021
7428,1022
7429,0
7430,0
7431,1022
7432,1021
7433,1022
7434,0
7435,0
7436,1022
7437,1022
7438,0
7439,0
7440,0
7441,1022
7442,1022
7443,0
7444,0
7445,1022
7446,1022
7447,1021
7448,0
7449,0
7450,1022
7451,1022
7452,0
7453,0
7454,0
7455,1022
7456,1022
7457,0
7458,0
7459,1022
7460,1022
7461,1022
7462,0
7463,0
7464,1022
7465,1022
7466,0
7467,0
7468,0
7469,1022
7470,1022
7471,0
7472,0
7473,1022
7474,1022
7475,1022
7476,0
7477,0
7478,1021
7479,1021
7480,0
7481,0
7482,0
7483,1022
7484,1021
7485,0
7486,0
7487,1022
7488,1022
7489,1021
7490,0
7491,0
7492,1022
7493,1022
7494,0
7495,0
7496,0
7497,1022
7498,1022
7499,0
7500,0
7501,1022
7502,1021
7503,1022
7504,0
7505,0
7506,1022
7507,1022
7508,0
7509,0
7510,0
7511,1022
7512,1022
7513,0
7514,0
7515,1022
7516,1022
7517,1021
7518,0
7519,0
7520,1022
7521,1022
7522,0
7523,0
7524,0
7525,1022
7526,1022
7527,0
7528,0
7529,1021
7530,1022
7531,1021
7532,0
7533,0
7534,1022
7535,1022
7536,0
7537,0
7538,0
7539,1022
7540,1022
7541,0
7542,0
7543,1022
7544,1022
7545,1022
7546,0
7547,0
7548,1021
7549,1022
7550,0
7551,0
7552,0
7553,1022
7554,1022
7555,0
7556,0
7557,1022
7558,1022
7559,1022
7560,0
7561,0
7562,1021
7563,1021
7564,0
7565,0
7566,0
7567,1021
7568,1022
7569,0
7570,0
7571,1022
7572,1022
7573,1022
7574,0
7575,0
7576,1022
7577,1022
7578,0
7579,0
7580,0
7581,1022
7582,1022
7583,0
7584,0
7585,1022
7586,1021
7587,1022
7588,0
7589,0
7590,1022
7591,1022
7592,0
7593,0
7594,0
7595,1022
7596,1022
7597,0
7598,0
7599,1022
7600,1022
7601,1021
7602,0
7603,0
7604,1022
7605,1022
7606,0
7607,0
7608,0
7609,1022
7610,1022
7611,0
7612,0
7613,1021
7614,1022
7615,1022
7616,0
7617,0
7618,1022
7619,1022
7620,0
7621,0
7622,0
7623,1022
7624,1022
7625,0
7626,0
7627,1022
7628,1022
7629,1022
7630,0
7631,0
7632,1022
7633,1022
7634,0
7635,0
7636,0
7637,1021
7638,1022
7639,0
7640,0
7641,1022
7642,1022
7643,1022
7644,0
7645,0
7646,1022
7647,1022
7648,0
7649,0
7650,0
7651,1022
7652,1022
7653,0
7654,0
7655,1022
7656,1022
7657,1022
7658,0
7659,0
7660,1022
7661,1022
7662,0
7663,0
7664,0
7665,1022
7666,1022
7667,0
7668,0
7669,1022
7670,1022
7671,1022
7672,0
7673,0
7674,1022
7675,1021
7676,0
7677,0
7678,0
7679,1022
7680,1022
7681,0
7682,0
7683,1022
7684,1022
7685,1022
7686,0
7687,0
7688,1022
7689,1022
7690,0
7691,0
7692,0
7693,1022
7694,1022
7695,0
7696,0
7697,1022
7698,1022
7699,1021
7700,0
7701,0
7702,1021
7703,1022
7704,0
7705,0
7706,0
7707,1022
7708,1022
7709,0
7710,0
7711,1021
7712,1022
7713,1021
7714,0
7715,0
7716,1022
7717,1022
7718,0
7719,0
7720,0
7721,1021
7722,1022
7723,0
7724,0
7725,1021
7726,1021
7727,1022
7728,0
7729,0
7730,1021
7731,1022
7732,0
7733,0
7734,0
7735,1022
7736,1022
7737,0
7738,0
7739,1022
7740,1022
7741,1022
7742,0
7743,0
7744,1022
7745,1022
7746,0
7747,0
7748,0
7749,1022
7750,1022
7751,0
7752,0
7753,1022
7754,1022
7755,1022
7756,0
7757,0
7758,1022
7759,1022
7760,0
7761,0
7762,0
7763,1022
7764,1022
7765,0
7766,0
7767,1022
7768,1022
7769,1021
7770,0
7771,0
7772,1022
7773,1022
7774,0
7775,0
7776,0
7777,1022
7778,1022
7779,0
7780,0
7781,1022
7782,1022
7783,1022
7784,0
7785,0
7786,1022
7787,1022
7788,0
7789,0
7790,0
7791,1022
7792,1022
7793,0
7794,0
7795,1021
7796,1022
7797,1022
7798,0
7799,0
7800,1022
7801,1021
7802,0
7803,0
7804,0
7805,1022
7806,1021
7807,0
7808,0
7809,1022
7810,1022
7811,1021
7812,0
7813,0
7814,1022
7815,1022
7816,0
7817,0
7818,0
7819,1022
7820,1022
7821,0
7822,0
7823,1022
7824,1022
7825,1022
7826,0
7827,0
7828,1022
7829,1022
7830,0
7831,0
7832,0
7833,1022
7834,1022
7835,0
7836,0
7837,1022
7838,1022
7839,1022
7840,0
7841,0
7842,1022
7843,1022
7844,0
7845,0
7846,0
7847,1022
7848,1022
7849,0
7850,0
7851,1022
7852,1022
7853,1022
7854,0
7855,0
7856,1022
7857,1021
7858,0
7859,0
7860,0
7861,1022
7862,1022
7863,0
7864,0
7865,1022
7866,1022
7867,1022
7868,0
7869,0
7870,1022
7871,1021
7872,0
7873,0
7874,0
7875,1021
7876,1022
7877,0
7878,0
7879,1022
7880,1022
7881,1021
7882,0
7883,0
7884,1022
7885,1022
7886,0
7887,0
7888,0
7889,1022
7890,1022
7891,0
7892,0
7893,1022
7894,1022
7895,1022
7896,0
7897,0
7898,1022
7899,1021
7900,0
7901,0
7902,0
7903,1022
7904,1022
7905,0
7906,0
7907,1022
7908,1021
7909,1022
7910,0
7911,0
7912,1022
7913,1022
7914,0
7915,0
7916,0
7917,1022
7918,1022
7919,0
7920,0
7921,1022
7922,1022
7923,1022
7924,0
7925,0
7926,1022
7927,1022
7928,0
7929,0
7930,0
7931,1022
7932,1021
7933,0
7934,0
7935,1022
7936,1022
7937,1022
7938,0
7939,0
7940,1021
7941,1022
7942,0
7943,0
7944,0
7945,1022
7946,1021
7947,0
7948,0
7949,1022
7950,1022
7951,1021
7952,0
7953,0
7954,1021
7955,1021
7956,0
7957,0
7958,0
7959,1022
7960,1022
7961,0
7962,0
7963,1022
7964,1022
7965,1022
7966,0
7967,0
7968,1022
7969,1022
7970,0
7971,0
7972,0
7973,1022
7974,1022
7975,0
7976,0
7977,1022
7978,1021
7979,1022
7980,0
7981,0
7982,1022
7983,1022
7984,0
7985,0
7986,0
7987,1022
7988,1022
7989,0
7990,0
7991,1022
7992,1022
7993,1021
7994,0
7995,0
7996,1022
7997,1021
7998,0
7999,0
8000,0
8001,1021
8002,1022
8003,0
8004,0
8005,1022
8006,1022
8007,1022
8008,0
8009,0
8010,1022
8011,1022
8012,0
8013,0
8014,0
8015,1022
8016,1022
8017,0
8018,0
8019,1022
8020,1022
8021,1022
8022,0
8023,0
8024,1021
8025,1022
8026,0
8027,0
8028,0
8029,1022
8030,1022
8031,0
8032,0
8033,1022
8034,1022
8035,1021
8036,0
8037,0
8038,1021
8039,1022
8040,0
8041,0
8042,0
8043,1022
8044,1022
8045,0
8046,0
8047,1022
8048,1023
8049,1022
8050,0
8051,0
8052,1022
8053,1022
8054,0
8055,0
8056,0
8057,1022
8058,1022
8059,0
8060,0
8061,1022
8062,1022
8063,1022
8064,0
8065,0
8066,1022
8067,1022
8068,0
8069,0
8070,0
8071,1021
8072,1022
8073,0
8074,0
8075,1022
8076,1022
8077,1022
8078,0
8079,0
8080,1022
8081,1022
8082,0
8083,0
8084,0
8085,1021
8086,1022
8087,0
8088,0
8089,1022
8090,1022
8091,1022
8092,0
8093,0
8094,1022
8095,1022
8096,0
8097,0
8098,0
8099,1021
8100,1022
8101,0
8102,0
8103,1021
8104,1022
8105,1022
8106,0
8107,0
8108,1022
8109,1022
8110,0
8111,0
8112,0
8113,1021
8114,1022
8115,0
8116,0
8117,1021
8118,1022
8119,1022
8120,0
8121,0
8122,1022
8123,1022
8124,0
8125,0
8126,0
8127,1022
8128,1022
8129,0
8130,0
8131,1022
8132,1022
8133,1022
8134,0
8135,0
8136,1022
8137,1022
8138,0
8139,0
8140,0
8141,1022
8142,1022
8143,0
8144,0
8145,1022
8146,1022
8147,1022
8148,0
8149,0
8150,1022
8151,1022
8152,0
8153,0
8154,0
8155,1022
8156,1022
8157,0
8158,0
8159,1022
8160,1022
8161,1022
8162,0
8163,0
8164,1022
8165,1022
8166,0
8167,0
8168,0
8169,1021
8170,1022
8171,0
8172,0
8173,1022
8174,1022
8175,1022
8176,0
8177,0
8178,1022
8179,1021
8180,0
8181,0
8182,0
8183,1022
8184,1022
8185,0
8186,0
8187,1022
8188,1022
8189,1022
8190,0
8191,0
8192,1022
8193,1021
8194,0
8195,0
8196,0
8197,1022
8198,1022
8199,0
8200,0
8201,1022
8202,1022
8203,1021
8204,0
8205,0
8206,1022
8207,1022
8208,0
8209,0
8210,0
8211,1022
8212,1022
8213,0
8214,0
8215,1022
8216,1022
8217,1022
8218,0
8219,0
8220,1022
8221,1021
8222,0
8223,0
8224,0
8225,1022
8226,1022
8227,0
8228,0
8229,1022
8230,1022
8231,1022
8232,0
8233,0
8234,1022
8235,1022
8236,0
8237,0
8238,0
8239,1022
8240,1022
8241,0
8242,0
8243,1022
8244,1022
8245,1022
8246,0
8247,0
8248,1022
8249,1022
8250,0
8251,0
8252,0
8253,1022
8254,1022
8255,0
8256,0
8257,1022
8258,1021
8259,1022
8260,0
8261,0
8262,1021
8263,1021
8264,0
8265,0
8266,0
8267,1022
8268,1022
8269,0
8270,0
8271,1022
8272,1022
8273,1022
8274,0
8275,0
8276,1022
8277,1021
8278,0
8279,0
8280,0
8281,1022
8282,1022
8283,0
8284,0
8285,1022
8286,1022
8287,1022
8288,0
8289,0
8290,1022
8291,1022
8292,0
8293,0
8294,0
8295,1022
8296,1022
8297,0
8298,0
8299,1022
8300,1021
8301,1021
8302,0
8303,0
8304,1022
8305,1022
8306,0
8307,0
8308,0
8309,1022
8310,1022
8311,0
8312,0
8313,1022
8314,1022
8315,1022
8316,0
8317,0
8318,1022
8319,1022
8320,0
8321,0
8322,0
8323,1022
8324,1022
8325,0
8326,0
8327,1022
8328,1022
8329,1022
8330,0
8331,0
8332,1022
8333,1021
8334,0
8335,0
8336,0
8337,1022
8338,1022
8339,0
8340,0
8341,1021
8342,1022
8343,1022
8344,0
8345,0
8346,1021
8347,1022
8348,0
8349,0
8350,0
8351,1022
8352,1022
8353,0
8354,0
8355,1022
8356,1021
8357,1022
8358,0
8359,0
8360,1021
8361,1022
8362,0
8363,0
8364,0
8365,1022
8366,1022
8367,0
8368,0
8369,1022
8370,1022
8371,1022
8372,0
8373,0
8374,1022
8375,1022
8376,0
8377,0
8378,0
8379,1022
8380,1022
8381,0
8382,0
8383,1022
8384,1022
8385,1022
8386,0
8387,0
8388,1022
8389,1022
8390,0
8391,0
8392,0
8393,1022
8394,1022
8395,0
8396,0
8397,1022
8398,1022
8399,1022
8400,0
8401,0
8402,1022
8403,1022
8404,0
8405,0
8406,0
8407,1023
8408,1022
8409,0
8410,0
8411,1021
8412,1022
8413,1022
8414,0
8415,0
8416,1021
8417,1022
8418,0
8419,0
8420,0
8421,1022
8422,1022
8423,0
8424,0
8425,1022
8426,1022
8427,1022
8428,0
8429,0
8430,1022
8431,1022
8432,0
8433,0
8434,0
8435,1022
8436,1021
8437,0
8438,0
8439,1022
8440,1021
8441,1021
8442,0
8443,0
8444,1022
8445,1022
8446,0
8447,0
8448,0
8449,1022
8450,1022
8451,0
8452,0
8453,1022
8454,1022
8455,1022
8456,0
8457,0
8458,1022
8459,1022
8460,0
8461,0
8462,0
8463,1022
8464,1022
8465,0
8466,0
8467,1022
8468,1022
8469,1022
8470,0
8471,0
8472,1022
8473,1022
8474,0
8475,0
8476,0
8477,1022
8478,1022
8479,0
8480,0
8481,1022
8482,1022
8483,1022
8484,0
8485,0
8486,1021
8487,1022
8488,0
8489,0
8490,0
8491,1022
8492,1021
8493,0
8494,0
8495,1022
8496,1021
8497,1022
8498,0
8499,0
8500,1022
8501,1022
8502,0
8503,0
8504,0
8505,1022
8506,1022
8507,0
8508,0
8509,1022
8510,1022
8511,1022
8512,0
8513,0
8514,1022
8515,1022
8516,0
8517,0
8518,0
8519,1022
8520,1022
8521,0
8522,0
8523,1022
8524,1022
8525,1022
8526,0
8527,0
8528,1022
8529,1022
8530,0
8531,0
8532,0
8533,1022
8534,1022
8535,0
8536,0
8537,1022
8538,1022
8539,1022
8540,0
8541,0
8542,1022
8543,1021
8544,0
8545,0
8546,0
8547,1022
8548,1022
8549,0
8550,0
8551,1022
8552,1022
8553,1021
8554,0
8555,0
8556,1022
8557,1022
8558,0
8559,0
8560,0
8561,1022
8562,1022
8563,0
8564,0
8565,1021
8566,1022
8567,1022
8568,0
8569,0
8570,1021
8571,1022
8572,0
8573,0
8574,0
8575,1022
8576,1022
8577,0
8578,0
8579,1022
8580,1021
8581,1022
8582,0
8583,0
8584,1022
8585,1021
8586,0
8587,0
8588,0
8589,1022
8590,1021
8591,0
8592,0
8593,1022
8594,1022
8595,1022
8596,0
8597,0
8598,1022
8599,1022
8600,0
8601,0
8602,0
8603,1022
8604,1021
8605,0
8606,0
8607,1022
8608,1022
8609,1022
8610,0
8611,0
8612,1022
8613,1022
8614,0
8615,0
8616,0
8617,1022
8618,1022
8619,0
8620,0
8621,1022
8622,1022
8623,1022
8624,0
8625,0
8626,1022
8627,1022
8628,0
8629,0
8630,0
8631,1022
8632,1022
8633,0
8634,0
8635,1022
8636,1022
8637,1021
8638,0
8639,0
8640,1022
8641,1021
8642,0
8643,0
8644,0
8645,1021
8646,1022
8647,0
8648,0
8649,1021
8650,1022
8651,1021
8652,0
8653,0
8654,1022
8655,1021
8656,0
8657,0
8658,0
8659,1022
8660,1022
8661,0
8662,0
8663,1022
8664,1022
8665,1022
8666,0
8667,0
8668,1022
8669,1022
8670,0
8671,0
8672,0
8673,1022
8674,1021
8675,0
8676,0
8677,1022
8678,1022
8679,1021
8680,0
8681,0
8682,1022
8683,1022
8684,0
8685,0
8686,0
8687,1022
8688,1022
8689,0
8690,0
8691,1022
8692,1021
8693,1022
8694,0
8695,0
8696,1022
8697,1022
8698,0
8699,0
8700,0
8701,1022
8702,1022
8703,0
8704,0
8705,1022
8706,1022
8707,1022
8708,0
8709,0
8710,1022
8711,1021
8712,0
8713,0
8714,0
8715,1022
8716,1022
8717,0
8718,0
8719,1022
8720,1022
8721,1021
8722,0
8723,0
8724,1022
8725,1021
8726,0
8727,0
8728,0
8729,1022
8730,1022
8731,0
8732,0
8733,1022
8734,1022
8735,1022
8736,0
8737,0
8738,1022
8739,1022
8740,0
8741,0
8742,0
8743,1022
8744,1023
8745,0
8746,0
8747,1022
8748,1021
8749,1022
8750,0
8751,0
8752,1022
8753,1022
8754,0
8755,0
8756,0
8757,1022
8758,1022
8759,0
8760,0
8761,1022
8762,1022
8763,1022
8764,0
8765,0
8766,1022
8767,1022
8768,0
8769,0
8770,0
8771,1022
8772,1022
8773,0
8774,0
8775,1022
8776,1022
8777,1022
8778,0
8779,0
8780,1022
8781,1022
8782,0
8783,0
8784,0
8785,1021
8786,1022
8787,0
8788,0
8789,1022
8790,1022
8791,1022
8792,0
8793,0
8794,1022
8795,1022
8796,0
8797,0
8798,0
8799,1021
8800,1021
8801,0
8802,0
8803,1022
8804,1022
8805,1022
8806,0
8807,0
8808,1022
8809,1022
8810,0
8811,0
8812,0
8813,1022
8814,1022
8815,0
8816,0
8817,1022
8818,1021
8819,1021
8820,0
8821,0
8822,1022
8823,1022
8824,0
8825,0
8826,0
8827,1022
8828,1022
8829,0
8830,0
8831,1022
8832,1022
8833,1022
8834,0
8835,0
8836,1022
8837,1022
8838,0
8839,0
8840,0
8841,1022
8842,1022
8843,0
8844,0
8845,1022
8846,1022
8847,1022
8848,0
8849,0
8850,1022
8851,1022
8852,0
8853,0
8854,0
8855,1022
8856,1022
8857,0
8858,0
8859,1021
8860,1022
8861,1022
8862,0
8863,0
8864,1022
8865,1022
8866,0
8867,0
8868,0
8869,1022
8870,1022
8871,0
8872,0
8873,1021
8874,1022
8875,1022
8876,0
8877,0
8878,1021
8879,1022
8880,0
8881,0
8882,0
8883,1022
8884,1022
8885,0
8886,0
8887,1022
8888,1022
8889,1022
8890,0
8891,0
8892,1022
8893,1022
8894,0
8895,0
8896,0
8897,1022
8898,1021
8899,0
8900,0
8901,1022
8902,1022
8903,1022
8904,0
8905,0
8906,1022
8907,1022
8908,0
8909,0
8910,0
8911,1022
8912,1021
8913,0
8914,0
8915,1022
8916,1022
8917,1022
8918,0
8919,0
8920,1022
8921,1022
8922,0
8923,0
8924,0
8925,1022
8926,1022
8927,0
8928,0
8929,1022
8930,1022
8931,1021
8932,0
8933,0
8934,1022
8935,1022
8936,0
8937,0
8938,0
8939,1022
8940,1022
8941,0
8942,0
8943,1022
8944,1022
8945,1022
8946,0
8947,0
8948,1022
8949,1021
8950,0
8951,0
8952,0
8953,1021
8954,1021
8955,0
8956,0
8957,1022
8958,1022
8959,1021
8960,0
8961,0
8962,1022
8963,1022
8964,0
8965,0
8966,0
8967,1022
8968,1022
8969,0
8970,0
8971,1022
8972,1021
8973,1022
8974,0
8975,0
8976,1021
8977,1022
8978,0
8979,0
8980,0
8981,1022
8982,1021
8983,0
8984,0
8985,1022
8986,1022
8987,1022
8988,0
8989,0
8990,1022
8991,1022
8992,0
8993,0
8994,0
8995,1022
8996,1022
8997,0
8998,0
8999,1022
9000,1022
9001,1022
9002,0
9003,0
9004,1022
9005,1022
9006,0
9007,0
9008,0
9009,1022
9010,1022
9011,0
9012,0
9013,1021
9014,1022
9015,1022
9016,0
9017,0
9018,1022
9019,1022
9020,0
9021,0
9022,0
9023,1022
9024,1022
9025,0
9026,0
9027,1021
9028,1022
9029,1021
9030,0
9031,0
9032,1022
9033,1021
9034,0
9035,0
9036,0
9037,1022
9038,1022
9039,0
9040,0
9041,1022
9042,1022
9043,1021
9044,0
9045,0
9046,1022
9047,1022
9048,0
9049,0
9050,0
9051,1023
9052,1021
9053,0
9054,0
9055,1022
9056,1021
9057,1022
9058,0
9059,0
9060,1022
9061,1022
9062,0
9063,0
9064,0
9065,1022
9066,1022
9067,0
9068,0
9069,1022
9070,1022
9071,1021
9072,0
9073,0
9074,1022
9075,1022
9076,0
9077,0
9078,0
9079,1022
9080,1022
9081,0
9082,0
9083,1022
9084,1022
9085,1022
9086,0
9087,0
9088,1022
9089,1022
9090,0
9091,0
9092,0
9093,1022
9094,1022
9095,0
9096,0
9097,1022
9098,1022
9099,1022
9100,0
9101,0
9102,1022
9103,1022
9104,0
9105,0
9106,0
9107,1022
9108,1022
9109,0
9110,0
9111,1022
9112,1022
9113,1022
9114,0
9115,0
9116,1022
9117,1022
9118,0
9119,0
9120,0
9121,1022
9122,1022
9123,0
9124,0
9125,1022
9126,1022
9127,1022
9128,0
9129,0
9130,1022
9131,1022
9132,0
9133,0
9134,0
9135,1022
9136,1022
9137,0
9138,0
9139,1022
9140,1022
9141,1022
9142,0
9143,0
9144,1022
9145,1022
9146,0
9147,0
9148,0
9149,1022
9150,1022
9151,0
9152,0
9153,1022
9154,1022
9155,1022
9156,0
9157,0
9158,1022
9159,1022
9160,0
9161,0
9162,0
9163,1022
9164,1022
9165,0
9166,0
9167,1022
9168,1022
9169,1022
9170,0
9171,0
9172,1021
9173,1022
9174,0
9175,0
9176,0
9177,1022
9178,1022
9179,0
9180,0
9181,1022
9182,1022
9183,1022
9184,0
9185,0
9186,1022
9187,1022
9188,0
9189,0
9190,0
9191,1022
9192,1022
9193,0
9194,0
9195,1022
9196,1022
9197,1021
9198,0
9199,0
9200,1022
9201,1022
9202,0
9203,0
9204,0
9205,1022
9206,1022
9207,0
9208,0
9209,1022
9210,1022
9211,1022
9212,0
9213,0
9214,1022
9215,1022
9216,0
9217,0
9218,0
9219,1021
9220,1022
9221,0
9222,0
9223,1022
9224,1022
9225,1021
9226,0
9227,0
9228,1022
9229,1022
9230,0
9231,0
9232,0
9233,1022
9234,1022
9235,0
9236,0
9237,1022
9238,1022
9239,1022
9240,0
9241,0
9242,1022
9243,1022
9244,0
9245,0
9246,0
9247,1022
9248,1022
9249,0
9250,0
9251,1021
9252,1022
9253,1022
9254,0
9255,0
9256,1022
9257,1022
9258,0
9259,0
9260,0
9261,1022
9262,1021
9263,0
9264,0
9265,1022
9266,1022
9267,1022
9268,0
9269,0
9270,1022
9271,1022
9272,0
9273,0
9274,0
9275,1022
9276,1022
9277,0
9278,0
9279,1022
9280,1022
9281,1022
9282,0
9283,0
9284,1022
9285,1022
9286,0
9287,0
9288,0
9289,1022
9290,1022
9291,0
9292,0
9293,1022
9294,1022
9295,1022
9296,0
9297,0
9298,1022
9299,1022
9300,0
9301,0
9302,0
9303,1022
9304,1022
9305,0
9306,0
9307,1022
9308,1022
9309,1021
9310,0
9311,0
9312,1022
9313,1022
9314,0
9315,0
9316,0
9317,1022
9318,1022
9319,0
9320,0
9321,1021
9322,1022
9323,1021
9324,0
9325,0
9326,1022
9327,1022
9328,0
9329,0
9330,0
9331,1022
9332,1022
9333,0
9334,0
9335,1021
9336,1022
9337,1021
9338,0
9339,0
9340,1022
9341,1022
9342,0
9343,0
9344,0
9345,1022
9346,1021
9347,0
9348,0
9349,1022
9350,1021
9351,1021
9352,0
9353,0
9354,1022
9355,1022
9356,0
9357,0
9358,0
9359,1022
9360,1021
9361,0
9362,0
9363,1022
9364,1021
9365,1022
9366,0
9367,0
9368,1022
9369,1022
9370,0
9371,0
9372,0
9373,1022
9374,1022
9375,0
9376,0
9377,1022
9378,1022
9379,1022
9380,0
9381,0
9382,1022
9383,1022
9384,0
9385,0
9386,0
9387,1022
9388,1021
9389,0
9390,0
9391,1022
9392,1022
9393,1021
9394,0
9395,0
9396,1022
9397,1022
9398,0
9399,0
9400,0
9401,1022
9402,1022
9403,0
9404,0
9405,1022
9406,1022
9407,1021
9408,0
9409,0
9410,1021
9411,1021
9412,0
9413,0
9414,0
9415,1022
9416,1022
9417,0
9418,0
9419,1022
9420,1022
9421,1022
9422,0
9423,0
9424,1022
9425,1022
9426,0
9427,0
9428,0
9429,1022
9430,1022
9431,0
9432,0
9433,1022
9434,1021
9435,1021
9436,0
9437,0
9438,1022
9439,1022
9440,0
9441,0
9442,0
9443,1022
9444,1022
9445,0
9446,0
9447,1022
9448,1022
9449,1022
9450,0
9451,0
9452,1022
9453,1021
9454,0
9455,0
9456,0
9457,1022
9458,1022
9459,0
9460,0
9461,1022
9462,1022
9463,1022
9464,0
9465,0
9466,1022
9467,1022
9468,0
9469,0
9470,0
9471,1022
9472,1022
9473,0
9474,0
9475,1022
9476,1022
9477,1022
9478,0
9479,0
9480,1022
9481,1022
9482,0
9483,0
9484,0
9485,1022
9486,1022
9487,0
9488,0
9489,1022
9490,1022
9491,1021
9492,0
9493,0
9494,1022
9495,1021
9496,0
9497,0
9498,0
9499,1022
9500,1022
9501,0
9502,0
9503,1022
9504,1022
9505,1022
9506,0
9507,0
9508,1022
9509,1022
9510,0
9511,0
9512,0
9513,1022
9514,1022
9515,0
9516,0
9517,1022
9518,1021
9519,1022
9520,0
9521,0
9522,1022
9523,1022
9524,0
9525,0
9526,0
9527,1022
9528,1022
9529,0
9530,0
9531,1022
9532,1022
9533,1022
9534,0
9535,0
9536,1022
9537,1022
9538,0
9539,0
9540,0
9541,1022
9542,1022
9543,0
9544,0
9545,1022
9546,1022
9547,1022
9548,0
9549,0
9550,1022
9551,1021
9552,0
9553,0
9554,0
9555,1022
9556,1022
9557,0
9558,0
9559,1022
9560,1022
9561,1022
9562,0
9563,0
9564,1022
9565,1021
9566,0
9567,0
9568,0
9569,1022
9570,1022
9571,0
9572,0
9573,1022
9574,1022
9575,1022
9576,0
9577,0
9578,1022
9579,1021
9580,0
9581,0
9582,0
9583,1022
9584,1021
9585,0
9586,0
9587,1022
9588,1022
9589,1022
9590,0
9591,0
9592,1022
9593,1022
9594,0
9595,0
9596,0
9597,1022
9598,1022
9599,0
9600,0
9601,1022
9602,1021
9603,1022
9604,0
9605,0
9606,1022
9607,1022
9608,0
9609,0
9610,0
9611,1022
9612,1022
9613,0
9614,0
9615,1022
9616,1022
9617,1022
9618,0
9619,0
9620,1022
9621,1022
9622,0
9623,0
9624,0
9625,1021
9626,1022
9627,0
9628,0
9629,1022
9630,1021
9631,1022
9632,0
9633,0
9634,1021
9635,1022
9636,0
9637,0
9638,0
9639,1022
9640,1022
9641,0
9642,0
9643,1022
9644,1022
9645,1022
9646,0
9647,0
9648,1022
9649,1022
9650,0
9651,0
9652,0
9653,1022
9654,1021
9655,0
9656,0
9657,1022
9658,1022
9659,1022
9660,0
9661,0
9662,1021
9663,1022
9664,0
9665,0
9666,0
9667,1022
9668,1022
9669,0
9670,0
9671,1022
9672,1022
9673,1022
9674,0
9675,0
9676,1022
9677,1021
9678,0
9679,0
9680,0
9681,1022
9682,1022
9683,0
9684,0
9685,1022
9686,1022
9687,1022
9688,0
9689,0
9690,1022
9691,1022
9692,0
9693,0
9694,0
9695,1022
9696,1022
9697,0
9698,0
9699,1022
9700,1022
9701,1022
9702,0
9703,0
9704,1022
9705,1023
9706,0
9707,0
9708,0
9709,1022
9710,1022
9711,0
9712,0
9713,1021
9714,1022
9715,1021
9716,0
9717,0
9718,1022
9719,1022
9720,0
9721,0
9722,0
9723,1022
9724,1022
9725,0
9726,0
9727,1022
9728,1022
9729,1022
9730,0
9731,0
9732,1022
9733,1022
9734,0
9735,0
9736,0
9737,1022
9738,1021
9739,0
9740,0
9741,1022
9742,1021
9743,1022
9744,0
9745,0
9746,1022
9747,1022
9748,0
9749,0
9750,0
9751,1022
9752,1022
9753,0
9754,0
9755,1022
9756,1022
9757,1021
9758,0
9759,0
9760,1022
9761,1022
9762,0
9763,0
9764,0
9765,1022
9766,1022
9767,0
9768,0
9769,1022
9770,1022
9771,1022
9772,0
9773,0
9774,1022
9775,1022
9776,0
9777,0
9778,0
9779,1022
9780,1022
9781,0
9782,0
9783,1022
9784,1022
9785,1022
9786,0
9787,0
9788,1021
9789,1022
9790,0
9791,0
9792,0
9793,1022
9794,1022
9795,0
9796,0
9797,1022
9798,1021
9799,1021
9800,0
9801,0
9802,1022
9803,1022
9804,0
9805,0
9806,0
9807,1022
9808,1021
9809,0
9810,0
9811,1022
9812,1022
9813,1022
9814,0
9815,0
9816,1021
9817,1022
9818,0
9819,0
9820,0
9821,1022
9822,1022
9823,0
9824,0
9825,1022
9826,1021
9827,1022
9828,0
9829,0
9830,1022
9831,1022
9832,0
9833,0
9834,0
9835,1022
9836,1021
9837,0
9838,0
9839,1022
9840,1022
9841,1022
9842,0
9843,0
9844,1022
9845,1022
9846,0
9847,0
9848,0
9849,1022
9850,1022
9851,0
9852,0
9853,1022
9854,1022
9855,1022
9856,0
9857,0
9858,1022
9859,1022
9860,0
9861,0
9862,0
9863,1022
9864,1022
9865,0
9866,0
9867,1022
9868,1022
9869,1023
9870,0
9871,0
9872,1022
9873,1022
9874,0
9875,0
9876,0
9877,1022
9878,1022
9879,0
9880,0
9881,1022
9882,1022
9883,1022
9884,0
9885,0
9886,1022
9887,1022
9888,0
9889,0
9890,0
9891,1021
9892,1022
9893,0
9894,0
9895,1022
9896,1022
9897,1022
9898,0
9899,0
9900,1022
9901,1021
9902,0
9903,0
9904,0
9905,1022
9906,1022
9907,0
9908,0
9909,1022
9910,1022
9911,1022
9912,0
9913,0
9914,1022
9915,1022
9916,0
9917,0
9918,0
9919,1022
9920,1022
9921,0
9922,0
9923,1022
9924,1022
9925,1022
9926,0
9927,0
9928,1022
9929,1022
9930,0
9931,0
9932,0
9933,1022
9934,1022
9935,0
9936,0
9937,1022
9938,1022
9939,1022
9940,0
9941,0
9942,1022
9943,1022
9944,0
9945,0
9946,0
9947,1022
9948,1022
9949,0
9950,0
9951,1023
9952,1021
9953,1021
9954,0
9955,0
9956,1022
9957,1022
9958,0
9959,0
9960,0
9961,1022
9962,1021
9963,0
9964,0
9965,1022
9966,1021
9967,1022
9968,0
9969,0
9970,1022
9971,1022
9972,0
9973,0
9974,0
9975,1022
9976,1022
9977,0
9978,0
9979,1022
9980,1022
9981,1022
9982,0
9983,0
9984,1021
9985,1021
9986,0
9987,0
9988,0
9989,1022
9990,1022
9991,0
9992,0
9993,1022
9994,1022
9995,1022
9996,0
9997,0
9998,1022
9999,1022
10000,0
