1,0
2,1022
3,1022
4,0
5,0
6,1022
7,0
8,0
9,1022
10,1022
11,0
12,0
13,1022
14,1006
15,0
16,1021
17,1022
18,0
19,0
20,1022
21,1021
22,0
23,1021
24,1022
25,0
26,0
27,1022
28,1022
29,0
30,56
31,1021
32,0
33,0
34,1022
35,1022
36,0
37,0
38,1022
39,0
40,0
41,1022
42,1022
43,0
44,0
45,1022
46,0
47,0
48,1022
49,1022
50,0
51,0
52,1022
53,0
54,0
55,1022
56,1022
57,0
58,0
59,1022
60,1006
61,0
62,1022
63,1022
64,0
65,0
66,1022
67,1022
68,0
69,1021
70,1022
71,0
72,0
73,1022
74,1022
75,0
76,82
77,1022
78,0
79,0
80,1022
81,1022
82,0
83,0
84,1022
85,0
86,0
87,1022
88,1022
89,0
90,0
91,1022
92,0
93,0
94,1022
95,1022
96,0
97,0
98,1022
99,0
100,0
101,1022
102,1022
103,0
104,0
105,1022
106,1006
107,0
108,1022
109,1022
110,0
111,0
112,1022
113,1021
114,0
115,1022
116,1022
117,0
118,0
119,1021
120,1021
121,0
122,81
123,1022
124,0
125,0
126,1021
127,1022
128,0
129,0
130,1022
131,0
132,0
133,1021
134,1022
135,0
136,0
137,1022
138,0
139,0
140,1022
141,1022
142,0
143,0
144,1022
145,0
146,0
147,1022
148,1021
149,0
150,0
151,1022
152,1006
153,0
154,1022
155,1021
156,0
157,0
158,1023
159,1022
160,0
161,1022
162,1022
163,0
164,0
165,1022
166,1022
167,0
168,56
169,1022
170,0
171,0
172,1022
173,1022
174,0
175,0
176,1022
177,0
178,0
179,1022
180,1022
181,0
182,0
183,1022
184,0
185,0
186,1022
187,1021
188,0
189,0
190,1022
191,0
192,0
193,1022
194,1022
195,0
196,0
197,1021
198,1005
199,0
200,1021
201,1022
202,0
203,0
204,1022
205,1022
206,0
207,1022
208,1022
209,0
210,0
211,1022
212,1022
213,0
214,1022
215,1021
216,0
217,0
218,1022
219,1021
220,0
221,0
222,1022
223,0
224,0
225,1022
226,1021
227,0
228,0
229,1022
230,0
231,0
232,1022
233,1021
234,0
235,0
236,1022
237,0
238,0
239,1021
240,1021
241,0
242,0
243,1022
244,999
245,0
246,1022
247,1021
248,0
249,0
250,1022
251,1022
252,0
253,1022
254,1022
255,0
256,0
257,1022
258,1022
259,0
260,55
261,1022
262,0
263,0
264,1022
265,1022
266,0
267,0
268,1021
269,0
270,0
271,1022
272,1021
273,0
274,0
275,1022
276,0
277,0
278,1022
279,1022
280,0
281,0
282,1021
283,0
284,0
285,1022
286,1022
287,0
288,0
289,1022
290,1022
291,0
292,1022
293,1022
294,0
295,0
296,1022
297,1021
298,0
299,1021
300,1022
301,0
302,0
303,1022
304,1021
305,0
306,80
307,1021
308,0
309,0
310,1022
311,1022
312,0
313,0
314,1022
315,0
316,0
317,1022
318,1022
319,0
320,0
321,1022
322,0
323,0
324,1022
325,1022
326,0
327,0
328,1022
329,1006
330,0
331,1022
332,1022
333,0
334,0
335,1022
336,1022
337,0
338,1022
339,1022
340,0
341,0
342,1022
343,1022
344,0
345,1022
346,1022
347,0
348,0
349,1021
350,1022
351,0
352,56
353,1022
354,0
355,0
356,1022
357,1022
358,0
359,0
360,1022
361,0
362,0
363,1022
364,1022
365,0
366,0
367,1022
368,0
369,0
370,1022
371,1022
372,0
373,0
374,1022
375,0
376,0
377,1022
378,1022
379,0
380,0
381,1022
382,1006
383,0
384,1022
385,1021
386,0
387,0
388,1022
389,1022
390,0
391,1022
392,1022
393,0
394,0
395,1022
396,1022
397,0
398,82
399,1022
400,0
401,0
402,1022
403,1022
404,0
405,0
406,1022
407,0
408,0
409,1022
410,1022
411,0
412,0
413,1022
414,0
415,0
416,1022
417,1022
418,0
419,0
420,1021
421,999
422,0
423,1022
424,1022
425,0
426,0
427,1022
428,998
429,0
430,1022
431,1022
432,0
433,0
434,1022
435,1021
436,0
437,1022
438,1022
439,0
440,0
441,1022
442,1022
443,0
444,82
445,1022
446,0
447,0
448,1022
449,1022
450,0
451,56
452,1022
453,0
454,0
455,1022
456,1021
457,0
458,0
459,1022
460,0
461,0
462,1022
463,1022
464,0
465,0
466,1022
467,0
468,0
469,1022
470,1022
471,0
472,0
473,1022
474,1021
475,0
476,1022
477,1022
478,0
479,0
480,1022
481,1021
482,0
483,1022
484,1022
485,0
486,0
487,1022
488,1022
489,0
490,81
491,1022
492,0
493,0
494,1022
495,1022
496,0
497,0
498,1022
499,0
500,0
501,1023
502,1022
503,0
504,0
505,1022
506,0
507,0
508,1022
509,1022
510,0
511,0
512,1022
513,0
514,0
515,1022
516,1022
517,0
518,0
519,1022
520,1022
521,0
522,1022
523,1022
524,0
525,0
526,1022
527,1022
528,0
529,1021
530,1022
531,0
532,0
533,1022
534,1021
535,0
536,57
537,1022
538,0
539,0
540,1022
541,1022
542,0
543,0
544,1022
545,0
546,0
547,1022
548,1021
549,0
550,0
551,1021
552,0
553,0
554,1022
555,1021
556,0
557,0
558,1022
559,0
560,0
561,1022
562,1022
563,0
564,0
565,1022
566,998
567,0
568,1022
569,1022
570,0
571,0
572,1022
573,1022
574,0
575,1022
576,1022
577,0
578,0
579,1021
580,1022
581,0
582,80
583,1022
584,0
585,0
586,1022
587,1022
588,0
589,0
590,1022
591,0
592,0
593,1022
594,1022
595,0
596,0
597,1022
598,0
599,0
600,1022
601,1022
602,0
603,0
604,1022
605,0
606,0
607,1022
608,1021
609,0
610,0
611,1022
612,1006
613,0
614,1022
615,1022
616,0
617,0
618,1022
619,1022
620,0
621,1021
622,1022
623,0
624,0
625,1022
626,1022
627,0
628,57
629,1021
630,0
631,0
632,1022
633,1021
634,0
635,0
636,1022
637,0
638,0
639,1022
640,1022
641,0
642,0
643,1022
644,0
645,0
646,1022
647,1021
648,0
649,0
650,1022
651,0
652,0
653,1022
654,1022
655,0
656,0
657,1022
658,1006
659,0
660,1021
661,1022
662,0
663,0
664,1022
665,1021
666,0
667,1022
668,1022
669,0
670,0
671,1022
672,1021
673,0
674,56
675,1022
676,0
677,0
678,1022
679,1022
680,0
681,0
682,1022
683,0
684,0
685,1021
686,1021
687,0
688,0
689,1021
690,0
691,0
692,1022
693,1022
694,0
695,0
696,1022
697,0
698,0
699,1022
700,1022
701,0
702,0
703,1022
704,1006
705,0
706,1022
707,1022
708,0
709,0
710,1022
711,1022
712,0
713,1022
714,1022
715,0
716,0
717,1022
718,1022
719,0
720,82
721,1022
722,0
723,0
724,1022
725,1022
726,0
727,0
728,1022
729,0
730,0
731,1022
732,1022
733,0
734,0
735,1021
736,0
737,0
738,1021
739,1022
740,0
741,0
742,1021
743,0
744,0
745,1022
746,1022
747,0
748,0
749,1022
750,999
751,0
752,1021
753,1022
754,0
755,0
756,1022
757,1022
758,0
759,1021
760,1022
761,0
762,0
763,1022
764,1021
765,0
766,56
767,1022
768,0
769,0
770,1022
771,1022
772,0
773,0
774,1022
775,0
776,0
777,1022
778,1022
779,0
780,0
781,1022
782,0
783,0
784,1022
785,1022
786,0
787,0
788,1022
789,0
790,0
791,1022
792,1022
793,0
794,0
795,1022
796,1006
797,0
798,1022
799,1022
800,0
801,0
802,1022
803,1022
804,0
805,1022
806,1022
807,0
808,0
809,1022
810,1021
811,0
812,57
813,1021
814,0
815,0
816,1022
817,1022
818,0
819,0
820,1022
821,0
822,0
823,1022
824,1022
825,0
826,0
827,1022
828,0
829,0
830,1022
831,1022
832,0
833,0
834,1022
835,0
836,0
837,1022
838,1022
839,0
840,0
841,1022
842,1006
843,0
844,1022
845,1021
846,0
847,0
848,1022
849,1021
850,0
851,1022
852,1022
853,0
854,0
855,1022
856,1022
857,0
858,1022
859,1022
860,0
861,0
862,1022
863,1022
864,0
865,0
866,1022
867,0
868,0
869,1022
870,1022
871,0
872,0
873,1022
874,0
875,0
876,1022
877,1021
878,0
879,0
880,1022
881,0
882,0
883,1022
884,1022
885,0
886,0
887,1022
888,1005
889,0
890,1021
891,1021
892,0
893,0
894,1021
895,1023
896,0
897,1021
898,1022
899,0
900,0
901,1022
902,1022
903,0
904,81
905,1022
906,0
907,0
908,1022
909,1022
910,0
911,0
912,1022
913,0
914,0
915,1022
916,1022
917,0
918,0
919,1022
920,0
921,0
922,1022
923,1022
924,0
925,0
926,1022
927,0
928,0
929,1022
930,1022
931,0
932,0
933,1021
934,998
935,0
936,1022
937,1022
938,0
939,0
940,1021
941,1022
942,0
943,1022
944,1022
945,0
946,0
947,1022
948,1021
949,0
950,56
951,1022
952,0
953,0
954,1022
955,1022
956,0
957,0
958,1022
959,0
960,0
961,1022
962,1022
963,0
964,0
965,1022
966,0
967,0
968,1022
969,1022
970,0
971,0
972,1022
973,0
974,0
975,1022
976,1022
977,0
978,0
979,1022
980,1006
981,0
982,1022
983,1022
984,0
985,0
986,1023
987,1022
988,0
989,1021
990,1021
991,0
992,0
993,1022
994,1022
995,0
996,82
997,1021
998,0
999,0
1000,1022
1001,1022
1002,0
1003,0
1004,1022
1005,0
1006,0
1007,1022
1008,1021
1009,0
1010,0
1011,1021
1012,0
1013,0
1014,1021
1015,1022
1016,0
1017,0
1018,1022
1019,1005
1020,0
1021,1022
1022,1022
1023,0
1024,0
1025,1022
1026,1006
1027,0
1028,1022
1029,1022
1030,0
1031,0
1032,1022
1033,1021
1034,0
1035,1022
1036,1021
1037,0
1038,0
1039,1021
1040,1022
1041,0
1042,1022
1043,1022
1044,0
1045,0
1046,1022
1047,1021
1048,0
1049,56
1050,1022
1051,0
1052,0
1053,1022
1054,1022
1055,0
1056,0
1057,1022
1058,0
1059,0
1060,1023
1061,1022
1062,0
1063,0
1064,1022
1065,998
1066,0
1067,1022
1068,1021
1069,0
1070,0
1071,1022
1072,998
1073,0
1074,1021
1075,1022
1076,0
1077,0
1078,1022
1079,1022
1080,0
1081,1022
1082,1022
1083,0
1084,0
1085,1021
1086,1022
1087,0
1088,1022
1089,1022
1090,0
1091,0
1092,1022
1093,1022
1094,0
1095,56
1096,1022
1097,0
1098,0
1099,1022
1100,1022
1101,0
1102,0
1103,1022
1104,0
1105,0
1106,1022
1107,1022
1108,0
1109,0
1110,1022
1111,0
1112,0
1113,1022
1114,1022
1115,0
1116,0
1117,1022
1118,1022
1119,0
1120,1021
1121,1021
1122,0
1123,0
1124,1022
1125,1022
1126,0
1127,1022
1128,1022
1129,0
1130,0
1131,1022
1132,1022
1133,0
1134,1022
1135,1022
1136,0
1137,0
1138,1022
1139,1022
1140,0
1141,0
1142,1021
1143,0
1144,0
1145,1022
1146,1022
1147,0
1148,0
1149,1022
1150,0
1151,0
1152,1022
1153,1022
1154,0
1155,0
1156,1022
1157,0
1158,0
1159,1022
1160,1021
1161,0
1162,0
1163,1022
1164,1022
1165,0
1166,1022
1167,1022
1168,0
1169,0
1170,1022
1171,1021
1172,0
1173,1022
1174,1021
1175,0
1176,0
1177,1022
1178,1021
1179,0
1180,82
1181,1022
1182,0
1183,0
1184,1022
1185,1022
1186,0
1187,57
1188,1022
1189,0
1190,0
1191,1022
1192,1022
1193,0
1194,0
1195,1022
1196,0
1197,0
1198,1021
1199,1022
1200,0
1201,0
1202,1022
1203,1005
1204,0
1205,1022
1206,1022
1207,0
1208,0
1209,1022
1210,1022
1211,0
1212,1022
1213,1022
1214,0
1215,0
1216,1022
1217,1021
1218,0
1219,1022
1220,1022
1221,0
1222,0
1223,1022
1224,1022
1225,0
1226,1022
1227,1022
1228,0
1229,0
1230,1022
1231,1022
1232,0
1233,56
1234,1022
1235,0
1236,0
1237,1022
1238,1022
1239,0
1240,0
1241,1022
1242,0
1243,0
1244,1022
1245,1022
1246,0
1247,0
1248,1022
1249,1006
1250,0
1251,1022
1252,1022
1253,0
1254,0
1255,1022
1256,1022
1257,0
1258,1022
1259,1022
1260,0
1261,0
1262,1022
1263,1022
1264,0
1265,1021
1266,1022
1267,0
1268,0
1269,1022
1270,1022
1271,0
1272,81
1273,1022
1274,0
1275,0
1276,1021
1277,1022
1278,0
1279,56
1280,1022
1281,0
1282,0
1283,1022
1284,1022
1285,0
1286,0
1287,1022
1288,0
1289,0
1290,1022
1291,1021
1292,0
1293,0
1294,1021
1295,1005
1296,0
1297,1022
1298,1022
1299,0
1300,0
1301,1022
1302,1022
1303,0
1304,1022
1305,1021
1306,0
1307,0
1308,1022
1309,1022
1310,0
1311,1022
1312,1022
1313,0
1314,0
1315,1022
1316,1022
1317,0
1318,1022
1319,1022
1320,0
1321,0
1322,1022
1323,1021
1324,0
1325,0
1326,1022
1327,0
1328,0
1329,1022
1330,1022
1331,0
1332,0
1333,1022
1334,0
1335,0
1336,1022
1337,1022
1338,0
1339,0
1340,1022
1341,1006
1342,0
1343,1022
1344,1023
1345,0
1346,0
1347,1022
1348,1022
1349,0
1350,1022
1351,1021
1352,0
1353,0
1354,1022
1355,1022
1356,0
1357,1022
1358,1022
1359,0
1360,0
1361,1022
1362,1022
1363,0
1364,1022
1365,1021
1366,0
1367,0
1368,1022
1369,1022
1370,0
1371,0
1372,1023
1373,0
1374,0
1375,1022
1376,1022
1377,0
1378,0
1379,1022
1380,0
1381,0
1382,1022
1383,1022
1384,0
1385,0
1386,1022
1387,1006
1388,0
1389,1022
1390,1022
1391,0
1392,0
1393,1022
1394,1021
1395,0
1396,1022
1397,1022
1398,0
1399,0
1400,1021
1401,1022
1402,0
1403,1022
1404,1022
1405,0
1406,0
1407,1022
1408,1022
1409,0
1410,82
1411,1022
1412,0
1413,0
1414,1022
1415,1022
1416,0
1417,57
1418,1022
1419,0
1420,0
1421,1022
1422,1021
1423,0
1424,0
1425,1021
1426,0
1427,0
1428,1022
1429,1022
1430,0
1431,0
1432,1022
1433,1006
1434,0
1435,1022
1436,1021
1437,0
1438,0
1439,1022
1440,1022
1441,0
1442,1022
1443,1022
1444,0
1445,0
1446,1022
1447,1022
1448,0
1449,1021
1450,1022
1451,0
1452,0
1453,1022
1454,1022
1455,0
1456,81
1457,1021
1458,0
1459,0
1460,1022
1461,1022
1462,0
1463,0
1464,1022
1465,0
1466,0
1467,1022
1468,1022
1469,0
1470,0
1471,1022
1472,0
1473,0
1474,1022
1475,1022
1476,0
1477,0
1478,1022
1479,999
1480,0
1481,1022
1482,1022
1483,0
1484,0
1485,1023
1486,1021
1487,0
1488,1022
1489,1022
1490,0
1491,0
1492,1022
1493,1022
1494,0
1495,1022
1496,1022
1497,0
1498,0
1499,1022
1500,1022
1501,0
1502,81
1503,1022
1504,0
1505,0
1506,1022
1507,1022
1508,0
1509,82
1510,1022
1511,0
1512,0
1513,1022
1514,1021
1515,0
1516,0
1517,1022
1518,0
1519,0
1520,1022
1521,1022
1522,0
1523,0
1524,1021
1525,1005
1526,0
1527,1022
1528,1022
1529,0
1530,0
1531,1022
1532,1022
1533,0
1534,1022
1535,1022
1536,0
1537,0
1538,1022
1539,1022
1540,0
1541,1022
1542,1022
1543,0
1544,0
1545,1022
1546,1022
1547,0
1548,81
1549,1022
1550,0
1551,0
1552,1022
1553,1021
1554,0
1555,0
1556,1022
1557,0
1558,0
1559,1022
1560,1022
1561,0
1562,0
1563,1022
1564,0
1565,0
1566,1022
1567,1022
1568,0
1569,0
1570,1022
1571,1006
1572,0
1573,1021
1574,1022
1575,0
1576,0
1577,1022
1578,1022
1579,0
1580,1023
1581,1022
1582,0
1583,0
1584,1022
1585,1022
1586,0
1587,1022
1588,1022
1589,0
1590,0
1591,1022
1592,1022
1593,0
1594,57
1595,1022
1596,0
1597,0
1598,1022
1599,1022
1600,0
1601,56
1602,1021
1603,0
1604,0
1605,1022
1606,1022
1607,0
1608,0
1609,1021
1610,0
1611,0
1612,1022
1613,1021
1614,0
1615,0
1616,1021
1617,0
1618,0
1619,1022
1620,1022
1621,0
1622,0
1623,1022
1624,1006
1625,0
1626,1022
1627,1022
1628,0
1629,0
1630,1022
1631,1021
1632,0
1633,1022
1634,1022
1635,0
1636,0
1637,1022
1638,1022
1639,0
1640,1022
1641,1022
1642,0
1643,0
1644,1022
1645,1022
1646,0
1647,56
1648,1022
1649,0
1650,0
1651,1021
1652,1022
1653,0
1654,0
1655,1022
1656,0
1657,0
1658,1022
1659,1021
1660,0
1661,0
1662,1022
1663,999
1664,0
1665,1021
1666,1022
1667,0
1668,0
1669,1022
1670,1022
1671,0
1672,1022
1673,1022
1674,0
1675,0
1676,1021
1677,1021
1678,0
1679,1022
1680,1021
1681,0
1682,0
1683,1022
1684,1022
1685,0
1686,1022
1687,1022
1688,0
1689,0
1690,1022
1691,1022
1692,0
1693,81
1694,1023
1695,0
1696,0
1697,1022
1698,1022
1699,0
1700,0
1701,1022
1702,0
1703,0
1704,1022
1705,1022
1706,0
1707,0
1708,1022
1709,0
1710,0
1711,1022
1712,1022
1713,0
1714,0
1715,1022
1716,1022
1717,0
1718,1022
1719,1022
1720,0
1721,0
1722,1022
1723,1021
1724,0
1725,1022
1726,1022
1727,0
1728,0
1729,1021
1730,1022
1731,0
1732,1021
1733,1022
1734,0
1735,0
1736,1022
1737,1022
1738,0
1739,0
1740,1022
1741,0
1742,0
1743,1022
1744,1022
1745,0
1746,0
1747,1022
1748,0
1749,0
1750,1022
1751,1021
1752,0
1753,0
1754,1022
1755,998
1756,0
1757,1021
1758,1022
1759,0
1760,0
1761,1022
1762,1022
1763,0
1764,1022
1765,1022
1766,0
1767,0
1768,1022
1769,1022
1770,0
1771,1022
1772,1022
1773,0
1774,0
1775,1022
1776,1022
1777,0
1778,1022
1779,1022
1780,0
1781,0
1782,1022
1783,1022
1784,0
1785,57
1786,1022
1787,0
1788,0
1789,1022
1790,1021
1791,0
1792,0
1793,1022
1794,0
1795,0
1796,1022
1797,1022
1798,0
1799,0
1800,1022
1801,1006
1802,0
1803,1022
1804,1022
1805,0
1806,0
1807,1021
1808,999
1809,0
1810,1022
1811,1021
1812,0
1813,0
1814,1021
1815,1022
1816,0
1817,1021
1818,1022
1819,0
1820,0
1821,1023
1822,1022
1823,0
1824,57
1825,1022
1826,0
1827,0
1828,1022
1829,1022
1830,0
1831,0
1832,1021
1833,0
1834,0
1835,1022
1836,1022
1837,0
1838,0
1839,1022
1840,0
1841,0
1842,1022
1843,1022
1844,0
1845,0
1846,1022
1847,1006
1848,0
1849,1021
1850,1022
1851,0
1852,0
1853,1022
1854,1022
1855,0
1856,1022
1857,1022
1858,0
1859,0
1860,1022
1861,1022
1862,0
1863,1022
1864,1022
1865,0
1866,0
1867,1022
1868,1022
1869,0
1870,1022
1871,1022
1872,0
1873,0
1874,1023
1875,1022
1876,0
1877,57
1878,1022
1879,0
1880,0
1881,1022
1882,1022
1883,0
1884,0
1885,1021
1886,0
1887,0
1888,1022
1889,1021
1890,0
1891,0
1892,1022
1893,1006
1894,0
1895,1022
1896,1022
1897,0
1898,0
1899,1022
1900,1022
1901,0
1902,1022
1903,1021
1904,0
1905,0
1906,1022
1907,1022
1908,0
1909,1022
1910,1022
1911,0
1912,0
1913,1022
1914,1022
1915,0
1916,1022
1917,1022
1918,0
1919,0
1920,1022
1921,1022
1922,0
1923,0
1924,1022
1925,0
1926,0
1927,1022
1928,1022
1929,0
1930,0
1931,1022
1932,0
1933,0
1934,1022
1935,1022
1936,0
1937,0
1938,1022
1939,999
1940,0
1941,1022
1942,1022
1943,0
1944,0
1945,1022
1946,1022
1947,0
1948,1022
1949,1022
1950,0
1951,0
1952,1022
1953,1022
1954,0
1955,1022
1956,1022
1957,0
1958,0
1959,1023
1960,1022
1961,0
1962,81
1963,1022
1964,0
1965,0
1966,1022
1967,1022
1968,0
1969,81
1970,1022
1971,0
1972,0
1973,1022
1974,1022
1975,0
1976,0
1977,1022
1978,0
1979,0
1980,1022
1981,1022
1982,0
1983,0
1984,1023
1985,1006
1986,0
1987,1022
1988,1022
1989,0
1990,0
1991,1022
1992,1022
1993,0
1994,1022
1995,1022
1996,0
1997,0
1998,1022
1999,1022
2000,0
2001,1022
2002,1022
2003,0
2004,0
2005,1022
2006,1022
2007,0
2008,1022
2009,1022
2010,0
2011,0
2012,1022
2013,1022
2014,0
2015,81
2016,1022
2017,0
2018,0
2019,1022
2020,1022
2021,0
2022,0
2023,1022
2024,0
2025,0
2026,1022
2027,1022
2028,0
2029,0
2030,1022
2031,999
2032,0
2033,1022
2034,1023
2035,0
2036,0
2037,1022
2038,1022
2039,0
2040,1022
2041,1021
2042,0
2043,0
2044,1022
2045,1022
2046,0
2047,1022
2048,1022
2049,0
2050,0
2051,1022
2052,1022
2053,0
2054,81
2055,1022
2056,0
2057,0
2058,1022
2059,1022
2060,0
2061,81
2062,1022
2063,0
2064,0
2065,1022
2066,1022
2067,0
2068,0
2069,1022
2070,0
2071,0
2072,1022
2073,1022
2074,0
2075,0
2076,1022
2077,1006
2078,0
2079,1022
2080,1022
2081,0
2082,0
2083,1022
2084,1022
2085,0
2086,1022
2087,1022
2088,0
2089,0
2090,1022
2091,1022
2092,0
2093,1022
2094,1022
2095,0
2096,0
2097,1022
2098,1022
2099,0
2100,1022
2101,1022
2102,0
2103,0
2104,1022
2105,1022
2106,0
2107,57
2108,1022
2109,0
2110,0
2111,1022
2112,1022
2113,0
2114,0
2115,1022
2116,0
2117,0
2118,1022
2119,1022
2120,0
2121,0
2122,1022
2123,1006
2124,0
2125,1022
2126,1022
2127,0
2128,0
2129,1022
2130,1022
2131,0
2132,1022
2133,1021
2134,0
2135,0
2136,1022
2137,1022
2138,0
2139,1022
2140,1022
2141,0
2142,0
2143,1022
2144,1022
2145,0
2146,81
2147,1022
2148,0
2149,0
2150,1022
2151,1022
2152,0
2153,0
2154,1022
2155,0
2156,0
2157,1021
2158,1022
2159,0
2160,0
2161,1022
2162,0
2163,0
2164,1022
2165,1022
2166,0
2167,0
2168,1022
2169,998
2170,0
2171,1022
2172,1022
2173,0
2174,0
2175,1022
2176,1022
2177,0
2178,1022
2179,1022
2180,0
2181,0
2182,1022
2183,1022
2184,0
2185,1021
2186,1021
2187,0
2188,0
2189,1022
2190,1022
2191,0
2192,56
2193,1022
2194,0
2195,0
2196,1022
2197,1021
2198,0
2199,0
2200,1021
2201,0
2202,0
2203,1022
2204,1022
2205,0
2206,0
2207,1021
2208,0
2209,0
2210,1022
2211,1021
2212,0
2213,0
2214,1022
2215,1006
2216,0
2217,1022
2218,1022
2219,0
2220,0
2221,1022
2222,1006
2223,0
2224,1022
2225,1022
2226,0
2227,0
2228,1022
2229,1021
2230,0
2231,1022
2232,1022
2233,0
2234,0
2235,1022
2236,1022
2237,0
2238,81
2239,1022
2240,0
2241,0
2242,1023
2243,1021
2244,0
2245,56
2246,1022
2247,0
2248,0
2249,1021
2250,1022
2251,0
2252,0
2253,1022
2254,0
2255,0
2256,1022
2257,1021
2258,0
2259,0
2260,1022
2261,1006
2262,0
2263,1022
2264,1022
2265,0
2266,0
2267,1022
2268,1022
2269,0
2270,1021
2271,1022
2272,0
2273,0
2274,1022
2275,1022
2276,0
2277,1022
2278,1022
2279,0
2280,0
2281,1022
2282,1022
2283,0
2284,57
2285,1022
2286,0
2287,0
2288,1022
2289,1022
2290,0
2291,0
2292,1021
2293,0
2294,0
2295,1022
2296,1022
2297,0
2298,0
2299,1022
2300,0
2301,0
2302,1022
2303,1022
2304,0
2305,0
2306,1022
2307,0
2308,0
2309,1022
2310,1022
2311,0
2312,0
2313,1022
2314,1021
2315,0
2316,1022
2317,1022
2318,0
2319,0
2320,1022
2321,1022
2322,0
2323,1022
2324,1022
2325,0
2326,0
2327,1022
2328,1022
2329,0
2330,57
2331,1022
2332,0
2333,0
2334,1022
2335,1022
2336,0
2337,56
2338,1022
2339,0
2340,0
2341,1021
2342,1022
2343,0
2344,0
2345,1022
2346,0
2347,0
2348,1022
2349,1022
2350,0
2351,0
2352,1022
2353,999
2354,0
2355,1022
2356,1021
2357,0
2358,0
2359,1022
2360,1022
2361,0
2362,1022
2363,1022
2364,0
2365,0
2366,1021
2367,1021
2368,0
2369,1022
2370,1022
2371,0
2372,0
2373,1022
2374,1022
2375,0
2376,56
2377,1022
2378,0
2379,0
2380,1022
2381,1022
2382,0
2383,56
2384,1022
2385,0
2386,0
2387,1022
2388,1022
2389,0
2390,0
2391,1022
2392,0
2393,0
2394,1022
2395,1021
2396,0
2397,0
2398,1022
2399,999
2400,0
2401,1022
2402,1022
2403,0
2404,0
2405,1022
2406,1022
2407,0
2408,1021
2409,1021
2410,0
2411,0
2412,1022
2413,1022
2414,0
2415,1023
2416,1022
2417,0
2418,0
2419,1022
2420,1022
2421,0
2422,80
2423,1022
2424,0
2425,0
2426,1022
2427,1022
2428,0
2429,56
2430,1021
2431,0
2432,0
2433,1022
2434,1022
2435,0
2436,0
2437,1022
2438,0
2439,0
2440,1022
2441,1022
2442,0
2443,0
2444,1022
2445,999
2446,0
2447,1021
2448,1022
2449,0
2450,0
2451,1021
2452,1021
2453,0
2454,1022
2455,1022
2456,0
2457,0
2458,1022
2459,1022
2460,0
2461,1022
2462,1022
2463,0
2464,0
2465,1022
2466,1022
2467,0
2468,55
2469,1022
2470,0
2471,0
2472,1022
2473,1022
2474,0
2475,0
2476,1022
2477,0
2478,0
2479,1022
2480,1022
2481,0
2482,0
2483,1022
2484,0
2485,0
2486,1021
2487,1021
2488,0
2489,0
2490,1022
2491,999
2492,0
2493,1022
2494,1022
2495,0
2496,0
2497,1022
2498,1022
2499,0
2500,1022
2501,1021
2502,0
2503,0
2504,1022
2505,1022
2506,0
2507,1022
2508,1022
2509,0
2510,0
2511,1022
2512,1022
2513,0
2514,1022
2515,1022
2516,0
2517,0
2518,1021
2519,1022
2520,0
2521,56
2522,1022
2523,0
2524,0
2525,1022
2526,1022
2527,0
2528,0
2529,1022
2530,0
2531,0
2532,1022
2533,1022
2534,0
2535,0
2536,1022
2537,1006
2538,0
2539,1022
2540,1022
2541,0
2542,0
2543,1022
2544,1006
2545,0
2546,1022
2547,1022
2548,0
2549,0
2550,1022
2551,1022
2552,0
2553,1022
2554,1022
2555,0
2556,0
2557,1022
2558,1022
2559,0
2560,56
2561,1021
2562,0
2563,0
2564,1022
2565,1022
2566,0
2567,56
2568,1022
2569,0
2570,0
2571,1022
2572,1022
2573,0
2574,0
2575,1022
2576,0
2577,0
2578,1022
2579,1022
2580,0
2581,0
2582,1021
2583,998
2584,0
2585,1021
2586,1022
2587,0
2588,0
2589,1022
2590,1023
2591,0
2592,1022
2593,1022
2594,0
2595,0
2596,1022
2597,1022
2598,0
2599,1022
2600,1022
2601,0
2602,0
2603,1022
2604,1021
2605,0
2606,56
2607,1022
2608,0
2609,0
2610,1022
2611,1022
2612,0
2613,57
2614,1022
2615,0
2616,0
2617,1022
2618,1022
2619,0
2620,0
2621,1022
2622,0
2623,0
2624,1022
2625,1022
2626,0
2627,0
2628,1022
2629,999
2630,0
2631,1022
2632,1022
2633,0
2634,0
2635,1022
2636,1022
2637,0
2638,1021
2639,1021
2640,0
2641,0
2642,1022
2643,1022
2644,0
2645,1022
2646,1022
2647,0
2648,0
2649,1022
2650,1022
2651,0
2652,1021
2653,1021
2654,0
2655,0
2656,1022
2657,1022
2658,0
2659,81
2660,1022
2661,0
2662,0
2663,1022
2664,1022
2665,0
2666,0
2667,1022
2668,0
2669,0
2670,1022
2671,1021
2672,0
2673,0
2674,1022
2675,1005
2676,0
2677,1022
2678,1022
2679,0
2680,0
2681,1022
2682,1021
2683,0
2684,1022
2685,1022
2686,0
2687,0
2688,1022
2689,1021
2690,0
2691,1022
2692,1022
2693,0
2694,0
2695,1022
2696,1022
2697,0
2698,1022
2699,1022
2700,0
2701,0
2702,1022
2703,1022
2704,0
2705,55
2706,1022
2707,0
2708,0
2709,1021
2710,1023
2711,0
2712,0
2713,1022
2714,0
2715,0
2716,1022
2717,1022
2718,0
2719,0
2720,1022
2721,1006
2722,0
2723,1022
2724,1022
2725,0
2726,0
2727,1022
2728,1022
2729,0
2730,1022
2731,1022
2732,0
2733,0
2734,1021
2735,1021
2736,0
2737,1022
2738,1022
2739,0
2740,0
2741,1022
2742,1022
2743,0
2744,57
2745,1021
2746,0
2747,0
2748,1022
2749,1022
2750,0
2751,0
2752,1022
2753,0
2754,0
2755,1022
2756,1022
2757,0
2758,0
2759,1022
2760,0
2761,0
2762,1022
2763,1022
2764,0
2765,0
2766,1022
2767,1006
2768,0
2769,1022
2770,1022
2771,0
2772,0
2773,1022
2774,999
2775,0
2776,1022
2777,1022
2778,0
2779,0
2780,1022
2781,1022
2782,0
2783,1021
2784,1022
2785,0
2786,0
2787,1022
2788,1022
2789,0
2790,56
2791,1022
2792,0
2793,0
2794,1021
2795,1021
2796,0
2797,0
2798,1022
2799,0
2800,0
2801,1022
2802,1021
2803,0
2804,0
2805,1022
2806,0
2807,0
2808,1021
2809,1022
2810,0
2811,0
2812,1022
2813,998
2814,0
2815,1023
2816,1022
2817,0
2818,0
2819,1022
2820,1006
2821,0
2822,1022
2823,1022
2824,0
2825,0
2826,1021
2827,1021
2828,0
2829,1022
2830,1022
2831,0
2832,0
2833,1022
2834,1021
2835,0
2836,56
2837,1023
2838,0
2839,0
2840,1022
2841,1022
2842,0
2843,0
2844,1022
2845,0
2846,0
2847,1022
2848,1022
2849,0
2850,0
2851,1022
2852,0
2853,0
2854,1021
2855,1022
2856,0
2857,0
2858,1022
2859,1006
2860,0
2861,1022
2862,1022
2863,0
2864,0
2865,1022
2866,1021
2867,0
2868,1022
2869,1022
2870,0
2871,0
2872,1021
2873,1022
2874,0
2875,1022
2876,1022
2877,0
2878,0
2879,1021
2880,1021
2881,0
2882,1021
2883,1022
2884,0
2885,0
2886,1022
2887,1022
2888,0
2889,80
2890,1022
2891,0
2892,0
2893,1022
2894,1022
2895,0
2896,0
2897,1022
2898,0
2899,0
2900,1022
2901,1022
2902,0
2903,0
2904,1022
2905,0
2906,0
2907,1022
2908,1022
2909,0
2910,0
2911,1021
2912,1021
2913,0
2914,1022
2915,1022
2916,0
2917,0
2918,1022
2919,1022
2920,0
2921,1022
2922,1022
2923,0
2924,0
2925,1021
2926,1022
2927,0
2928,56
2929,1022
2930,0
2931,0
2932,1022
2933,1022
2934,0
2935,56
2936,1022
2937,0
2938,0
2939,1022
2940,1022
2941,0
2942,0
2943,1022
2944,998
2945,0
2946,1022
2947,1022
2948,0
2949,0
2950,1022
2951,1006
2952,0
2953,1022
2954,1022
2955,0
2956,0
2957,1021
2958,1021
2959,0
2960,1021
2961,1021
2962,0
2963,0
2964,1022
2965,1021
2966,0
2967,1021
2968,1022
2969,0
2970,0
2971,1022
2972,1022
2973,0
2974,80
2975,1021
2976,0
2977,0
2978,1022
2979,1022
2980,0
2981,56
2982,1022
2983,0
2984,0
2985,1022
2986,1022
2987,0
2988,0
2989,1022
2990,0
2991,0
2992,1022
2993,1022
2994,0
2995,0
2996,1022
2997,1005
2998,0
2999,1022
3000,1022
3001,0
3002,0
3003,1022
3004,999
3005,0
3006,1022
3007,1022
3008,0
3009,0
3010,1022
3011,1022
3012,0
3013,1022
3014,1022
3015,0
3016,0
3017,1022
3018,1021
3019,0
3020,56
3021,1022
3022,0
3023,0
3024,1022
3025,1022
3026,0
3027,56
3028,1022
3029,0
3030,0
3031,1021
3032,1022
3033,0
3034,0
3035,1022
3036,0
3037,0
3038,1022
3039,1022
3040,0
3041,0
3042,1022
3043,999
3044,0
3045,1022
3046,1022
3047,0
3048,0
3049,1022
3050,1021
3051,0
3052,1022
3053,1022
3054,0
3055,0
3056,1022
3057,1022
3058,0
3059,1022
3060,1022
3061,0
3062,0
3063,1022
3064,1022
3065,0
3066,55
3067,1022
3068,0
3069,0
3070,1022
3071,1023
3072,0
3073,81
3074,1022
3075,0
3076,0
3077,1022
3078,1022
3079,0
3080,0
3081,1022
3082,0
3083,0
3084,1022
3085,1022
3086,0
3087,0
3088,1022
3089,1006
3090,0
3091,1023
3092,1022
3093,0
3094,0
3095,1022
3096,1022
3097,0
3098,1022
3099,1022
3100,0
3101,0
3102,1022
3103,1022
3104,0
3105,1021
3106,1023
3107,0
3108,0
3109,1022
3110,1022
3111,0
3112,81
3113,1022
3114,0
3115,0
3116,1021
3117,1022
3118,0
3119,0
3120,1022
3121,0
3122,0
3123,1022
3124,1022
3125,0
3126,0
3127,1022
3128,0
3129,0
3130,1022
3131,1022
3132,0
3133,0
3134,1022
3135,999
3136,0
3137,1022
3138,1022
3139,0
3140,0
3141,1022
3142,1022
3143,0
3144,1022
3145,1022
3146,0
3147,0
3148,1022
3149,1022
3150,0
3151,1022
3152,1022
3153,0
3154,0
3155,1022
3156,1022
3157,0
3158,0
3159,1022
3160,0
3161,0
3162,1022
3163,1022
3164,0
3165,0
3166,1022
3167,0
3168,0
3169,1022
3170,1022
3171,0
3172,0
3173,1021
3174,0
3175,0
3176,1022
3177,1022
3178,0
3179,0
3180,1022
3181,999
3182,0
3183,1022
3184,1021
3185,0
3186,0
3187,1022
3188,998
3189,0
3190,1022
3191,1022
3192,0
3193,0
3194,1022
3195,1022
3196,0
3197,1022
3198,1022
3199,0
3200,0
3201,1022
3202,1022
3203,0
3204,56
3205,1022
3206,0
3207,0
3208,1022
3209,1022
3210,0
3211,81
3212,1021
3213,0
3214,0
3215,1022
3216,1022
3217,0
3218,0
3219,1022
3220,0
3221,0
3222,1022
3223,1022
3224,0
3225,0
3226,1022
3227,1006
3228,0
3229,1022
3230,1022
3231,0
3232,0
3233,1022
3234,1022
3235,0
3236,1022
3237,1022
3238,0
3239,0
3240,1022
3241,1022
3242,0
3243,1022
3244,1021
3245,0
3246,0
3247,1022
3248,1022
3249,0
3250,1022
3251,1022
3252,0
3253,0
3254,1021
3255,1022
3256,0
3257,82
3258,1022
3259,0
3260,0
3261,1021
3262,1021
3263,0
3264,0
3265,1021
3266,0
3267,0
3268,1022
3269,1022
3270,0
3271,0
3272,1022
3273,1006
3274,0
3275,1021
3276,1021
3277,0
3278,0
3279,1023
3280,1022
3281,0
3282,1022
3283,1022
3284,0
3285,0
3286,1021
3287,1022
3288,0
3289,1022
3290,1022
3291,0
3292,0
3293,1022
3294,1022
3295,0
3296,1022
3297,1022
3298,0
3299,0
3300,1023
3301,1022
3302,0
3303,0
3304,1021
3305,0
3306,0
3307,1022
3308,1022
3309,0
3310,0
3311,1022
3312,0
3313,0
3314,1022
3315,1022
3316,0
3317,0
3318,1022
3319,1006
3320,0
3321,1021
3322,1022
3323,0
3324,0
3325,1022
3326,1022
3327,0
3328,1022
3329,1022
3330,0
3331,0
3332,1022
3333,1021
3334,0
3335,1021
3336,1021
3337,0
3338,0
3339,1021
3340,1022
3341,0
3342,57
3343,1022
3344,0
3345,0
3346,1022
3347,1022
3348,0
3349,0
3350,1022
3351,0
3352,0
3353,1022
3354,1022
3355,0
3356,0
3357,1022
3358,0
3359,0
3360,1022
3361,1022
3362,0
3363,0
3364,1022
3365,1006
3366,0
3367,1022
3368,1022
3369,0
3370,0
3371,1022
3372,999
3373,0
3374,1022
3375,1022
3376,0
3377,0
3378,1022
3379,1022
3380,0
3381,1022
3382,1021
3383,0
3384,0
3385,1022
3386,1022
3387,0
3388,56
3389,1022
3390,0
3391,0
3392,1022
3393,1022
3394,0
3395,81
3396,1022
3397,0
3398,0
3399,1022
3400,1022
3401,0
3402,0
3403,1022
3404,0
3405,0
3406,1021
3407,1022
3408,0
3409,0
3410,1022
3411,1006
3412,0
3413,1021
3414,1021
3415,0
3416,0
3417,1022
3418,1006
3419,0
3420,1021
3421,1022
3422,0
3423,0
3424,1022
3425,1022
3426,0
3427,1022
3428,1022
3429,0
3430,0
3431,1022
3432,1022
3433,0
3434,82
3435,1022
3436,0
3437,0
3438,1022
3439,1022
3440,0
3441,80
3442,1021
3443,0
3444,0
3445,1022
3446,1022
3447,0
3448,0
3449,1022
3450,0
3451,0
3452,1022
3453,1022
3454,0
3455,0
3456,1022
3457,0
3458,0
3459,1022
3460,1022
3461,0
3462,0
3463,1022
3464,1022
3465,0
3466,1022
3467,1022
3468,0
3469,0
3470,1021
3471,1022
3472,0
3473,1022
3474,1022
3475,0
3476,0
3477,1022
3478,1022
3479,0
3480,56
3481,1022
3482,0
3483,0
3484,1022
3485,1022
3486,0
3487,81
3488,1021
3489,0
3490,0
3491,1022
3492,1021
3493,0
3494,0
3495,1022
3496,0
3497,0
3498,1022
3499,1022
3500,0
3501,0
3502,1022
3503,0
3504,0
3505,1022
3506,1022
3507,0
3508,0
3509,1022
3510,1022
3511,0
3512,1022
3513,1022
3514,0
3515,0
3516,1022
3517,1022
3518,0
3519,1022
3520,1022
3521,0
3522,0
3523,1022
3524,1022
3525,0
3526,56
3527,1022
3528,0
3529,0
3530,1022
3531,1021
3532,0
3533,55
3534,1022
3535,0
3536,0
3537,1022
3538,1022
3539,0
3540,0
3541,1022
3542,0
3543,0
3544,1022
3545,1022
3546,0
3547,0
3548,1022
3549,1006
3550,0
3551,1022
3552,1022
3553,0
3554,0
3555,1022
3556,1021
3557,0
3558,1022
3559,1022
3560,0
3561,0
3562,1022
3563,1022
3564,0
3565,1022
3566,1022
3567,0
3568,0
3569,1022
3570,1022
3571,0
3572,56
3573,1022
3574,0
3575,0
3576,1022
3577,1022
3578,0
3579,55
3580,1022
3581,0
3582,0
3583,1022
3584,1022
3585,0
3586,0
3587,1022
3588,0
3589,0
3590,1022
3591,1021
3592,0
3593,0
3594,1022
3595,999
3596,0
3597,1022
3598,1022
3599,0
3600,0
3601,1022
3602,1022
3603,0
3604,1022
3605,1022
3606,0
3607,0
3608,1022
3609,1021
3610,0
3611,1022
3612,1022
3613,0
3614,0
3615,1022
3616,1022
3617,0
3618,56
3619,1022
3620,0
3621,0
3622,1022
3623,1022
3624,0
3625,55
3626,1022
3627,0
3628,0
3629,1022
3630,1022
3631,0
3632,0
3633,1022
3634,0
3635,0
3636,1022
3637,1022
3638,0
3639,0
3640,1022
3641,1006
3642,0
3643,1021
3644,1021
3645,0
3646,0
3647,1022
3648,1022
3649,0
3650,1022
3651,1022
3652,0
3653,0
3654,1022
3655,1022
3656,0
3657,1022
3658,1022
3659,0
3660,0
3661,1022
3662,1022
3663,0
3664,56
3665,1022
3666,0
3667,0
3668,1022
3669,1022
3670,0
3671,56
3672,1022
3673,0
3674,0
3675,1022
3676,1022
3677,0
3678,0
3679,1022
3680,0
3681,0
3682,1022
3683,1022
3684,0
3685,0
3686,1022
3687,999
3688,0
3689,1022
3690,1022
3691,0
3692,0
3693,1022
3694,1022
3695,0
3696,1022
3697,1022
3698,0
3699,0
3700,1022
3701,1022
3702,0
3703,1022
3704,1022
3705,0
3706,0
3707,1022
3708,1022
3709,0
3710,1022
3711,1022
3712,0
3713,0
3714,1022
3715,1022
3716,0
3717,0
3718,1022
3719,0
3720,0
3721,1021
3722,1021
3723,0
3724,0
3725,1022
3726,0
3727,0
3728,1022
3729,1022
3730,0
3731,0
3732,1022
3733,1006
3734,0
3735,1022
3736,1022
3737,0
3738,0
3739,1022
3740,1006
3741,0
3742,1021
3743,1022
3744,0
3745,0
3746,1022
3747,1022
3748,0
3749,1022
3750,1022
3751,0
3752,0
3753,1022
3754,1022
3755,0
3756,81
3757,1022
3758,0
3759,0
3760,1022
3761,1022
3762,0
3763,0
3764,1022
3765,0
3766,0
3767,1022
3768,1022
3769,0
3770,0
3771,1022
3772,0
3773,0
3774,1022
3775,1022
3776,0
3777,0
3778,1022
3779,999
3780,0
3781,1022
3782,1022
3783,0
3784,0
3785,1022
3786,1021
3787,0
3788,1022
3789,1022
3790,0
3791,0
3792,1022
3793,1022
3794,0
3795,1021
3796,1022
3797,0
3798,0
3799,1022
3800,1021
3801,0
3802,55
3803,1022
3804,0
3805,0
3806,1022
3807,1022
3808,0
3809,0
3810,1022
3811,0
3812,0
3813,1022
3814,1021
3815,0
3816,0
3817,1022
3818,0
3819,0
3820,1022
3821,1022
3822,0
3823,0
3824,1022
3825,1005
3826,0
3827,1022
3828,1022
3829,0
3830,0
3831,1022
3832,999
3833,0
3834,1022
3835,1022
3836,0
3837,0
3838,1022
3839,1022
3840,0
3841,1021
3842,1022
3843,0
3844,0
3845,1022
3846,1022
3847,0
3848,56
3849,1022
3850,0
3851,0
3852,1022
3853,1022
3854,0
3855,80
3856,1022
3857,0
3858,0
3859,1022
3860,1022
3861,0
3862,0
3863,1022
3864,0
3865,0
3866,1022
3867,1021
3868,0
3869,0
3870,1022
3871,1006
3872,0
3873,1021
3874,1022
3875,0
3876,0
3877,1022
3878,1022
3879,0
3880,1022
3881,1022
3882,0
3883,0
3884,1022
3885,1022
3886,0
3887,1022
3888,1022
3889,0
3890,0
3891,1021
3892,1022
3893,0
3894,80
3895,1021
3896,0
3897,0
3898,1022
3899,1022
3900,0
3901,0
3902,1021
3903,0
3904,0
3905,1022
3906,1022
3907,0
3908,0
3909,1022
3910,0
3911,0
3912,1022
3913,1021
3914,0
3915,0
3916,1022
3917,999
3918,0
3919,1022
3920,1022
3921,0
3922,0
3923,1022
3924,1021
3925,0
3926,1022
3927,1022
3928,0
3929,0
3930,1022
3931,1021
3932,0
3933,1022
3934,1022
3935,0
3936,0
3937,1022
3938,1022
3939,0
3940,56
3941,1022
3942,0
3943,0
3944,1021
3945,1022
3946,0
3947,0
3948,1022
3949,0
3950,0
3951,1022
3952,1022
3953,0
3954,0
3955,1022
3956,0
3957,0
3958,1022
3959,1022
3960,0
3961,0
3962,1022
3963,1006
3964,0
3965,1022
3966,1021
3967,0
3968,0
3969,1021
3970,999
3971,0
3972,1022
3973,1021
3974,0
3975,0
3976,1022
3977,1022
3978,0
3979,1022
3980,1022
3981,0
3982,0
3983,1022
3984,1021
3985,0
3986,81
3987,1022
3988,0
3989,0
3990,1022
3991,1022
3992,0
3993,56
3994,1022
3995,0
3996,0
3997,1022
3998,1022
3999,0
4000,0
4001,1022
4002,0
4003,0
4004,1022
4005,1022
4006,0
4007,0
4008,1022
4009,998
4010,0
4011,1022
4012,1021
4013,0
4014,0
4015,1022
4016,1006
4017,0
4018,1022
4019,1022
4020,0
4021,0
4022,1022
4023,1022
4024,0
4025,1021
4026,1022
4027,0
4028,0
4029,1021
4030,1022
4031,0
4032,56
4033,1022
4034,0
4035,0
4036,1022
4037,1022
4038,0
4039,55
4040,1022
4041,0
4042,0
4043,1022
4044,1022
4045,0
4046,0
4047,1022
4048,0
4049,0
4050,1021
4051,1022
4052,0
4053,0
4054,1022
4055,0
4056,0
4057,1022
4058,1021
4059,0
4060,0
4061,1022
4062,1022
4063,0
4064,1022
4065,1021
4066,0
4067,0
4068,1022
4069,1022
4070,0
4071,1022
4072,1022
4073,0
4074,0
4075,1022
4076,1022
4077,0
4078,56
4079,1022
4080,0
4081,0
4082,1022
4083,1021
4084,0
4085,81
4086,1022
4087,0
4088,0
4089,1022
4090,1022
4091,0
4092,0
4093,1022
4094,0
4095,0
4096,1022
4097,1022
4098,0
4099,0
4100,1022
4101,0
4102,0
4103,1022
4104,1021
4105,0
4106,0
4107,1022
4108,1022
4109,0
4110,1022
4111,1022
4112,0
4113,0
4114,1022
4115,1022
4116,0
4117,1022
4118,1022
4119,0
4120,0
4121,1022
4122,1021
4123,0
4124,81
4125,1021
4126,0
4127,0
4128,1022
4129,1022
4130,0
4131,56
4132,1021
4133,0
4134,0
4135,1022
4136,1022
4137,0
4138,0
4139,1022
4140,0
4141,0
4142,1022
4143,1022
4144,0
4145,0
4146,1022
4147,1006
4148,0
4149,1022
4150,1022
4151,0
4152,0
4153,1022
4154,1022
4155,0
4156,1022
4157,1022
4158,0
4159,0
4160,1022
4161,1022
4162,0
4163,1022
4164,1022
4165,0
4166,0
4167,1022
4168,1022
4169,0
4170,1022
4171,1022
4172,0
4173,0
4174,1021
4175,1022
4176,0
4177,56
4178,1022
4179,0
4180,0
4181,1022
4182,1022
4183,0
4184,0
4185,1021
4186,0
4187,0
4188,1022
4189,1022
4190,0
4191,0
4192,1022
4193,1006
4194,0
4195,1022
4196,1022
4197,0
4198,0
4199,1022
4200,1021
4201,0
4202,1022
4203,1022
4204,0
4205,0
4206,1021
4207,1021
4208,0
4209,1022
4210,1022
4211,0
4212,0
4213,1022
4214,1022
4215,0
4216,57
4217,1022
4218,0
4219,0
4220,1022
4221,1022
4222,0
4223,56
4224,1022
4225,0
4226,0
4227,1022
4228,1022
4229,0
4230,0
4231,1022
4232,0
4233,0
4234,1022
4235,1022
4236,0
4237,0
4238,1022
4239,1006
4240,0
4241,1022
4242,1022
4243,0
4244,0
4245,1022
4246,1022
4247,0
4248,1021
4249,1022
4250,0
4251,0
4252,1021
4253,1022
4254,0
4255,1022
4256,1022
4257,0
4258,0
4259,1022
4260,1022
4261,0
4262,1022
4263,1022
4264,0
4265,0
4266,1021
4267,1021
4268,0
4269,81
4270,1022
4271,0
4272,0
4273,1022
4274,1022
4275,0
4276,0
4277,1022
4278,0
4279,0
4280,1022
4281,1022
4282,0
4283,0
4284,1022
4285,1006
4286,0
4287,1022
4288,1022
4289,0
4290,0
4291,1022
4292,1022
4293,0
4294,1022
4295,1022
4296,0
4297,0
4298,1021
4299,1022
4300,0
4301,1022
4302,1022
4303,0
4304,0
4305,1022
4306,1022
4307,0
4308,80
4309,1022
4310,0
4311,0
4312,1022
4313,1022
4314,0
4315,0
4316,1022
4317,0
4318,0
4319,1022
4320,1022
4321,0
4322,0
4323,1022
4324,0
4325,0
4326,1022
4327,1022
4328,0
4329,0
4330,1022
4331,1006
4332,0
4333,1022
4334,1022
4335,0
4336,0
4337,1022
4338,1022
4339,0
4340,1022
4341,1022
4342,0
4343,0
4344,1022
4345,1022
4346,0
4347,1022
4348,1022
4349,0
4350,0
4351,1022
4352,1022
4353,0
4354,1022
4355,1022
4356,0
4357,0
4358,1022
4359,1022
4360,0
4361,56
4362,1022
4363,0
4364,0
4365,1022
4366,1022
4367,0
4368,0
4369,1022
4370,0
4371,0
4372,1021
4373,1022
4374,0
4375,0
4376,1022
4377,999
4378,0
4379,1022
4380,1022
4381,0
4382,0
4383,1022
4384,1022
4385,0
4386,1022
4387,1022
4388,0
4389,0
4390,1022
4391,1022
4392,0
4393,1022
4394,1022
4395,0
4396,0
4397,1022
4398,1022
4399,0
4400,56
4401,1022
4402,0
4403,0
4404,1022
4405,1022
4406,0
4407,56
4408,1021
4409,0
4410,0
4411,1022
4412,1022
4413,0
4414,0
4415,1022
4416,0
4417,0
4418,1022
4419,1021
4420,0
4421,0
4422,1022
4423,1006
4424,0
4425,1022
4426,1022
4427,0
4428,0
4429,1021
4430,1021
4431,0
4432,1022
4433,1022
4434,0
4435,0
4436,1022
4437,1022
4438,0
4439,1022
4440,1022
4441,0
4442,0
4443,1021
4444,1022
4445,0
4446,81
4447,1022
4448,0
4449,0
4450,1022
4451,1022
4452,0
4453,81
4454,1022
4455,0
4456,0
4457,1022
4458,1022
4459,0
4460,0
4461,1022
4462,0
4463,0
4464,1022
4465,1022
4466,0
4467,0
4468,1022
4469,1006
4470,0
4471,1022
4472,1022
4473,0
4474,0
4475,1022
4476,1005
4477,0
4478,1022
4479,1022
4480,0
4481,0
4482,1022
4483,1021
4484,0
4485,1022
4486,1021
4487,0
4488,0
4489,1022
4490,1022
4491,0
4492,1022
4493,1022
4494,0
4495,0
4496,1022
4497,1022
4498,0
4499,0
4500,1022
4501,0
4502,0
4503,1022
4504,1021
4505,0
4506,0
4507,1022
4508,0
4509,0
4510,1022
4511,1022
4512,0
4513,0
4514,1022
4515,998
4516,0
4517,1022
4518,1022
4519,0
4520,0
4521,1021
4522,1021
4523,0
4524,1022
4525,1022
4526,0
4527,0
4528,1022
4529,1022
4530,0
4531,1022
4532,1022
4533,0
4534,0
4535,1022
4536,1022
4537,0
4538,81
4539,1022
4540,0
4541,0
4542,1022
4543,1022
4544,0
4545,0
4546,1022
4547,0
4548,0
4549,1022
4550,1022
4551,0
4552,0
4553,1022
4554,0
4555,0
4556,1022
4557,1021
4558,0
4559,0
4560,1022
4561,1006
4562,0
4563,1022
4564,1022
4565,0
4566,0
4567,1022
4568,1005
4569,0
4570,1022
4571,1022
4572,0
4573,0
4574,1022
4575,1022
4576,0
4577,1022
4578,1022
4579,0
4580,0
4581,1022
4582,1022
4583,0
4584,55
4585,1022
4586,0
4587,0
4588,1022
4589,1022
4590,0
4591,56
4592,1022
4593,0
4594,0
4595,1022
4596,1022
4597,0
4598,0
4599,1022
4600,0
4601,0
4602,1022
4603,1022
4604,0
4605,0
4606,1022
4607,1006
4608,0
4609,1022
4610,1022
4611,0
4612,0
4613,1022
4614,1022
4615,0
4616,1022
4617,1022
4618,0
4619,0
4620,1022
4621,1021
4622,0
4623,1022
4624,1022
4625,0
4626,0
4627,1023
4628,1022
4629,0
4630,56
4631,1022
4632,0
4633,0
4634,1021
4635,1021
4636,0
4637,80
4638,1021
4639,0
4640,0
4641,1022
4642,1022
4643,0
4644,0
4645,1022
4646,0
4647,0
4648,1022
4649,1022
4650,0
4651,0
4652,1022
4653,0
4654,0
4655,1022
4656,1021
4657,0
4658,0
4659,1021
4660,1021
4661,0
4662,1022
4663,1022
4664,0
4665,0
4666,1022
4667,1022
4668,0
4669,1022
4670,1022
4671,0
4672,0
4673,1022
4674,1022
4675,0
4676,56
4677,1022
4678,0
4679,0
4680,1022
4681,1022
4682,0
4683,81
4684,1022
4685,0
4686,0
4687,1022
4688,1022
4689,0
4690,0
4691,1022
4692,0
4693,0
4694,1022
4695,1022
4696,0
4697,0
4698,1022
4699,1006
4700,0
4701,1022
4702,1022
4703,0
4704,0
4705,1022
4706,1022
4707,0
4708,1022
4709,1022
4710,0
4711,0
4712,1021
4713,1022
4714,0
4715,1021
4716,1022
4717,0
4718,0
4719,1022
4720,1022
4721,0
4722,56
4723,1022
4724,0
4725,0
4726,1022
4727,1022
4728,0
4729,56
4730,1022
4731,0
4732,0
4733,1022
4734,1021
4735,0
4736,0
4737,1021
4738,0
4739,0
4740,1022
4741,1022
4742,0
4743,0
4744,1022
4745,998
4746,0
4747,1022
4748,1022
4749,0
4750,0
4751,1021
4752,1006
4753,0
4754,1022
4755,1022
4756,0
4757,0
4758,1022
4759,1022
4760,0
4761,1022
4762,1022
4763,0
4764,0
4765,1022
4766,1022
4767,0
4768,1022
4769,1022
4770,0
4771,0
4772,1022
4773,1022
4774,0
4775,55
4776,1022
4777,0
4778,0
4779,1022
4780,1022
4781,0
4782,0
4783,1022
4784,0
4785,0
4786,1022
4787,1021
4788,0
4789,0
4790,1021
4791,0
4792,0
4793,1022
4794,1022
4795,0
4796,0
4797,1022
4798,1022
4799,0
4800,1022
4801,1021
4802,0
4803,0
4804,1022
4805,1022
4806,0
4807,1022
4808,1022
4809,0
4810,0
4811,1022
4812,1022
4813,0
4814,56
4815,1021
4816,0
4817,0
4818,1022
4819,1022
4820,0
4821,80
4822,1022
4823,0
4824,0
4825,1022
4826,1022
4827,0
4828,0
4829,1022
4830,0
4831,0
4832,1021
4833,1021
4834,0
4835,0
4836,1022
4837,1006
4838,0
4839,1022
4840,1022
4841,0
4842,0
4843,1022
4844,1022
4845,0
4846,1022
4847,1022
4848,0
4849,0
4850,1022
4851,1022
4852,0
4853,1022
4854,1022
4855,0
4856,0
4857,1022
4858,1022
4859,0
4860,56
4861,1022
4862,0
4863,0
4864,1022
4865,1023
4866,0
4867,0
4868,1021
4869,0
4870,0
4871,1021
4872,1021
4873,0
4874,0
4875,1022
4876,0
4877,0
4878,1022
4879,1022
4880,0
4881,0
4882,1022
4883,1006
4884,0
4885,1022
4886,1022
4887,0
4888,0
4889,1021
4890,1021
4891,0
4892,1022
4893,1022
4894,0
4895,0
4896,1022
4897,1022
4898,0
4899,1022
4900,1022
4901,0
4902,0
4903,1022
4904,1022
4905,0
4906,56
4907,1022
4908,0
4909,0
4910,1022
4911,1022
4912,0
4913,80
4914,1022
4915,0
4916,0
4917,1022
4918,1022
4919,0
4920,0
4921,1022
4922,0
4923,0
4924,1022
4925,1022
4926,0
4927,0
4928,1022
4929,1006
4930,0
4931,1022
4932,1021
4933,0
4934,0
4935,1021
4936,1022
4937,0
4938,1021
4939,1022
4940,0
4941,0
4942,1022
4943,1022
4944,0
4945,1022
4946,1022
4947,0
4948,0
4949,1022
4950,1022
4951,0
4952,1022
4953,1022
4954,0
4955,0
4956,1021
4957,1022
4958,0
4959,56
4960,1022
4961,0
4962,0
4963,1022
4964,1021
4965,0
4966,0
4967,1022
4968,0
4969,0
4970,1022
4971,1021
4972,0
4973,0
4974,1022
4975,999
4976,0
4977,1022
4978,1022
4979,0
4980,0
4981,1021
4982,1022
4983,0
4984,1021
4985,1022
4986,0
4987,0
4988,1023
4989,1022
4990,0
4991,1022
4992,1022
4993,0
4994,0
4995,1022
4996,1022
4997,0
4998,56
4999,1022
5000,0
5001,0
5002,1022
5003,1022
5004,0
5005,79
5006,1022
5007,0
5008,0
5009,1022
5010,1022
5011,0
5012,0
5013,1022
5014,0
5015,0
5016,1022
5017,1022
5018,0
5019,0
5020,1022
5021,999
5022,0
5023,1022
5024,1022
5025,0
5026,0
5027,1022
5028,1006
5029,0
5030,1022
5031,1022
5032,0
5033,0
5034,1022
5035,1022
5036,0
5037,1022
5038,1022
5039,0
5040,0
5041,1022
5042,1022
5043,0
5044,80
5045,1021
5046,0
5047,0
5048,1022
5049,1022
5050,0
5051,80
5052,1022
5053,0
5054,0
5055,1022
5056,1022
5057,0
5058,0
5059,1022
5060,0
5061,0
5062,1022
5063,1022
5064,0
5065,0
5066,1022
5067,1006
5068,0
5069,1022
5070,1021
5071,0
5072,0
5073,1022
5074,1006
5075,0
5076,1022
5077,1022
5078,0
5079,0
5080,1022
5081,1022
5082,0
5083,1022
5084,1022
5085,0
5086,0
5087,1022
5088,1021
5089,0
5090,56
5091,1022
5092,0
5093,0
5094,1021
5095,1022
5096,0
5097,0
5098,1022
5099,0
5100,0
5101,1022
5102,1022
5103,0
5104,0
5105,1022
5106,0
5107,0
5108,1022
5109,1022
5110,0
5111,0
5112,1022
5113,0
5114,0
5115,1021
5116,1022
5117,0
5118,0
5119,1022
5120,1022
5121,0
5122,1021
5123,1022
5124,0
5125,0
5126,1022
5127,1022
5128,0
5129,1023
5130,1022
5131,0
5132,0
5133,1022
5134,1022
5135,0
5136,57
5137,1022
5138,0
5139,0
5140,1022
5141,1022
5142,0
5143,81
5144,1022
5145,0
5146,0
5147,1022
5148,1022
5149,0
5150,0
5151,1022
5152,0
5153,0
5154,1022
5155,1021
5156,0
5157,0
5158,1022
5159,1006
5160,0
5161,1022
5162,1022
5163,0
5164,0
5165,1021
5166,998
5167,0
5168,1022
5169,1022
5170,0
5171,0
5172,1021
5173,1021
5174,0
5175,1022
5176,1022
5177,0
5178,0
5179,1022
5180,1022
5181,0
5182,57
5183,1022
5184,0
5185,0
5186,1022
5187,1021
5188,0
5189,56
5190,1022
5191,0
5192,0
5193,1021
5194,1022
5195,0
5196,0
5197,1022
5198,0
5199,0
5200,1022
5201,1022
5202,0
5203,0
5204,1022
5205,1006
5206,0
5207,1022
5208,1022
5209,0
5210,0
5211,1022
5212,1022
5213,0
5214,1022
5215,1022
5216,0
5217,0
5218,1021
5219,1021
5220,0
5221,1022
5222,1022
5223,0
5224,0
5225,1022
5226,1022
5227,0
5228,55
5229,1022
5230,0
5231,0
5232,1022
5233,1022
5234,0
5235,55
5236,1020
5237,0
5238,0
5239,1021
5240,1022
5241,0
5242,0
5243,1021
5244,0
5245,0
5246,1022
5247,1021
5248,0
5249,0
5250,1022
5251,0
5252,0
5253,1022
5254,1022
5255,0
5256,0
5257,1022
5258,1022
5259,0
5260,1022
5261,1022
5262,0
5263,0
5264,1022
5265,1022
5266,0
5267,1022
5268,1022
5269,0
5270,0
5271,1022
5272,1022
5273,0
5274,80
5275,1022
5276,0
5277,0
5278,1022
5279,1022
5280,0
5281,81
5282,1022
5283,0
5284,0
5285,1022
5286,1022
5287,0
5288,0
5289,1022
5290,0
5291,0
5292,1022
5293,1022
5294,0
5295,0
5296,1022
5297,1006
5298,0
5299,1022
5300,1022
5301,0
5302,0
5303,1022
5304,1022
5305,0
5306,1021
5307,1022
5308,0
5309,0
5310,1021
5311,1022
5312,0
5313,1022
5314,1022
5315,0
5316,0
5317,1022
5318,1022
5319,0
5320,56
5321,1022
5322,0
5323,0
5324,1022
5325,1021
5326,0
5327,56
5328,1022
5329,0
5330,0
5331,1022
5332,1022
5333,0
5334,0
5335,1021
5336,0
5337,0
5338,1022
5339,1022
5340,0
5341,0
5342,1022
5343,999
5344,0
5345,1022
5346,1022
5347,0
5348,0
5349,1022
5350,1021
5351,0
5352,1022
5353,1022
5354,0
5355,0
5356,1022
5357,1022
5358,0
5359,1022
5360,1022
5361,0
5362,0
5363,1022
5364,1022
5365,0
5366,80
5367,1022
5368,0
5369,0
5370,1022
5371,1022
5372,0
5373,79
5374,1022
5375,0
5376,0
5377,1021
5378,1022
5379,0
5380,0
5381,1022
5382,0
5383,0
5384,1022
5385,1022
5386,0
5387,0
5388,1022
5389,999
5390,0
5391,1022
5392,1022
5393,0
5394,0
5395,1022
5396,1022
5397,0
5398,1022
5399,1022
5400,0
5401,0
5402,1022
5403,1022
5404,0
5405,1022
5406,1022
5407,0
5408,0
5409,1022
5410,1022
5411,0
5412,56
5413,1022
5414,0
5415,0
5416,1022
5417,1022
5418,0
5419,0
5420,1022
5421,0
5422,0
5423,1022
5424,1021
5425,0
5426,0
5427,1022
5428,0
5429,0
5430,1022
5431,1021
5432,0
5433,0
5434,1022
5435,999
5436,0
5437,1022
5438,1022
5439,0
5440,0
5441,1022
5442,1021
5443,0
5444,1022
5445,1022
5446,0
5447,0
5448,1022
5449,1022
5450,0
5451,1022
5452,1021
5453,0
5454,0
5455,1022
5456,1022
5457,0
5458,56
5459,1022
5460,0
5461,0
5462,1022
5463,1022
5464,0
5465,57
5466,1022
5467,0
5468,0
5469,1022
5470,1022
5471,0
5472,0
5473,1022
5474,0
5475,0
5476,1022
5477,1022
5478,0
5479,0
5480,1022
5481,1006
5482,0
5483,1021
5484,1022
5485,0
5486,0
5487,1021
5488,1022
5489,0
5490,1022
5491,1021
5492,0
5493,0
5494,1022
5495,1022
5496,0
5497,1022
5498,1022
5499,0
5500,0
5501,1022
5502,1022
5503,0
5504,0
5505,1021
5506,0
5507,0
5508,1021
5509,1021
5510,0
5511,81
5512,1022
5513,0
5514,0
5515,1022
5516,1022
5517,0
5518,0
5519,1022
5520,0
5521,0
5522,1022
5523,1022
5524,0
5525,0
5526,1022
5527,1006
5528,0
5529,1022
5530,1022
5531,0
5532,0
5533,1022
5534,999
5535,0
5536,1022
5537,1021
5538,0
5539,0
5540,1021
5541,1022
5542,0
5543,1022
5544,1022
5545,0
5546,0
5547,1022
5548,1022
5549,0
5550,56
5551,1022
5552,0
5553,0
5554,1022
5555,1021
5556,0
5557,56
5558,1022
5559,0
5560,0
5561,1022
5562,1022
5563,0
5564,0
5565,1022
5566,0
5567,0
5568,1021
5569,1022
5570,0
5571,0
5572,1022
5573,999
5574,0
5575,1022
5576,1022
5577,0
5578,0
5579,1022
5580,1022
5581,0
5582,1023
5583,1022
5584,0
5585,0
5586,1022
5587,1022
5588,0
5589,1022
5590,1022
5591,0
5592,0
5593,1022
5594,1022
5595,0
5596,56
5597,1022
5598,0
5599,0
5600,1021
5601,1022
5602,0
5603,0
5604,1022
5605,0
5606,0
5607,1022
5608,1022
5609,0
5610,0
5611,1022
5612,0
5613,0
5614,1022
5615,1022
5616,0
5617,0
5618,1022
5619,999
5620,0
5621,1022
5622,1022
5623,0
5624,0
5625,1021
5626,1022
5627,0
5628,1022
5629,1022
5630,0
5631,0
5632,1021
5633,1022
5634,0
5635,1022
5636,1022
5637,0
5638,0
5639,1021
5640,1022
5641,0
5642,80
5643,1021
5644,0
5645,0
5646,1022
5647,1022
5648,0
5649,81
5650,1022
5651,0
5652,0
5653,1022
5654,1022
5655,0
5656,0
5657,1022
5658,0
5659,0
5660,1022
5661,1022
5662,0
5663,0
5664,1021
5665,1006
5666,0
5667,1022
5668,1022
5669,0
5670,0
5671,1021
5672,1022
5673,0
5674,1022
5675,1022
5676,0
5677,0
5678,1022
5679,1022
5680,0
5681,1022
5682,1022
5683,0
5684,0
5685,1022
5686,1021
5687,0
5688,56
5689,1022
5690,0
5691,0
5692,1022
5693,1021
5694,0
5695,0
5696,1022
5697,0
5698,0
5699,1023
5700,1022
5701,0
5702,0
5703,1022
5704,0
5705,0
5706,1022
5707,1022
5708,0
5709,0
5710,1022
5711,1006
5712,0
5713,1022
5714,1022
5715,0
5716,0
5717,1022
5718,998
5719,0
5720,1021
5721,1023
5722,0
5723,0
5724,1022
5725,1021
5726,0
5727,1022
5728,1022
5729,0
5730,0
5731,1022
5732,1022
5733,0
5734,56
5735,1021
5736,0
5737,0
5738,1022
5739,1022
5740,0
5741,56
5742,1022
5743,0
5744,0
5745,1022
5746,1022
5747,0
5748,0
5749,1022
5750,0
5751,0
5752,1022
5753,1022
5754,0
5755,0
5756,1022
5757,1006
5758,0
5759,1022
5760,1022
5761,0
5762,0
5763,1022
5764,998
5765,0
5766,1022
5767,1022
5768,0
5769,0
5770,1022
5771,1021
5772,0
5773,1022
5774,1022
5775,0
5776,0
5777,1021
5778,1022
5779,0
5780,56
5781,1022
5782,0
5783,0
5784,1021
5785,1022
5786,0
5787,0
5788,1022
5789,0
5790,0
5791,1021
5792,1022
5793,0
5794,0
5795,1022
5796,0
5797,0
5798,1022
5799,1022
5800,0
5801,0
5802,1022
5803,999
5804,0
5805,1021
5806,1021
5807,0
5808,0
5809,1022
5810,1020
5811,0
5812,1022
5813,1022
5814,0
5815,0
5816,1022
5817,1021
5818,0
5819,1022
5820,1021
5821,0
5822,0
5823,1022
5824,1022
5825,0
5826,56
5827,1022
5828,0
5829,0
5830,1022
5831,1022
5832,0
5833,56
5834,1022
5835,0
5836,0
5837,1022
5838,1022
5839,0
5840,0
5841,1021
5842,0
5843,0
5844,1022
5845,1022
5846,0
5847,0
5848,1022
5849,0
5850,0
5851,1022
5852,1022
5853,0
5854,0
5855,1022
5856,1005
5857,0
5858,1022
5859,1022
5860,0
5861,0
5862,1021
5863,1022
5864,0
5865,1022
5866,1022
5867,0
5868,0
5869,1021
5870,1022
5871,0
5872,1022
5873,1022
5874,0
5875,0
5876,1022
5877,1021
5878,0
5879,81
5880,1022
5881,0
5882,0
5883,1022
5884,1022
5885,0
5886,0
5887,1022
5888,999
5889,0
5890,1022
5891,1022
5892,0
5893,0
5894,1022
5895,998
5896,0
5897,1022
5898,1022
5899,0
5900,0
5901,1022
5902,1022
5903,0
5904,1022
5905,1022
5906,0
5907,0
5908,1022
5909,1022
5910,0
5911,1022
5912,1022
5913,0
5914,0
5915,1022
5916,1022
5917,0
5918,1022
5919,1022
5920,0
5921,0
5922,1022
5923,1022
5924,0
5925,56
5926,1022
5927,0
5928,0
5929,1022
5930,1022
5931,0
5932,0
5933,1022
5934,0
5935,0
5936,1022
5937,1022
5938,0
5939,0
5940,1022
5941,1006
5942,0
5943,1022
5944,1022
5945,0
5946,0
5947,1022
5948,1022
5949,0
5950,1022
5951,1022
5952,0
5953,0
5954,1022
5955,1022
5956,0
5957,1022
5958,1022
5959,0
5960,0
5961,1022
5962,1022
5963,0
5964,56
5965,1022
5966,0
5967,0
5968,1022
5969,1022
5970,0
5971,81
5972,1022
5973,0
5974,0
5975,1022
5976,1022
5977,0
5978,0
5979,1022
5980,0
5981,0
5982,1022
5983,1022
5984,0
5985,0
5986,1022
5987,0
5988,0
5989,1022
5990,1022
5991,0
5992,0
5993,1022
5994,999
5995,0
5996,1022
5997,1022
5998,0
5999,0
6000,1022
6001,1022
6002,0
6003,1022
6004,1022
6005,0
6006,0
6007,1021
6008,1022
6009,0
6010,80
6011,1022
6012,0
6013,0
6014,1021
6015,1022
6016,0
6017,55
6018,1022
6019,0
6020,0
6021,1022
6022,1022
6023,0
6024,0
6025,1022
6026,0
6027,0
6028,1022
6029,1021
6030,0
6031,0
6032,1022
6033,998
6034,0
6035,1021
6036,1022
6037,0
6038,0
6039,1022
6040,1006
6041,0
6042,1021
6043,1022
6044,0
6045,0
6046,1022
6047,1021
6048,0
6049,1022
6050,1022
6051,0
6052,0
6053,1022
6054,1022
6055,0
6056,81
6057,1022
6058,0
6059,0
6060,1021
6061,1022
6062,0
6063,0
6064,1022
6065,0
6066,0
6067,1022
6068,1022
6069,0
6070,0
6071,1022
6072,0
6073,0
6074,1022
6075,1022
6076,0
6077,0
6078,1022
6079,0
6080,0
6081,1022
6082,1022
6083,0
6084,0
6085,1021
6086,1021
6087,0
6088,1021
6089,1022
6090,0
6091,0
6092,1022
6093,1022
6094,0
6095,1022
6096,1022
6097,0
6098,0
6099,1022
6100,1022
6101,0
6102,0
6103,1021
6104,0
6105,0
6106,1023
6107,1022
6108,0
6109,0
6110,1021
6111,0
6112,0
6113,1022
6114,1022
6115,0
6116,0
6117,1022
6118,0
6119,0
6120,1022
6121,1022
6122,0
6123,0
6124,1022
6125,998
6126,0
6127,1021
6128,1022
6129,0
6130,0
6131,1022
6132,999
6133,0
6134,1022
6135,1022
6136,0
6137,0
6138,1022
6139,1022
6140,0
6141,1022
6142,1022
6143,0
6144,0
6145,1022
6146,1022
6147,0
6148,81
6149,1022
6150,0
6151,0
6152,1022
6153,1021
6154,0
6155,0
6156,1022
6157,0
6158,0
6159,1022
6160,1022
6161,0
6162,0
6163,1022
6164,0
6165,0
6166,1022
6167,1022
6168,0
6169,0
6170,1022
6171,1006
6172,0
6173,1022
6174,1022
6175,0
6176,0
6177,1021
6178,1022
6179,0
6180,1022
6181,1022
6182,0
6183,0
6184,1021
6185,1022
6186,0
6187,1022
6188,1021
6189,0
6190,0
6191,1022
6192,1021
6193,0
6194,56
6195,1022
6196,0
6197,0
6198,1022
6199,1022
6200,0
6201,81
6202,1022
6203,0
6204,0
6205,1022
6206,1022
6207,0
6208,0
6209,1022
6210,0
6211,0
6212,1022
6213,1022
6214,0
6215,0
6216,1022
6217,1007
6218,0
6219,1022
6220,1022
6221,0
6222,0
6223,1022
6224,999
6225,0
6226,1021
6227,1022
6228,0
6229,0
6230,1022
6231,1022
6232,0
6233,1022
6234,1022
6235,0
6236,0
6237,1021
6238,1022
6239,0
6240,55
6241,1022
6242,0
6243,0
6244,1021
6245,1022
6246,0
6247,0
6248,1022
6249,0
6250,0
6251,1022
6252,1022
6253,0
6254,0
6255,1022
6256,0
6257,0
6258,1022
6259,1022
6260,0
6261,0
6262,1021
6263,1005
6264,0
6265,1022
6266,1022
6267,0
6268,0
6269,1022
6270,1006
6271,0
6272,1022
6273,1021
6274,0
6275,0
6276,1022
6277,1022
6278,0
6279,1022
6280,1021
6281,0
6282,0
6283,1022
6284,1021
6285,0
6286,56
6287,1021
6288,0
6289,0
6290,1022
6291,1022
6292,0
6293,0
6294,1022
6295,0
6296,0
6297,1022
6298,1022
6299,0
6300,0
6301,1022
6302,0
6303,0
6304,1022
6305,1022
6306,0
6307,0
6308,1022
6309,1006
6310,0
6311,1022
6312,1022
6313,0
6314,0
6315,1022
6316,999
6317,0
6318,1022
6319,1022
6320,0
6321,0
6322,1021
6323,1022
6324,0
6325,1021
6326,1022
6327,0
6328,0
6329,1022
6330,1022
6331,0
6332,56
6333,1022
6334,0
6335,0
6336,1021
6337,1022
6338,0
6339,0
6340,1022
6341,0
6342,0
6343,1022
6344,1021
6345,0
6346,0
6347,1022
6348,0
6349,0
6350,1022
6351,1022
6352,0
6353,0
6354,1022
6355,1006
6356,0
6357,1022
6358,1022
6359,0
6360,0
6361,1022
6362,999
6363,0
6364,1022
6365,1022
6366,0
6367,0
6368,1022
6369,1022
6370,0
6371,1022
6372,1022
6373,0
6374,0
6375,1022
6376,1022
6377,0
6378,57
6379,1022
6380,0
6381,0
6382,1022
6383,1022
6384,0
6385,0
6386,1022
6387,0
6388,0
6389,1022
6390,1022
6391,0
6392,0
6393,1022
6394,0
6395,0
6396,1021
6397,1022
6398,0
6399,0
6400,1022
6401,999
6402,0
6403,1022
6404,1022
6405,0
6406,0
6407,1022
6408,1022
6409,0
6410,1022
6411,1022
6412,0
6413,0
6414,1022
6415,1021
6416,0
6417,1021
6418,1022
6419,0
6420,0
6421,1023
6422,1022
6423,0
6424,1022
6425,1022
6426,0
6427,0
6428,1022
6429,1022
6430,0
6431,0
6432,1022
6433,0
6434,0
6435,1022
6436,1022
6437,0
6438,0
6439,1022
6440,0
6441,0
6442,1022
6443,1022
6444,0
6445,0
6446,1022
6447,0
6448,0
6449,1022
6450,1022
6451,0
6452,0
6453,1022
6454,1022
6455,0
6456,1022
6457,1022
6458,0
6459,0
6460,1022
6461,1022
6462,0
6463,1022
6464,1022
6465,0
6466,0
6467,1022
6468,1022
6469,0
6470,1021
6471,1022
6472,0
6473,0
6474,1022
6475,1022
6476,0
6477,0
6478,1022
6479,0
6480,0
6481,1022
6482,1022
6483,0
6484,0
6485,1022
6486,0
6487,0
6488,1022
6489,1022
6490,0
6491,0
6492,1022
6493,998
6494,0
6495,1021
6496,1022
6497,0
6498,0
6499,1023
6500,1022
6501,0
6502,1022
6503,1022
6504,0
6505,0
6506,1022
6507,1022
6508,0
6509,1022
6510,1022
6511,0
6512,0
6513,1022
6514,1022
6515,0
6516,81
6517,1022
6518,0
6519,0
6520,1022
6521,1022
6522,0
6523,56
6524,1022
6525,0
6526,0
6527,1022
6528,1022
6529,0
6530,0
6531,1022
6532,0
6533,0
6534,1022
6535,1022
6536,0
6537,0
6538,1022
6539,1006
6540,0
6541,1022
6542,1022
6543,0
6544,0
6545,1022
6546,1022
6547,0
6548,1023
6549,1021
6550,0
6551,0
6552,1021
6553,1022
6554,0
6555,1022
6556,1022
6557,0
6558,0
6559,1022
6560,1022
6561,0
6562,1022
6563,1022
6564,0
6565,0
6566,1022
6567,1022
6568,0
6569,81
6570,1022
6571,0
6572,0
6573,1021
6574,1022
6575,0
6576,0
6577,1022
6578,0
6579,0
6580,1022
6581,1022
6582,0
6583,0
6584,1022
6585,1006
6586,0
6587,1022
6588,1022
6589,0
6590,0
6591,1022
6592,1006
6593,0
6594,1023
6595,1022
6596,0
6597,0
6598,1022
6599,1021
6600,0
6601,1022
6602,1022
6603,0
6604,0
6605,1022
6606,1022
6607,0
6608,57
6609,1022
6610,0
6611,0
6612,1022
6613,1022
6614,0
6615,56
6616,1022
6617,0
6618,0
6619,1022
6620,1022
6621,0
6622,0
6623,1022
6624,0
6625,0
6626,1021
6627,1022
6628,0
6629,0
6630,1022
6631,999
6632,0
6633,1021
6634,1022
6635,0
6636,0
6637,1022
6638,1023
6639,0
6640,1022
6641,1022
6642,0
6643,0
6644,1022
6645,1022
6646,0
6647,1022
6648,1022
6649,0
6650,0
6651,1022
6652,1022
6653,0
6654,80
6655,1021
6656,0
6657,0
6658,1022
6659,1022
6660,0
6661,0
6662,1022
6663,0
6664,0
6665,1022
6666,1022
6667,0
6668,0
6669,1022
6670,0
6671,0
6672,1022
6673,1022
6674,0
6675,0
6676,1022
6677,1006
6678,0
6679,1022
6680,1022
6681,0
6682,0
6683,1022
6684,1022
6685,0
6686,1022
6687,1022
6688,0
6689,0
6690,1021
6691,1022
6692,0
6693,1022
6694,1022
6695,0
6696,0
6697,1022
6698,1022
6699,0
6700,80
6701,1022
6702,0
6703,0
6704,1022
6705,1022
6706,0
6707,0
6708,1022
6709,0
6710,0
6711,1022
6712,1022
6713,0
6714,0
6715,1022
6716,0
6717,0
6718,1022
6719,1022
6720,0
6721,0
6722,1022
6723,1005
6724,0
6725,1022
6726,1022
6727,0
6728,0
6729,1021
6730,1022
6731,0
6732,1022
6733,1022
6734,0
6735,0
6736,1021
6737,1021
6738,0
6739,1021
6740,1021
6741,0
6742,0
6743,1022
6744,1022
6745,0
6746,56
6747,1022
6748,0
6749,0
6750,1022
6751,1022
6752,0
6753,80
6754,1022
6755,0
6756,0
6757,1022
6758,1022
6759,0
6760,0
6761,1022
6762,0
6763,0
6764,1022
6765,1022
6766,0
6767,0
6768,1022
6769,1006
6770,0
6771,1022
6772,1021
6773,0
6774,0
6775,1022
6776,1005
6777,0
6778,1022
6779,1022
6780,0
6781,0
6782,1022
6783,1021
6784,0
6785,1022
6786,1022
6787,0
6788,0
6789,1022
6790,1021
6791,0
6792,80
6793,1022
6794,0
6795,0
6796,1022
6797,1022
6798,0
6799,0
6800,1022
6801,0
6802,0
6803,1021
6804,1022
6805,0
6806,0
6807,1022
6808,0
6809,0
6810,1021
6811,1022
6812,0
6813,0
6814,1022
6815,999
6816,0
6817,1022
6818,1022
6819,0
6820,0
6821,1021
6822,1022
6823,0
6824,1022
6825,1022
6826,0
6827,0
6828,1022
6829,1022
6830,0
6831,1022
6832,1022
6833,0
6834,0
6835,1022
6836,1022
6837,0
6838,56
6839,1022
6840,0
6841,0
6842,1022
6843,1021
6844,0
6845,0
6846,1022
6847,0
6848,0
6849,1022
6850,1021
6851,0
6852,0
6853,1022
6854,0
6855,0
6856,1021
6857,1021
6858,0
6859,0
6860,1022
6861,998
6862,0
6863,1022
6864,1021
6865,0
6866,0
6867,1022
6868,1022
6869,0
6870,1021
6871,1022
6872,0
6873,0
6874,1022
6875,1021
6876,0
6877,1022
6878,1022
6879,0
6880,0
6881,1022
6882,1022
6883,0
6884,56
6885,1022
6886,0
6887,0
6888,1022
6889,1021
6890,0
6891,0
6892,1022
6893,0
6894,0
6895,1022
6896,1021
6897,0
6898,0
6899,1022
6900,0
6901,0
6902,1022
6903,1022
6904,0
6905,0
6906,1022
6907,998
6908,0
6909,1022
6910,1022
6911,0
6912,0
6913,1022
6914,1006
6915,0
6916,1022
6917,1021
6918,0
6919,0
6920,1023
6921,1021
6922,0
6923,1022
6924,1022
6925,0
6926,0
6927,1022
6928,1022
6929,0
6930,56
6931,1022
6932,0
6933,0
6934,1022
6935,1022
6936,0
6937,56
6938,1021
6939,0
6940,0
6941,1022
6942,1022
6943,0
6944,0
6945,1022
6946,0
6947,0
6948,1022
6949,1022
6950,0
6951,0
6952,1021
6953,998
6954,0
6955,1022
6956,1021
6957,0
6958,0
6959,1022
6960,1006
6961,0
6962,1022
6963,1022
6964,0
6965,0
6966,1022
6967,1022
6968,0
6969,1021
6970,1022
6971,0
6972,0
6973,1022
6974,1022
6975,0
6976,81
6977,1022
6978,0
6979,0
6980,1022
6981,1022
6982,0
6983,56
6984,1022
6985,0
6986,0
6987,1022
6988,1022
6989,0
6990,0
6991,1022
6992,0
6993,0
6994,1022
6995,1022
6996,0
6997,0
6998,1022
6999,0
7000,0
7001,1022
7002,1022
7003,0
7004,0
7005,1022
7006,1022
7007,0
7008,1021
7009,1022
7010,0
7011,0
7012,1022
7013,1022
7014,0
7015,1022
7016,1022
7017,0
7018,0
7019,1022
7020,1023
7021,0
7022,56
7023,1023
7024,0
7025,0
7026,1022
7027,1021
7028,0
7029,0
7030,1022
7031,0
7032,0
7033,1022
7034,1021
7035,0
7036,0
7037,1022
7038,0
7039,0
7040,1022
7041,1022
7042,0
7043,0
7044,1022
7045,0
7046,0
7047,1022
7048,1022
7049,0
7050,0
7051,1022
7052,1022
7053,0
7054,1021
7055,1022
7056,0
7057,0
7058,1022
7059,1022
7060,0
7061,1022
7062,1022
7063,0
7064,0
7065,1022
7066,1022
7067,0
7068,55
7069,1022
7070,0
7071,0
7072,1022
7073,1022
7074,0
7075,57
7076,1022
7077,0
7078,0
7079,1021
7080,1021
7081,0
7082,0
7083,1022
7084,0
7085,0
7086,1021
7087,1022
7088,0
7089,0
7090,1022
7091,0
7092,0
7093,1022
7094,1022
7095,0
7096,0
7097,1022
7098,1022
7099,0
7100,1022
7101,1022
7102,0
7103,0
7104,1022
7105,1022
7106,0
7107,1022
7108,1021
7109,0
7110,0
7111,1022
7112,1022
7113,0
7114,56
7115,1022
7116,0
7117,0
7118,1022
7119,1021
7120,0
7121,0
7122,1022
7123,0
7124,0
7125,1021
7126,1021
7127,0
7128,0
7129,1022
7130,0
7131,0
7132,1022
7133,1022
7134,0
7135,0
7136,1022
7137,1006
7138,0
7139,1022
7140,1022
7141,0
7142,0
7143,1021
7144,1021
7145,0
7146,1022
7147,1022
7148,0
7149,0
7150,1022
7151,1022
7152,0
7153,1022
7154,1022
7155,0
7156,0
7157,1021
7158,1022
7159,0
7160,1021
7161,1022
7162,0
7163,0
7164,1022
7165,1022
7166,0
7167,0
7168,1022
7169,0
7170,0
7171,1021
7172,1022
7173,0
7174,0
7175,1022
7176,0
7177,0
7178,1022
7179,1022
7180,0
7181,0
7182,1022
7183,0
7184,0
7185,1022
7186,1022
7187,0
7188,0
7189,1022
7190,1022
7191,0
7192,1022
7193,1022
7194,0
7195,0
7196,1022
7197,1022
7198,0
7199,1022
7200,1022
7201,0
7202,0
7203,1022
7204,1021
7205,0
7206,56
7207,1022
7208,0
7209,0
7210,1022
7211,1022
7212,0
7213,57
7214,1022
7215,0
7216,0
7217,1022
7218,1022
7219,0
7220,0
7221,1021
7222,0
7223,0
7224,1022
7225,1021
7226,0
7227,0
7228,1022
7229,1006
7230,0
7231,1021
7232,1022
7233,0
7234,0
7235,1022
7236,1022
7237,0
7238,1021
7239,1022
7240,0
7241,0
7242,1022
7243,1021
7244,0
7245,1022
7246,1022
7247,0
7248,0
7249,1022
7250,1022
7251,0
7252,81
7253,1023
7254,0
7255,0
7256,1021
7257,1021
7258,0
7259,0
7260,1021
7261,0
7262,0
7263,1022
7264,1022
7265,0
7266,0
7267,1022
7268,0
7269,0
7270,1021
7271,1022
7272,0
7273,0
7274,1022
7275,1006
7276,0
7277,1022
7278,1022
7279,0
7280,0
7281,1022
7282,1022
7283,0
7284,1022
7285,1022
7286,0
7287,0
7288,1022
7289,1021
7290,0
7291,1022
7292,1022
7293,0
7294,0
7295,1022
7296,1022
7297,0
7298,1022
7299,1022
7300,0
7301,0
7302,1022
7303,1022
7304,0
7305,57
7306,1022
7307,0
7308,0
7309,1021
7310,1021
7311,0
7312,0
7313,1022
7314,0
7315,0
7316,1021
7317,1021
7318,0
7319,0
7320,1022
7321,1006
7322,0
7323,1022
7324,1022
7325,0
7326,0
7327,1022
7328,998
7329,0
7330,1021
7331,1022
7332,0
7333,0
7334,1022
7335,1021
7336,0
7337,1022
7338,1022
7339,0
7340,0
7341,1021
7342,1022
7343,0
7344,81
7345,1022
7346,0
7347,0
7348,1022
7349,1022
7350,0
7351,0
7352,1022
7353,0
7354,0
7355,1022
7356,1022
7357,0
7358,0
7359,1022
7360,0
7361,0
7362,1022
7363,1022
7364,0
7365,0
7366,1022
7367,1006
7368,0
7369,1022
7370,1022
7371,0
7372,0
7373,1022
7374,1022
7375,0
7376,1021
7377,1022
7378,0
7379,0
7380,1022
7381,1022
7382,0
7383,1022
7384,1022
7385,0
7386,0
7387,1022
7388,1022
7389,0
7390,56
7391,1022
7392,0
7393,0
7394,1022
7395,1022
7396,0
7397,56
7398,1022
7399,0
7400,0
7401,1021
7402,1022
7403,0
7404,0
7405,1022
7406,0
7407,0
7408,1022
7409,1022
7410,0
7411,0
7412,1022
7413,1005
7414,0
7415,1022
7416,1022
7417,0
7418,0
7419,1022
7420,1006
7421,0
7422,1022
7423,1022
7424,0
7425,0
7426,1022
7427,1021
7428,0
7429,1022
7430,1022
7431,0
7432,0
7433,1022
7434,1022
7435,0
7436,1021
7437,1022
7438,0
7439,0
7440,1022
7441,1022
7442,0
7443,0
7444,1022
7445,0
7446,0
7447,1022
7448,1022
7449,0
7450,0
7451,1022
7452,0
7453,0
7454,1022
7455,1022
7456,0
7457,0
7458,1022
7459,1006
7460,0
7461,1021
7462,1022
7463,0
7464,0
7465,1021
7466,999
7467,0
7468,1021
7469,1022
7470,0
7471,0
7472,1022
7473,1022
7474,0
7475,1022
7476,1022
7477,0
7478,0
7479,1022
7480,1022
7481,0
7482,56
7483,1021
7484,0
7485,0
7486,1022
7487,1022
7488,0
7489,0
7490,1022
7491,0
7492,0
7493,1022
7494,1022
7495,0
7496,0
7497,1022
7498,0
7499,0
7500,1022
7501,1022
7502,0
7503,0
7504,1022
7505,999
7506,0
7507,1021
7508,1022
7509,0
7510,0
7511,1022
7512,999
7513,0
7514,1022
7515,1022
7516,0
7517,0
7518,1022
7519,1022
7520,0
7521,1022
7522,1022
7523,0
7524,0
7525,1022
7526,1022
7527,0
7528,55
7529,1022
7530,0
7531,0
7532,1022
7533,1022
7534,0
7535,56
7536,1022
7537,0
7538,0
7539,1021
7540,1022
7541,0
7542,0
7543,1022
7544,0
7545,0
7546,1022
7547,1022
7548,0
7549,0
7550,1022
7551,998
7552,0
7553,1021
7554,1022
7555,0
7556,0
7557,1022
7558,1006
7559,0
7560,1021
7561,1022
7562,0
7563,0
7564,1022
7565,1022
7566,0
7567,1021
7568,1022
7569,0
7570,0
7571,1022
7572,1022
7573,0
7574,56
7575,1022
7576,0
7577,0
7578,1022
7579,1022
7580,0
7581,0
7582,1022
7583,0
7584,0
7585,1022
7586,1022
7587,0
7588,0
7589,1022
7590,0
7591,0
7592,1022
7593,1022
7594,0
7595,0
7596,1022
7597,0
7598,0
7599,1022
7600,1022
7601,0
7602,0
7603,1022
7604,1006
7605,0
7606,1022
7607,1022
7608,0
7609,0
7610,1023
7611,1022
7612,0
7613,1023
7614,1022
7615,0
7616,0
7617,1021
7618,1022
7619,0
7620,1022
7621,1022
7622,0
7623,0
7624,1022
7625,1022
7626,0
7627,0
7628,1022
7629,0
7630,0
7631,1022
7632,1022
7633,0
7634,0
7635,1022
7636,0
7637,0
7638,1022
7639,1022
7640,0
7641,0
7642,1022
7643,1006
7644,0
7645,1022
7646,1022
7647,0
7648,0
7649,1022
7650,1021
7651,0
7652,1022
7653,1022
7654,0
7655,0
7656,1022
7657,1022
7658,0
7659,1022
7660,1022
7661,0
7662,0
7663,1022
7664,1022
7665,0
7666,1022
7667,1022
7668,0
7669,0
7670,1022
7671,1022
7672,0
7673,0
7674,1022
7675,0
7676,0
7677,1022
7678,1022
7679,0
7680,0
7681,1022
7682,0
7683,0
7684,1022
7685,1022
7686,0
7687,0
7688,1022
7689,1006
7690,0
7691,1021
7692,1020
7693,0
7694,0
7695,1022
7696,999
7697,0
7698,1022
7699,1022
7700,0
7701,0
7702,1022
7703,1022
7704,0
7705,1022
7706,1022
7707,0
7708,0
7709,1022
7710,1022
7711,0
7712,57
7713,1021
7714,0
7715,0
7716,1022
7717,1022
7718,0
7719,81
7720,1022
7721,0
7722,0
7723,1022
7724,1022
7725,0
7726,0
7727,1022
7728,0
7729,0
7730,1022
7731,1022
7732,0
7733,0
7734,1021
7735,998
7736,0
7737,1022
7738,1022
7739,0
7740,0
7741,1022
7742,1006
7743,0
7744,1022
7745,1022
7746,0
7747,0
7748,1022
7749,1022
7750,0
7751,1022
7752,1022
7753,0
7754,0
7755,1022
7756,1022
7757,0
7758,1022
7759,1022
7760,0
7761,0
7762,1022
7763,1022
7764,0
7765,82
7766,1021
7767,0
7768,0
7769,1022
7770,1022
7771,0
7772,0
7773,1021
7774,0
7775,0
7776,1022
7777,1022
7778,0
7779,0
7780,1022
7781,0
7782,0
7783,1022
7784,1022
7785,0
7786,0
7787,1022
7788,999
7789,0
7790,1021
7791,1022
7792,0
7793,0
7794,1022
7795,1022
7796,0
7797,1022
7798,1022
7799,0
7800,0
7801,1022
7802,1022
7803,0
7804,56
7805,1022
7806,0
7807,0
7808,1022
7809,1022
7810,0
7811,56
7812,1022
7813,0
7814,0
7815,1022
7816,1022
7817,0
7818,0
7819,1021
7820,0
7821,0
7822,1022
7823,1022
7824,0
7825,0
7826,1022
7827,1006
7828,0
7829,1022
7830,1022
7831,0
7832,0
7833,1022
7834,999
7835,0
7836,1022
7837,1022
7838,0
7839,0
7840,1022
7841,1022
7842,0
7843,1021
7844,1021
7845,0
7846,0
7847,1021
7848,1021
7849,0
7850,1021
7851,1022
7852,0
7853,0
7854,1022
7855,1022
7856,0
7857,55
7858,1022
7859,0
7860,0
7861,1022
7862,1022
7863,0
7864,0
7865,1022
7866,0
7867,0
7868,1022
7869,1021
7870,0
7871,0
7872,1022
7873,999
7874,0
7875,1022
7876,1022
7877,0
7878,0
7879,1022
7880,998
7881,0
7882,1022
7883,1022
7884,0
7885,0
7886,1022
7887,1021
7888,0
7889,1022
7890,1022
7891,0
7892,0
7893,1022
7894,1021
7895,0
7896,80
7897,1022
7898,0
7899,0
7900,1022
7901,1022
7902,0
7903,0
7904,1022
7905,0
7906,0
7907,1022
7908,1021
7909,0
7910,0
7911,1022
7912,0
7913,0
7914,1022
7915,1022
7916,0
7917,0
7918,1022
7919,999
7920,0
7921,1022
7922,1022
7923,0
7924,0
7925,1022
7926,999
7927,0
7928,1022
7929,1022
7930,0
7931,0
7932,1022
7933,1022
7934,0
7935,1022
7936,1022
7937,0
7938,0
7939,1022
7940,1022
7941,0
7942,81
7943,1022
7944,0
7945,0
7946,1022
7947,1022
7948,0
7949,0
7950,1022
7951,0
7952,0
7953,1022
7954,1022
7955,0
7956,0
7957,1022
7958,0
7959,0
7960,1022
7961,1022
7962,0
7963,0
7964,1022
7965,999
7966,0
7967,1022
7968,1021
7969,0
7970,0
7971,1022
7972,1006
7973,0
7974,1022
7975,1022
7976,0
7977,0
7978,1022
7979,1022
7980,0
7981,1022
7982,1022
7983,0
7984,0
7985,1022
7986,1022
7987,0
7988,56
7989,1022
7990,0
7991,0
7992,1022
7993,1022
7994,0
7995,0
7996,1022
7997,0
7998,0
7999,1022
8000,1022
8001,0
8002,0
8003,1022
8004,0
8005,0
8006,1022
8007,1022
8008,0
8009,0
8010,1022
8011,1006
8012,0
8013,1022
8014,1022
8015,0
8016,0
8017,1022
8018,1022
8019,0
8020,1022
8021,1022
8022,0
8023,0
8024,1022
8025,1021
8026,0
8027,1022
8028,1022
8029,0
8030,0
8031,1022
8032,1022
8033,0
8034,1021
8035,1022
8036,0
8037,0
8038,1022
8039,1022
8040,0
8041,0
8042,1022
8043,0
8044,0
8045,1022
8046,1022
8047,0
8048,0
8049,1022
8050,0
8051,0
8052,1022
8053,1022
8054,0
8055,0
8056,1022
8057,1006
8058,0
8059,1022
8060,1022
8061,0
8062,0
8063,1022
8064,1022
8065,0
8066,1022
8067,1021
8068,0
8069,0
8070,1021
8071,1022
8072,0
8073,1023
8074,1022
8075,0
8076,0
8077,1021
8078,1022
8079,0
8080,56
8081,1022
8082,0
8083,0
8084,1022
8085,1022
8086,0
8087,0
8088,1022
8089,0
8090,0
8091,1022
8092,1022
8093,0
8094,0
8095,1022
8096,0
8097,0
8098,1022
8099,1022
8100,0
8101,0
8102,1022
8103,1006
8104,0
8105,1022
8106,1022
8107,0
8108,0
8109,1022
8110,999
8111,0
8112,1022
8113,1022
8114,0
8115,0
8116,1022
8117,1022
8118,0
8119,1022
8120,1022
8121,0
8122,0
8123,1022
8124,1022
8125,0
8126,56
8127,1022
8128,0
8129,0
8130,1022
8131,1022
8132,0
8133,0
8134,1022
8135,0
8136,0
8137,1022
8138,1022
8139,0
8140,0
8141,1023
8142,0
8143,0
8144,1022
8145,1022
8146,0
8147,0
8148,1022
8149,1006
8150,0
8151,1022
8152,1022
8153,0
8154,0
8155,1021
8156,999
8157,0
8158,1022
8159,1022
8160,0
8161,0
8162,1022
8163,1022
8164,0
8165,1022
8166,1022
8167,0
8168,0
8169,1022
8170,1022
8171,0
8172,81
8173,1022
8174,0
8175,0
8176,1022
8177,1022
8178,0
8179,56
8180,1022
8181,0
8182,0
8183,1022
8184,1022
8185,0
8186,0
8187,1022
8188,0
8189,0
8190,1022
8191,1022
8192,0
8193,0
8194,1022
8195,0
8196,0
8197,1022
8198,1022
8199,0
8200,0
8201,1021
8202,1022
8203,0
8204,1021
8205,1022
8206,0
8207,0
8208,1021
8209,1022
8210,0
8211,1022
8212,1022
8213,0
8214,0
8215,1022
8216,1022
8217,0
8218,56
8219,1022
8220,0
8221,0
8222,1021
8223,1021
8224,0
8225,80
8226,1022
8227,0
8228,0
8229,1021
8230,1022
8231,0
8232,0
8233,1022
8234,0
8235,0
8236,1022
8237,1022
8238,0
8239,0
8240,1022
8241,1006
8242,0
8243,1022
8244,1022
8245,0
8246,0
8247,1022
8248,1021
8249,0
8250,1022
8251,1022
8252,0
8253,0
8254,1022
8255,1022
8256,0
8257,1021
8258,1022
8259,0
8260,0
8261,1022
8262,1022
8263,0
8264,80
8265,1022
8266,0
8267,0
8268,1022
8269,1022
8270,0
8271,55
8272,1022
8273,0
8274,0
8275,1022
8276,1022
8277,0
8278,0
8279,1022
8280,0
8281,0
8282,1022
8283,1022
8284,0
8285,0
8286,1022
8287,1006
8288,0
8289,1022
8290,1021
8291,0
8292,0
8293,1021
8294,1022
8295,0
8296,1022
8297,1022
8298,0
8299,0
8300,1022
8301,1022
8302,0
8303,1022
8304,1022
8305,0
8306,0
8307,1022
8308,1022
8309,0
8310,81
8311,1022
8312,0
8313,0
8314,1022
8315,1022
8316,0
8317,55
8318,1022
8319,0
8320,0
8321,1022
8322,1022
8323,0
8324,0
8325,1022
8326,0
8327,0
8328,1022
8329,1022
8330,0
8331,0
8332,1021
8333,998
8334,0
8335,1021
8336,1022
8337,0
8338,0
8339,1022
8340,1022
8341,0
8342,1022
8343,1022
8344,0
8345,0
8346,1022
8347,1022
8348,0
8349,1022
8350,1022
8351,0
8352,0
8353,1022
8354,1022
8355,0
8356,55
8357,1022
8358,0
8359,0
8360,1022
8361,1022
8362,0
8363,0
8364,1022
8365,0
8366,0
8367,1022
8368,1022
8369,0
8370,0
8371,1022
8372,0
8373,0
8374,1022
8375,1022
8376,0
8377,0
8378,1022
8379,1006
8380,0
8381,1022
8382,1022
8383,0
8384,0
8385,1021
8386,1022
8387,0
8388,1022
8389,1022
8390,0
8391,0
8392,1022
8393,1022
8394,0
8395,1022
8396,1022
8397,0
8398,0
8399,1022
8400,1022
8401,0
8402,1022
8403,1022
8404,0
8405,0
8406,1022
8407,1022
8408,0
8409,0
8410,1022
8411,0
8412,0
8413,1021
8414,1022
8415,0
8416,0
8417,1022
8418,0
8419,0
8420,1022
8421,1022
8422,0
8423,0
8424,1022
8425,1006
8426,0
8427,1022
8428,1022
8429,0
8430,0
8431,1022
8432,1022
8433,0
8434,1022
8435,1022
8436,0
8437,0
8438,1022
8439,1022
8440,0
8441,1022
8442,1021
8443,0
8444,0
8445,1021
8446,1021
8447,0
8448,57
8449,1022
8450,0
8451,0
8452,1022
8453,1022
8454,0
8455,81
8456,1022
8457,0
8458,0
8459,1022
8460,1021
8461,0
8462,0
8463,1022
8464,0
8465,0
8466,1022
8467,1022
8468,0
8469,0
8470,1021
8471,999
8472,0
8473,1022
8474,1022
8475,0
8476,0
8477,1022
8478,1022
8479,0
8480,1022
8481,1022
8482,0
8483,0
8484,1021
8485,1022
8486,0
8487,1022
8488,1022
8489,0
8490,0
8491,1022
8492,1022
8493,0
8494,80
8495,1022
8496,0
8497,0
8498,1022
8499,1022
8500,0
8501,0
8502,1022
8503,0
8504,0
8505,1022
8506,1021
8507,0
8508,0
8509,1021
8510,0
8511,0
8512,1022
8513,1022
8514,0
8515,0
8516,1021
8517,1006
8518,0
8519,1022
8520,1022
8521,0
8522,0
8523,1021
8524,1022
8525,0
8526,1022
8527,1022
8528,0
8529,0
8530,1022
8531,1022
8532,0
8533,1021
8534,1022
8535,0
8536,0
8537,1022
8538,1023
8539,0
8540,1022
8541,1022
8542,0
8543,0
8544,1021
8545,1022
8546,0
8547,81
8548,1022
8549,0
8550,0
8551,1022
8552,1022
8553,0
8554,0
8555,1022
8556,0
8557,0
8558,1022
8559,1022
8560,0
8561,0
8562,1022
8563,1005
8564,0
8565,1022
8566,1022
8567,0
8568,0
8569,1022
8570,1022
8571,0
8572,1022
8573,1022
8574,0
8575,0
8576,1022
8577,1021
8578,0
8579,1022
8580,1022
8581,0
8582,0
8583,1022
8584,1021
8585,0
8586,82
8587,1022
8588,0
8589,0
8590,1021
8591,1022
8592,0
8593,0
8594,1022
8595,0
8596,0
8597,1021
8598,1022
8599,0
8600,0
8601,1022
8602,0
8603,0
8604,1022
8605,1021
8606,0
8607,0
8608,1022
8609,999
8610,0
8611,1022
8612,1021
8613,0
8614,0
8615,1021
8616,1022
8617,0
8618,1022
8619,1022
8620,0
8621,0
8622,1022
8623,1022
8624,0
8625,1022
8626,1022
8627,0
8628,0
8629,1021
8630,1022
8631,0
8632,1022
8633,1022
8634,0
8635,0
8636,1022
8637,1022
8638,0
8639,0
8640,1022
8641,0
8642,0
8643,1022
8644,1022
8645,0
8646,0
8647,1021
8648,0
8649,0
8650,1022
8651,1022
8652,0
8653,0
8654,1022
8655,1006
8656,0
8657,1022
8658,1022
8659,0
8660,0
8661,1022
8662,1006
8663,0
8664,1022
8665,1022
8666,0
8667,0
8668,1022
8669,1021
8670,0
8671,1022
8672,1021
8673,0
8674,0
8675,1022
8676,1022
8677,0
8678,56
8679,1022
8680,0
8681,0
8682,1022
8683,1022
8684,0
8685,0
8686,1022
8687,0
8688,0
8689,1022
8690,1022
8691,0
8692,0
8693,1022
8694,0
8695,0
8696,1022
8697,1022
8698,0
8699,0
8700,1022
8701,999
8702,0
8703,1021
8704,1022
8705,0
8706,0
8707,1022
8708,1006
8709,0
8710,1022
8711,1022
8712,0
8713,0
8714,1022
8715,1022
8716,0
8717,1022
8718,1022
8719,0
8720,0
8721,1022
8722,1022
8723,0
8724,56
8725,1022
8726,0
8727,0
8728,1022
8729,1022
8730,0
8731,0
8732,1022
8733,0
8734,0
8735,1022
8736,1022
8737,0
8738,0
8739,1021
8740,0
8741,0
8742,1022
8743,1022
8744,0
8745,0
8746,1022
8747,1006
8748,0
8749,1022
8750,1022
8751,0
8752,0
8753,1023
8754,1021
8755,0
8756,1022
8757,1022
8758,0
8759,0
8760,1021
8761,1022
8762,0
8763,1022
8764,1022
8765,0
8766,0
8767,1021
8768,1022
8769,0
8770,1022
8771,1021
8772,0
8773,0
8774,1021
8775,1022
8776,0
8777,55
8778,1021
8779,0
8780,0
8781,1022
8782,1022
8783,0
8784,0
8785,1022
8786,0
8787,0
8788,1022
8789,1022
8790,0
8791,0
8792,1022
8793,0
8794,0
8795,1022
8796,1022
8797,0
8798,0
8799,1022
8800,1022
8801,0
8802,1022
8803,1022
8804,0
8805,0
8806,1022
8807,1022
8808,0
8809,1022
8810,1022
8811,0
8812,0
8813,1022
8814,1022
8815,0
8816,55
8817,1022
8818,0
8819,0
8820,1022
8821,1021
8822,0
8823,81
8824,1022
8825,0
8826,0
8827,1022
8828,1022
8829,0
8830,0
8831,1022
8832,1006
8833,0
8834,1022
8835,1023
8836,0
8837,0
8838,1022
8839,998
8840,0
8841,1021
8842,1022
8843,0
8844,0
8845,1022
8846,1021
8847,0
8848,1023
8849,1022
8850,0
8851,0
8852,1022
8853,1022
8854,0
8855,1022
8856,1022
8857,0
8858,0
8859,1022
8860,1022
8861,0
8862,57
8863,1021
8864,0
8865,0
8866,1022
8867,1022
8868,0
8869,56
8870,1022
8871,0
8872,0
8873,1022
8874,1022
8875,0
8876,0
8877,1022
8878,0
8879,0
8880,1022
8881,1022
8882,0
8883,0
8884,1022
8885,1006
8886,0
8887,1021
8888,1022
8889,0
8890,0
8891,1022
8892,999
8893,0
8894,1022
8895,1022
8896,0
8897,0
8898,1022
8899,1022
8900,0
8901,1022
8902,1022
8903,0
8904,0
8905,1022
8906,1022
8907,0
8908,81
8909,1022
8910,0
8911,0
8912,1021
8913,1022
8914,0
8915,81
8916,1021
8917,0
8918,0
8919,1022
8920,1021
8921,0
8922,0
8923,1022
8924,0
8925,0
8926,1022
8927,1022
8928,0
8929,0
8930,1022
8931,0
8932,0
8933,1022
8934,1022
8935,0
8936,0
8937,1022
8938,1022
8939,0
8940,1022
8941,1021
8942,0
8943,0
8944,1021
8945,1021
8946,0
8947,1022
8948,1022
8949,0
8950,0
8951,1022
8952,1022
8953,0
8954,81
8955,1022
8956,0
8957,0
8958,1023
8959,1022
8960,0
8961,56
8962,1022
8963,0
8964,0
8965,1022
8966,1022
8967,0
8968,0
8969,1022
8970,0
8971,0
8972,1022
8973,1022
8974,0
8975,0
8976,1022
8977,1006
8978,0
8979,1022
8980,1022
8981,0
8982,0
8983,1022
8984,1021
8985,0
8986,1022
8987,1022
8988,0
8989,0
8990,1022
8991,1022
8992,0
8993,1022
8994,1021
8995,0
8996,0
8997,1021
8998,1022
8999,0
9000,56
9001,1022
9002,0
9003,0
9004,1022
9005,1022
9006,0
9007,0
9008,1022
9009,0
9010,0
9011,1022
9012,1022
9013,0
9014,0
9015,1021
9016,0
9017,0
9018,1021
9019,1022
9020,0
9021,0
9022,1022
9023,999
9024,0
9025,1022
9026,1022
9027,0
9028,0
9029,1022
9030,1022
9031,0
9032,1022
9033,1022
9034,0
9035,0
9036,1022
9037,1022
9038,0
9039,1022
9040,1022
9041,0
9042,0
9043,1022
9044,1021
9045,0
9046,1022
9047,1022
9048,0
9049,0
9050,1022
9051,1021
9052,0
9053,0
9054,1022
9055,0
9056,0
9057,1022
9058,1021
9059,0
9060,0
9061,1022
9062,0
9063,0
9064,1022
9065,1022
9066,0
9067,0
9068,1022
9069,998
9070,0
9071,1022
9072,1022
9073,0
9074,0
9075,1022
9076,998
9077,0
9078,1022
9079,1021
9080,0
9081,0
9082,1022
9083,1022
9084,0
9085,1021
9086,1022
9087,0
9088,0
9089,1022
9090,1021
9091,0
9092,56
9093,1022
9094,0
9095,0
9096,1022
9097,1022
9098,0
9099,55
9100,1022
9101,0
9102,0
9103,1022
9104,1022
9105,0
9106,0
9107,1022
9108,0
9109,0
9110,1022
9111,1022
9112,0
9113,0
9114,1022
9115,998
9116,0
9117,1022
9118,1022
9119,0
9120,0
9121,1022
9122,1021
9123,0
9124,1022
9125,1022
9126,0
9127,0
9128,1022
9129,1022
9130,0
9131,1022
9132,1022
9133,0
9134,0
9135,1022
9136,1022
9137,0
9138,81
9139,1022
9140,0
9141,0
9142,1022
9143,1022
9144,0
9145,56
9146,1021
9147,0
9148,0
9149,1022
9150,1022
9151,0
9152,0
9153,1021
9154,0
9155,0
9156,1022
9157,1022
9158,0
9159,0
9160,1022
9161,1006
9162,0
9163,1022
9164,1022
9165,0
9166,0
9167,1022
9168,998
9169,0
9170,1021
9171,1022
9172,0
9173,0
9174,1022
9175,1021
9176,0
9177,1022
9178,1021
9179,0
9180,0
9181,1022
9182,1022
9183,0
9184,81
9185,1022
9186,0
9187,0
9188,1022
9189,1022
9190,0
9191,0
9192,1022
9193,0
9194,0
9195,1022
9196,1022
9197,0
9198,0
9199,1022
9200,0
9201,0
9202,1022
9203,1022
9204,0
9205,0
9206,1022
9207,1006
9208,0
9209,1022
9210,1022
9211,0
9212,0
9213,1022
9214,1005
9215,0
9216,1023
9217,1022
9218,0
9219,0
9220,1022
9221,1021
9222,0
9223,1022
9224,1022
9225,0
9226,0
9227,1022
9228,1022
9229,0
9230,81
9231,1022
9232,0
9233,0
9234,1022
9235,1022
9236,0
9237,0
9238,1022
9239,0
9240,0
9241,1022
9242,1022
9243,0
9244,0
9245,1021
9246,0
9247,0
9248,1022
9249,1021
9250,0
9251,0
9252,1021
9253,1005
9254,0
9255,1022
9256,1022
9257,0
9258,0
9259,1022
9260,999
9261,0
9262,1022
9263,1022
9264,0
9265,0
9266,1022
9267,1022
9268,0
9269,1022
9270,1022
9271,0
9272,0
9273,1022
9274,1021
9275,0
9276,80
9277,1022
9278,0
9279,0
9280,1022
9281,1022
9282,0
9283,80
9284,1022
9285,0
9286,0
9287,1022
9288,1022
9289,0
9290,0
9291,1022
9292,0
9293,0
9294,1022
9295,1022
9296,0
9297,0
9298,1021
9299,999
9300,0
9301,1022
9302,1022
9303,0
9304,0
9305,1022
9306,1006
9307,0
9308,1022
9309,1022
9310,0
9311,0
9312,1021
9313,1022
9314,0
9315,1022
9316,1022
9317,0
9318,0
9319,1022
9320,1021
9321,0
9322,57
9323,1022
9324,0
9325,0
9326,1022
9327,1021
9328,0
9329,57
9330,1022
9331,0
9332,0
9333,1022
9334,1022
9335,0
9336,0
9337,1022
9338,0
9339,0
9340,1022
9341,1022
9342,0
9343,0
9344,1022
9345,0
9346,0
9347,1022
9348,1022
9349,0
9350,0
9351,1022
9352,999
9353,0
9354,1021
9355,1022
9356,0
9357,0
9358,1022
9359,1022
9360,0
9361,1022
9362,1022
9363,0
9364,0
9365,1022
9366,1022
9367,0
9368,57
9369,1022
9370,0
9371,0
9372,1022
9373,1021
9374,0
9375,82
9376,1021
9377,0
9378,0
9379,1022
9380,1021
9381,0
9382,0
9383,1022
9384,0
9385,0
9386,1022
9387,1022
9388,0
9389,0
9390,1022
9391,0
9392,0
9393,1022
9394,1022
9395,0
9396,0
9397,1022
9398,1006
9399,0
9400,1022
9401,1022
9402,0
9403,0
9404,1022
9405,1022
9406,0
9407,1022
9408,1022
9409,0
9410,0
9411,1022
9412,1022
9413,0
9414,1022
9415,1022
9416,0
9417,0
9418,1022
9419,1022
9420,0
9421,0
9422,1022
9423,0
9424,0
9425,1021
9426,1022
9427,0
9428,0
9429,1022
9430,0
9431,0
9432,1022
9433,1022
9434,0
9435,0
9436,1022
9437,0
9438,0
9439,1022
9440,1022
9441,0
9442,0
9443,1022
9444,1022
9445,0
9446,1022
9447,1021
9448,0
9449,0
9450,1022
9451,1021
9452,0
9453,1021
9454,1022
9455,0
9456,0
9457,1022
9458,1022
9459,0
9460,56
9461,1022
9462,0
9463,0
9464,1023
9465,1022
9466,0
9467,0
9468,1022
9469,0
9470,0
9471,1021
9472,1021
9473,0
9474,0
9475,1022
9476,0
9477,0
9478,1022
9479,1022
9480,0
9481,0
9482,1022
9483,1006
9484,0
9485,1022
9486,1022
9487,0
9488,0
9489,1022
9490,1022
9491,0
9492,1022
9493,1022
9494,0
9495,0
9496,1021
9497,1022
9498,0
9499,1022
9500,1022
9501,0
9502,0
9503,1022
9504,1022
9505,0
9506,80
9507,1021
9508,0
9509,0
9510,1022
9511,1022
9512,0
9513,0
9514,1022
9515,0
9516,0
9517,1022
9518,1021
9519,0
9520,0
9521,1021
9522,0
9523,0
9524,1022
9525,1022
9526,0
9527,0
9528,1022
9529,0
9530,0
9531,1023
9532,1022
9533,0
9534,0
9535,1022
9536,1022
9537,0
9538,1022
9539,1021
9540,0
9541,0
9542,1022
9543,1022
9544,0
9545,1022
9546,1022
9547,0
9548,0
9549,1022
9550,1022
9551,0
9552,1022
9553,1021
9554,0
9555,0
9556,1022
9557,1022
9558,0
9559,0
9560,1022
9561,0
9562,0
9563,1022
9564,1022
9565,0
9566,0
9567,1022
9568,0
9569,0
9570,1022
9571,1022
9572,0
9573,0
9574,1022
9575,1006
9576,0
9577,1022
9578,1022
9579,0
9580,0
9581,1022
9582,1006
9583,0
9584,1022
9585,1022
9586,0
9587,0
9588,1022
9589,1021
9590,0
9591,1022
9592,1022
9593,0
9594,0
9595,1022
9596,1022
9597,0
9598,1021
9599,1022
9600,0
9601,0
9602,1021
9603,1022
9604,0
9605,0
9606,1022
9607,0
9608,0
9609,1022
9610,1022
9611,0
9612,0
9613,1022
9614,0
9615,0
9616,1022
9617,1022
9618,0
9619,0
9620,1022
9621,999
9622,0
9623,1021
9624,1022
9625,0
9626,0
9627,1021
9628,1021
9629,0
9630,1022
9631,1022
9632,0
9633,0
9634,1022
9635,1022
9636,0
9637,1022
9638,1023
9639,0
9640,0
9641,1022
9642,1022
9643,0
9644,56
9645,1022
9646,0
9647,0
9648,1022
9649,1022
9650,0
9651,0
9652,1022
9653,0
9654,0
9655,1021
9656,1022
9657,0
9658,0
9659,1022
9660,0
9661,0
9662,1022
9663,1022
9664,0
9665,0
9666,1022
9667,999
9668,0
9669,1021
9670,1022
9671,0
9672,0
9673,1022
9674,1022
9675,0
9676,1022
9677,1021
9678,0
9679,0
9680,1023
9681,1022
9682,0
9683,1022
9684,1022
9685,0
9686,0
9687,1022
9688,1022
9689,0
9690,57
9691,1022
9692,0
9693,0
9694,1022
9695,1021
9696,0
9697,81
9698,1022
9699,0
9700,0
9701,1022
9702,1022
9703,0
9704,0
9705,1021
9706,0
9707,0
9708,1022
9709,1022
9710,0
9711,0
9712,1022
9713,1006
9714,0
9715,1022
9716,1021
9717,0
9718,0
9719,1022
9720,998
9721,0
9722,1022
9723,1022
9724,0
9725,0
9726,1021
9727,1022
9728,0
9729,1022
9730,1022
9731,0
9732,0
9733,1022
9734,1022
9735,0
9736,56
9737,1022
9738,0
9739,0
9740,1022
9741,1022
9742,0
9743,0
9744,1022
9745,0
9746,0
9747,1022
9748,1022
9749,0
9750,0
9751,1022
9752,0
9753,0
9754,1021
9755,1021
9756,0
9757,0
9758,1022
9759,1006
9760,0
9761,1021
9762,1022
9763,0
9764,0
9765,1022
9766,1022
9767,0
9768,1022
9769,1022
9770,0
9771,0
9772,1022
9773,1022
9774,0
9775,1022
9776,1022
9777,0
9778,0
9779,1022
9780,1022
9781,0
9782,80
9783,1022
9784,0
9785,0
9786,1022
9787,1021
9788,0
9789,0
9790,1021
9791,0
9792,0
9793,1022
9794,1022
9795,0
9796,0
9797,1022
9798,0
9799,0
9800,1022
9801,1021
9802,0
9803,0
9804,1022
9805,999
9806,0
9807,1022
9808,1022
9809,0
9810,0
9811,1022
9812,1006
9813,0
9814,1022
9815,1022
9816,0
9817,0
9818,1022
9819,1022
9820,0
9821,1022
9822,1022
9823,0
9824,0
9825,1022
9826,1022
9827,0
9828,81
9829,1022
9830,0
9831,0
9832,1022
9833,1022
9834,0
9835,56
9836,1021
9837,0
9838,0
9839,1022
9840,1022
9841,0
9842,0
9843,1022
9844,0
9845,0
9846,1022
9847,1022
9848,0
9849,0
9850,1023
9851,998
9852,0
9853,1022
9854,1022
9855,0
9856,0
9857,1022
9858,1006
9859,0
9860,1021
9861,1021
9862,0
9863,0
9864,1022
9865,1022
9866,0
9867,1022
9868,1022
9869,0
9870,0
9871,1021
9872,1022
9873,0
9874,55
9875,1022
9876,0
9877,0
9878,1021
9879,1022
9880,0
9881,56
9882,1022
9883,0
9884,0
9885,1022
9886,1022
9887,0
9888,0
9889,1022
9890,0
9891,0
9892,1022
9893,1022
9894,0
9895,0
9896,1022
9897,999
9898,0
9899,1022
9900,1021
9901,0
9902,0
9903,1022
9904,1005
9905,0
9906,1022
9907,1021
9908,0
9909,0
9910,1021
9911,1021
9912,0
9913,1022
9914,1022
9915,0
9916,0
9917,1023
9918,1022
9919,0
9920,55
9921,1022
9922,0
9923,0
9924,1022
9925,1022
9926,0
9927,81
9928,1022
9929,0
9930,0
9931,1022
9932,1022
9933,0
9934,0
9935,1022
9936,0
9937,0
9938,1022
9939,1022
9940,0
9941,0
9942,1022
9943,0
9944,0
9945,1022
9946,1022
9947,0
9948,0
9949,1022
9950,1022
9951,0
9952,1022
9953,1022
9954,0
9955,0
9956,1022
9957,1022
9958,0
9959,1022
9960,1022
9961,0
9962,0
9963,1022
9964,1022
9965,0
9966,56
9967,1021
9968,0
9969,0
9970,1022
9971,1022
9972,0
9973,0
9974,1022
9975,0
9976,0
9977,1022
9978,1022
9979,0
9980,0
9981,1022
9982,0
9983,0
9984,1022
9985,1022
9986,0
9987,0
9988,1021
9989,0
9990,0
9991,1022
9992,1022
9993,0
9994,0
9995,1022
9996,1022
9997,0
9998,1022
9999,1022
10000,0
