1,1022
2,1022
3,1022
4,1022
5,1022
6,1022
7,1022
8,1021
9,0
10,0
11,0
12,0
13,0
14,0
15,0
16,0
17,0
18,1021
19,1021
20,1022
21,1022
22,1022
23,1022
24,1022
25,1022
26,1022
27,0
28,0
29,0
30,0
31,0
32,0
33,0
34,0
35,1022
36,1022
37,1022
38,1022
39,1021
40,1022
41,1022
42,1022
43,1021
44,0
45,0
46,0
47,0
48,0
49,0
50,0
51,0
52,0
53,1022
54,1022
55,1022
56,1022
57,1022
58,1022
59,1022
60,1022
61,1022
62,0
63,0
64,0
65,0
66,0
67,0
68,0
69,0
70,0
71,1022
72,1022
73,1022
74,1022
75,1022
76,1022
77,1022
78,1022
79,0
80,0
81,0
82,0
83,0
84,0
85,0
86,0
87,0
88,1022
89,1022
90,1022
91,1021
92,1022
93,1022
94,1022
95,1022
96,1022
97,0
98,0
99,0
100,0
101,0
102,0
103,0
104,0
105,0
106,1022
107,1022
108,1022
109,1022
110,1022
111,1021
112,1022
113,1022
114,0
115,0
116,0
117,0
118,0
119,0
120,0
121,0
122,0
123,1021
124,1022
125,1022
126,1021
127,1022
128,1022
129,1022
130,1021
131,1022
132,0
133,0
134,0
135,0
136,0
137,0
138,0
139,0
140,0
141,1022
142,1022
143,1022
144,1022
145,1021
146,1022
147,1022
148,1022
149,0
150,0
151,0
152,0
153,0
154,0
155,0
156,0
157,0
158,1022
159,1022
160,1021
161,1022
162,1022
163,1022
164,1022
165,1022
166,1022
167,0
168,0
169,0
170,0
171,0
172,0
173,0
174,0
175,0
176,1022
177,1022
178,1022
179,1022
180,1022
181,1022
182,1022
183,1022
184,1022
185,0
186,0
187,0
188,0
189,0
190,0
191,0
192,0
193,1022
194,1022
195,1023
196,1022
197,1022
198,1022
199,1022
200,1022
201,1022
202,0
203,0
204,0
205,0
206,0
207,0
208,0
209,0
210,0
211,1022
212,1022
213,1023
214,1022
215,1022
216,1022
217,1022
218,1021
219,1022
220,0
221,0
222,0
223,0
224,0
225,0
226,0
227,0
228,1022
229,1022
230,1022
231,1022
232,1022
233,1021
234,1022
235,1022
236,1022
237,0
238,0
239,0
240,0
241,0
242,0
243,0
244,0
245,0
246,1022
247,1022
248,1022
249,1022
250,1022
251,1022
252,1022
253,1022
254,1022
255,0
256,0
257,0
258,0
259,0
260,0
261,0
262,0
263,1022
264,1021
265,1021
266,1022
267,1022
268,1022
269,1022
270,1022
271,1022
272,0
273,0
274,0
275,0
276,0
277,0
278,0
279,0
280,0
281,1022
282,1022
283,1022
284,1022
285,1022
286,1022
287,1022
288,1022
289,1021
290,0
291,0
292,0
293,0
294,0
295,0
296,0
297,0
298,0
299,1022
300,1022
301,1022
302,1022
303,1022
304,1022
305,1022
306,1022
307,0
308,0
309,0
310,0
311,0
312,0
313,0
314,0
315,0
316,1022
317,1023
318,1022
319,1022
320,1022
321,1021
322,1022
323,1022
324,1022
325,0
326,0
327,0
328,0
329,0
330,0
331,0
332,0
333,0
334,1022
335,1022
336,1022
337,1022
338,1022
339,1022
340,1022
341,1022
342,0
343,0
344,0
345,0
346,0
347,0
348,0
349,0
350,0
351,1022
352,1022
353,1022
354,1022
355,1022
356,1022
357,1022
358,1022
359,1022
360,0
361,0
362,0
363,0
364,0
365,0
366,0
367,0
368,0
369,1022
370,1022
371,1022
372,1022
373,1022
374,1022
375,1022
376,1022
377,0
378,0
379,0
380,0
381,0
382,0
383,0
384,0
385,0
386,1022
387,1021
388,1022
389,1022
390,1022
391,1022
392,1022
393,1022
394,1023
395,0
396,0
397,0
398,0
399,0
400,0
401,0
402,0
403,0
404,1022
405,1023
406,1022
407,1022
408,1022
409,1022
410,1022
411,1023
412,0
413,0
414,0
415,0
416,0
417,0
418,0
419,0
420,0
421,1022
422,1022
423,1022
424,1022
425,1022
426,1022
427,1021
428,1022
429,1022
430,0
431,0
432,0
433,0
434,0
435,0
436,0
437,0
438,0
439,1021
440,1022
441,1022
442,1022
443,1022
444,1022
445,1022
446,1021
447,1022
448,0
449,0
450,0
451,0
452,0
453,0
454,0
455,0
456,1022
457,1022
458,1022
459,1022
460,1022
461,1022
462,1023
463,1022
464,1022
465,0
466,0
467,0
468,0
469,0
470,0
471,0
472,0
473,0
474,1022
475,1022
476,1022
477,1022
478,1022
479,1022
480,1022
481,1022
482,1022
483,0
484,0
485,0
486,0
487,0
488,0
489,0
490,0
491,1022
492,1022
493,1022
494,1022
495,1022
496,1021
497,1022
498,1022
499,1022
500,0
501,0
502,0
503,0
504,0
505,0
506,0
507,0
508,0
509,1022
510,1022
511,1022
512,1022
513,1022
514,1022
515,1022
516,1022
517,1022
518,0
519,0
520,0
521,0
522,0
523,0
524,0
525,0
526,1021
527,1022
528,1022
529,1022
530,1022
531,1022
532,1022
533,1022
534,1022
535,0
536,0
537,0
538,0
539,0
540,0
541,0
542,0
543,0
544,1022
545,1022
546,1022
547,1022
548,1022
549,1021
550,1022
551,1022
552,1022
553,0
554,0
555,0
556,0
557,0
558,0
559,0
560,0
561,0
562,1022
563,1022
564,1022
565,1022
566,1022
567,1022
568,1022
569,1022
570,0
571,0
572,0
573,0
574,0
575,0
576,0
577,0
578,0
579,1022
580,1022
581,1023
582,1022
583,1022
584,1021
585,1022
586,1022
587,1022
588,0
589,0
590,0
591,0
592,0
593,0
594,0
595,0
596,0
597,1022
598,1022
599,1022
600,1022
601,1022
602,1022
603,1022
604,1022
605,0
606,0
607,0
608,0
609,0
610,0
611,0
612,0
613,0
614,1021
615,1021
616,1022
617,1022
618,1021
619,1022
620,1022
621,1022
622,1022
623,0
624,0
625,0
626,0
627,0
628,0
629,0
630,0
631,0
632,1022
633,1022
634,1022
635,1022
636,1022
637,1022
638,1022
639,1022
640,0
641,0
642,0
643,0
644,0
645,0
646,0
647,0
648,0
649,1021
650,1022
651,1022
652,1022
653,1022
654,1022
655,1022
656,1021
657,1022
658,0
659,0
660,0
661,0
662,0
663,0
664,0
665,0
666,0
667,1022
668,1021
669,1022
670,1022
671,1022
672,1022
673,1022
674,1022
675,1021
676,0
677,0
678,0
679,0
680,0
681,0
682,0
683,0
684,1022
685,1022
686,1022
687,1021
688,1021
689,1022
690,1022
691,1022
692,1022
693,0
694,0
695,0
696,0
697,0
698,0
699,0
700,0
701,0
702,1022
703,1022
704,1022
705,1022
706,1022
707,1022
708,1022
709,1022
710,1022
711,0
712,0
713,0
714,0
715,0
716,0
717,0
718,0
719,1022
720,1022
721,1022
722,1022
723,1022
724,1021
725,1022
726,1022
727,1022
728,0
729,0
730,0
731,0
732,0
733,0
734,0
735,0
736,0
737,1022
738,1022
739,1023
740,1022
741,1022
742,1021
743,1022
744,1021
745,1022
746,0
747,0
748,0
749,0
750,0
751,0
752,0
753,0
754,1022
755,1022
756,1022
757,1022
758,1022
759,1022
760,1022
761,1022
762,1022
763,0
764,0
765,0
766,0
767,0
768,0
769,0
770,0
771,0
772,1021
773,1021
774,1022
775,1022
776,1022
777,1022
778,1022
779,1022
780,1022
781,0
782,0
783,0
784,0
785,0
786,0
787,0
788,0
789,0
790,1022
791,1022
792,1022
793,1022
794,1021
795,1022
796,1022
797,1022
798,0
799,0
800,0
801,0
802,0
803,0
804,0
805,0
806,0
807,1022
808,1022
809,1022
810,1022
811,1022
812,1022
813,1022
814,1022
815,1022
816,0
817,0
818,0
819,0
820,0
821,0
822,0
823,0
824,0
825,1022
826,1022
827,1022
828,1022
829,1022
830,1022
831,1022
832,1022
833,0
834,0
835,0
836,0
837,0
838,0
839,0
840,0
841,0
842,1022
843,1022
844,1022
845,1022
846,1022
847,1022
848,1022
849,1022
850,1022
851,0
852,0
853,0
854,0
855,0
856,0
857,0
858,0
859,0
860,1022
861,1022
862,1022
863,1022
864,1021
865,1022
866,1022
867,1022
868,0
869,0
870,0
871,0
872,0
873,0
874,0
875,0
876,0
877,1022
878,1021
879,1022
880,1022
881,1022
882,1022
883,1022
884,1022
885,1022
886,0
887,0
888,0
889,0
890,0
891,0
892,0
893,0
894,0
895,1022
896,1022
897,1022
898,1022
899,1023
900,1021
901,1021
902,1022
903,0
904,0
905,0
906,0
907,0
908,0
909,0
910,0
911,0
912,1022
913,1022
914,1022
915,1022
916,1022
917,1022
918,1022
919,1021
920,1022
921,0
922,0
923,0
924,0
925,0
926,0
927,0
928,0
929,0
930,1022
931,1021
932,1022
933,1022
934,1022
935,1022
936,1022
937,1022
938,1021
939,0
940,0
941,0
942,0
943,0
944,0
945,0
946,0
947,1023
948,1022
949,1022
950,1022
951,1022
952,1022
953,1022
954,1021
955,1022
956,0
957,0
958,0
959,0
960,0
961,0
962,0
963,0
964,0
965,1022
966,1022
967,1022
968,1022
969,1021
970,1022
971,1022
972,1022
973,1022
974,0
975,0
976,0
977,0
978,0
979,0
980,0
981,0
982,1022
983,1022
984,1022
985,1022
986,1022
987,1022
988,1022
989,1022
990,1022
991,0
992,0
993,0
994,0
995,0
996,0
997,0
998,0
999,0
1000,1022
1001,1022
1002,1022
1003,1022
1004,1022
1005,1022
1006,1022
1007,1022
1008,1022
1009,0
1010,0
1011,0
1012,0
1013,0
1014,0
1015,0
1016,0
1017,1022
1018,1022
1019,1022
1020,1022
1021,1022
1022,1022
1023,1022
1024,1022
1025,1022
1026,0
1027,0
1028,0
1029,0
1030,0
1031,0
1032,0
1033,0
1034,0
1035,1022
1036,1022
1037,1022
1038,1022
1039,1022
1040,1022
1041,1022
1042,1022
1043,1022
1044,0
1045,0
1046,0
1047,0
1048,0
1049,0
1050,0
1051,0
1052,0
1053,1022
1054,1021
1055,1021
1056,1022
1057,1022
1058,1022
1059,1022
1060,1022
1061,0
1062,0
1063,0
1064,0
1065,0
1066,0
1067,0
1068,0
1069,0
1070,1022
1071,1022
1072,1021
1073,1022
1074,1022
1075,1022
1076,1022
1077,1022
1078,1021
1079,0
1080,0
1081,0
1082,0
1083,0
1084,0
1085,0
1086,0
1087,0
1088,1022
1089,1022
1090,1022
1091,1022
1092,1022
1093,1022
1094,1022
1095,1022
1096,0
1097,0
1098,0
1099,0
1100,0
1101,0
1102,0
1103,0
1104,0
1105,1022
1106,1022
1107,1022
1108,1022
1109,1022
1110,1022
1111,1022
1112,1022
1113,1022
1114,0
1115,0
1116,0
1117,0
1118,0
1119,0
1120,0
1121,0
1122,0
1123,1022
1124,1022
1125,1022
1126,1022
1127,1022
1128,1022
1129,1022
1130,1022
1131,1022
1132,0
1133,0
1134,0
1135,0
1136,0
1137,0
1138,0
1139,0
1140,1022
1141,1022
1142,1022
1143,1022
1144,1022
1145,1022
1146,1022
1147,1022
1148,1021
1149,0
1150,0
1151,0
1152,0
1153,0
1154,0
1155,0
1156,0
1157,0
1158,1022
1159,1022
1160,1022
1161,1022
1162,1022
1163,1022
1164,1022
1165,1022
1166,1022
1167,0
1168,0
1169,0
1170,0
1171,0
1172,0
1173,0
1174,0
1175,1022
1176,1022
1177,1022
1178,1022
1179,1022
1180,1022
1181,1022
1182,1022
1183,1022
1184,0
1185,0
1186,0
1187,0
1188,0
1189,0
1190,0
1191,0
1192,0
1193,1022
1194,1022
1195,1021
1196,1022
1197,1023
1198,1022
1199,1022
1200,1022
1201,1021
1202,0
1203,0
1204,0
1205,0
1206,0
1207,0
1208,0
1209,0
1210,1022
1211,1022
1212,1022
1213,1022
1214,1022
1215,1022
1216,1022
1217,1022
1218,1022
1219,0
1220,0
1221,0
1222,0
1223,0
1224,0
1225,0
1226,0
1227,0
1228,1022
1229,1022
1230,1022
1231,1021
1232,1022
1233,1022
1234,1021
1235,1022
1236,1022
1237,0
1238,0
1239,0
1240,0
1241,0
1242,0
1243,0
1244,0
1245,1021
1246,1022
1247,1022
1248,1022
1249,1022
1250,1022
1251,1022
1252,1022
1253,1022
1254,0
1255,0
1256,0
1257,0
1258,0
1259,0
1260,0
1261,0
1262,0
1263,1022
1264,1022
1265,1022
1266,1022
1267,1022
1268,1022
1269,1022
1270,1022
1271,1022
1272,0
1273,0
1274,0
1275,0
1276,0
1277,0
1278,0
1279,0
1280,0
1281,1021
1282,1022
1283,1022
1284,1022
1285,1022
1286,1021
1287,1022
1288,1022
1289,0
1290,0
1291,0
1292,0
1293,0
1294,0
1295,0
1296,0
1297,0
1298,1022
1299,1021
1300,1022
1301,1022
1302,1021
1303,1022
1304,1022
1305,1021
1306,1022
1307,0
1308,0
1309,0
1310,0
1311,0
1312,0
1313,0
1314,0
1315,0
1316,1022
1317,1022
1318,1022
1319,1022
1320,1022
1321,1022
1322,1022
1323,1022
1324,0
1325,0
1326,0
1327,0
1328,0
1329,0
1330,0
1331,0
1332,0
1333,1022
1334,1022
1335,1022
1336,1022
1337,1022
1338,1022
1339,1022
1340,1022
1341,1022
1342,0
1343,0
1344,0
1345,0
1346,0
1347,0
1348,0
1349,0
1350,0
1351,1022
1352,1022
1353,1022
1354,1022
1355,1022
1356,1022
1357,1022
1358,1022
1359,0
1360,0
1361,0
1362,0
1363,0
1364,0
1365,0
1366,0
1367,0
1368,1022
1369,1022
1370,1022
1371,1022
1372,1022
1373,1022
1374,1022
1375,1022
1376,1022
1377,0
1378,0
1379,0
1380,0
1381,0
1382,0
1383,0
1384,0
1385,0
1386,1021
1387,1022
1388,1022
1389,1021
1390,1022
1391,1022
1392,1022
1393,1022
1394,1022
1395,0
1396,0
1397,0
1398,0
1399,0
1400,0
1401,0
1402,0
1403,1021
1404,1022
1405,1022
1406,1022
1407,1021
1408,1021
1409,1022
1410,1022
1411,1022
1412,0
1413,0
1414,0
1415,0
1416,0
1417,0
1418,0
1419,0
1420,0
1421,1022
1422,1022
1423,1022
1424,1022
1425,1022
1426,1022
1427,1022
1428,1022
1429,1022
1430,0
1431,0
1432,0
1433,0
1434,0
1435,0
1436,0
1437,0
1438,1022
1439,1022
1440,1022
1441,1022
1442,1022
1443,1022
1444,1022
1445,1022
1446,1022
1447,0
1448,0
1449,0
1450,0
1451,0
1452,0
1453,0
1454,0
1455,0
1456,1021
1457,1022
1458,1022
1459,1022
1460,1022
1461,1022
1462,1022
1463,1022
1464,1022
1465,0
1466,0
1467,0
1468,0
1469,0
1470,0
1471,0
1472,0
1473,1022
1474,1022
1475,1022
1476,1022
1477,1022
1478,1022
1479,1022
1480,1022
1481,1022
1482,0
1483,0
1484,0
1485,0
1486,0
1487,0
1488,0
1489,0
1490,0
1491,1022
1492,1022
1493,1022
1494,1022
1495,1022
1496,1022
1497,1022
1498,1022
1499,1022
1500,0
1501,0
1502,0
1503,0
1504,0
1505,0
1506,0
1507,0
1508,0
1509,1022
1510,1022
1511,1022
1512,1022
1513,1022
1514,1022
1515,1022
1516,1022
1517,0
1518,0
1519,0
1520,0
1521,0
1522,0
1523,0
1524,0
1525,0
1526,1022
1527,1022
1528,1022
1529,1022
1530,1022
1531,1022
1532,1022
1533,1022
1534,1022
1535,0
1536,0
1537,0
1538,0
1539,0
1540,0
1541,0
1542,0
1543,0
1544,1022
1545,1022
1546,1022
1547,1022
1548,1022
1549,1022
1550,1022
1551,1022
1552,0
1553,0
1554,0
1555,0
1556,0
1557,0
1558,0
1559,0
1560,0
1561,1022
1562,1022
1563,1022
1564,1022
1565,1022
1566,1022
1567,1022
1568,1022
1569,1022
1570,0
1571,0
1572,0
1573,0
1574,0
1575,0
1576,0
1577,0
1578,0
1579,1022
1580,1022
1581,1022
1582,1022
1583,1022
1584,1022
1585,1022
1586,1022
1587,0
1588,0
1589,0
1590,0
1591,0
1592,0
1593,0
1594,0
1595,0
1596,1022
1597,1022
1598,1022
1599,1022
1600,1022
1601,1022
1602,1022
1603,1021
1604,1022
1605,0
1606,0
1607,0
1608,0
1609,0
1610,0
1611,0
1612,0
1613,0
1614,1023
1615,1022
1616,1023
1617,1022
1618,1022
1619,1022
1620,1022
1621,1022
1622,0
1623,0
1624,0
1625,0
1626,0
1627,0
1628,0
1629,0
1630,0
1631,1022
1632,1022
1633,1022
1634,1022
1635,1022
1636,1022
1637,1022
1638,1022
1639,1022
1640,0
1641,0
1642,0
1643,0
1644,0
1645,0
1646,0
1647,0
1648,0
1649,1022
1650,1022
1651,1021
1652,1022
1653,1021
1654,1021
1655,1021
1656,1021
1657,1022
1658,0
1659,0
1660,0
1661,0
1662,0
1663,0
1664,0
1665,0
1666,1022
1667,1022
1668,1022
1669,1022
1670,1022
1671,1022
1672,1022
1673,1022
1674,1022
1675,0
1676,0
1677,0
1678,0
1679,0
1680,0
1681,0
1682,0
1683,0
1684,1022
1685,1022
1686,1022
1687,1022
1688,1022
1689,1022
1690,1022
1691,1022
1692,1022
1693,0
1694,0
1695,0
1696,0
1697,0
1698,0
1699,0
1700,0
1701,1022
1702,1022
1703,1022
1704,1022
1705,1022
1706,1022
1707,1022
1708,1022
1709,1022
1710,0
1711,0
1712,0
1713,0
1714,0
1715,0
1716,0
1717,0
1718,0
1719,1022
1720,1022
1721,1022
1722,1022
1723,1022
1724,1022
1725,1022
1726,1022
1727,1022
1728,0
1729,0
1730,0
1731,0
1732,0
1733,0
1734,0
1735,0
1736,1022
1737,1022
1738,1022
1739,1022
1740,1022
1741,1022
1742,1022
1743,1022
1744,1022
1745,0
1746,0
1747,0
1748,0
1749,0
1750,0
1751,0
1752,0
1753,0
1754,1022
1755,1022
1756,1022
1757,1022
1758,1022
1759,1022
1760,1022
1761,1022
1762,1022
1763,0
1764,0
1765,0
1766,0
1767,0
1768,0
1769,0
1770,0
1771,0
1772,1022
1773,1022
1774,1022
1775,1022
1776,1022
1777,1022
1778,1022
1779,1022
1780,0
1781,0
1782,0
1783,0
1784,0
1785,0
1786,0
1787,0
1788,0
1789,1022
1790,1022
1791,1022
1792,1022
1793,1022
1794,1022
1795,1022
1796,1022
1797,1021
1798,0
1799,0
1800,0
1801,0
1802,0
1803,0
1804,0
1805,0
1806,0
1807,1022
1808,1022
1809,1022
1810,1022
1811,1022
1812,1022
1813,1022
1814,1022
1815,0
1816,0
1817,0
1818,0
1819,0
1820,0
1821,0
1822,0
1823,0
1824,1022
1825,1022
1826,1022
1827,1021
1828,1022
1829,1022
1830,1022
1831,1022
1832,1022
1833,0
1834,0
1835,0
1836,0
1837,0
1838,0
1839,0
1840,0
1841,0
1842,1022
1843,1022
1844,1022
1845,1022
1846,1022
1847,1022
1848,1022
1849,1022
1850,0
1851,0
1852,0
1853,0
1854,0
1855,0
1856,0
1857,0
1858,0
1859,1022
1860,1022
1861,1022
1862,1022
1863,1022
1864,1022
1865,1022
1866,1022
1867,1022
1868,0
1869,0
1870,0
1871,0
1872,0
1873,0
1874,0
1875,0
1876,0
1877,1022
1878,1022
1879,1022
1880,1022
1881,1022
1882,1022
1883,1022
1884,1022
1885,1022
1886,0
1887,0
1888,0
1889,0
1890,0
1891,0
1892,0
1893,0
1894,1022
1895,1022
1896,1022
1897,1022
1898,1022
1899,1022
1900,1022
1901,1022
1902,1022
1903,0
1904,0
1905,0
1906,0
1907,0
1908,0
1909,0
1910,0
1911,0
1912,1022
1913,1022
1914,1022
1915,1022
1916,1021
1917,1022
1918,1022
1919,1021
1920,1022
1921,0
1922,0
1923,0
1924,0
1925,0
1926,0
1927,0
1928,0
1929,1022
1930,1022
1931,1022
1932,1022
1933,1022
1934,1022
1935,1022
1936,1022
1937,1022
1938,0
1939,0
1940,0
1941,0
1942,0
1943,0
1944,0
1945,0
1946,0
1947,1022
1948,1022
1949,1022
1950,1022
1951,1022
1952,1022
1953,1022
1954,1022
1955,1022
1956,0
1957,0
1958,0
1959,0
1960,0
1961,0
1962,0
1963,0
1964,1022
1965,1022
1966,1023
1967,1022
1968,1022
1969,1022
1970,1022
1971,1022
1972,1022
1973,0
1974,0
1975,0
1976,0
1977,0
1978,0
1979,0
1980,0
1981,0
1982,1022
1983,1022
1984,1022
1985,1022
1986,1022
1987,1022
1988,1022
1989,1022
1990,1022
1991,0
1992,0
1993,0
1994,0
1995,0
1996,0
1997,0
1998,0
1999,1022
2000,1022
2001,1022
2002,1022
2003,1022
2004,1022
2005,1022
2006,1022
2007,1022
2008,0
2009,0
2010,0
2011,0
2012,0
2013,0
2014,0
2015,0
2016,0
2017,1022
2018,1022
2019,1022
2020,1022
2021,1022
2022,1022
2023,1022
2024,1022
2025,1022
2026,0
2027,0
2028,0
2029,0
2030,0
2031,0
2032,0
2033,0
2034,0
2035,1022
2036,1022
2037,1022
2038,1022
2039,1022
2040,1022
2041,1022
2042,1022
2043,0
2044,0
2045,0
2046,0
2047,0
2048,0
2049,0
2050,0
2051,0
2052,1023
2053,1021
2054,1022
2055,1022
2056,1022
2057,1022
2058,1022
2059,1022
2060,1022
2061,0
2062,0
2063,0
2064,0
2065,0
2066,0
2067,0
2068,0
2069,0
2070,1022
2071,1022
2072,1022
2073,1022
2074,1022
2075,1022
2076,1022
2077,1022
2078,0
2079,0
2080,0
2081,0
2082,0
2083,0
2084,0
2085,0
2086,0
2087,1022
2088,1022
2089,1022
2090,1022
2091,1022
2092,1022
2093,1022
2094,1022
2095,1022
2096,0
2097,0
2098,0
2099,0
2100,0
2101,0
2102,0
2103,0
2104,0
2105,1022
2106,1022
2107,1022
2108,1022
2109,1022
2110,1022
2111,1022
2112,1022
2113,1022
2114,0
2115,0
2116,0
2117,0
2118,0
2119,0
2120,0
2121,0
2122,1022
2123,1022
2124,1022
2125,1022
2126,1022
2127,1021
2128,1022
2129,1021
2130,1021
2131,0
2132,0
2133,0
2134,0
2135,0
2136,0
2137,0
2138,0
2139,0
2140,1022
2141,1022
2142,1022
2143,1022
2144,1022
2145,1021
2146,1021
2147,1022
2148,1022
2149,0
2150,0
2151,0
2152,0
2153,0
2154,0
2155,0
2156,0
2157,1022
2158,1022
2159,1022
2160,1022
2161,1021
2162,1022
2163,1022
2164,1022
2165,1022
2166,0
2167,0
2168,0
2169,0
2170,0
2171,0
2172,0
2173,0
2174,0
2175,1022
2176,1022
2177,1021
2178,1022
2179,1022
2180,1022
2181,1022
2182,1022
2183,1022
2184,0
2185,0
2186,0
2187,0
2188,0
2189,0
2190,0
2191,0
2192,1021
2193,1022
2194,1022
2195,1022
2196,1022
2197,1022
2198,1022
2199,1022
2200,1022
2201,0
2202,0
2203,0
2204,0
2205,0
2206,0
2207,0
2208,0
2209,0
2210,1022
2211,1022
2212,1022
2213,1023
2214,1022
2215,1022
2216,1022
2217,1022
2218,1022
2219,0
2220,0
2221,0
2222,0
2223,0
2224,0
2225,0
2226,0
2227,0
2228,1022
2229,1022
2230,1022
2231,1022
2232,1022
2233,1022
2234,1022
2235,1022
2236,0
2237,0
2238,0
2239,0
2240,0
2241,0
2242,0
2243,0
2244,0
2245,1022
2246,1022
2247,1022
2248,1022
2249,1022
2250,1022
2251,1022
2252,1022
2253,1022
2254,0
2255,0
2256,0
2257,0
2258,0
2259,0
2260,0
2261,0
2262,0
2263,1022
2264,1022
2265,1022
2266,1022
2267,1022
2268,1022
2269,1022
2270,1022
2271,0
2272,0
2273,0
2274,0
2275,0
2276,0
2277,0
2278,0
2279,0
2280,1022
2281,1022
2282,1022
2283,1022
2284,1022
2285,1021
2286,1022
2287,1022
2288,1022
2289,0
2290,0
2291,0
2292,0
2293,0
2294,0
2295,0
2296,0
2297,0
2298,1022
2299,1021
2300,1022
2301,1022
2302,1021
2303,1022
2304,1022
2305,1022
2306,0
2307,0
2308,0
2309,0
2310,0
2311,0
2312,0
2313,0
2314,0
2315,1022
2316,1021
2317,1021
2318,1022
2319,1021
2320,1021
2321,1022
2322,1022
2323,1022
2324,0
2325,0
2326,0
2327,0
2328,0
2329,0
2330,0
2331,0
2332,0
2333,1022
2334,1022
2335,1022
2336,1022
2337,1022
2338,1022
2339,1022
2340,1022
2341,0
2342,0
2343,0
2344,0
2345,0
2346,0
2347,0
2348,0
2349,0
2350,1021
2351,1022
2352,1022
2353,1022
2354,1022
2355,1021
2356,1022
2357,1022
2358,1022
2359,0
2360,0
2361,0
2362,0
2363,0
2364,0
2365,0
2366,0
2367,0
2368,1022
2369,1022
2370,1022
2371,1022
2372,1022
2373,1021
2374,1022
2375,1021
2376,1022
2377,0
2378,0
2379,0
2380,0
2381,0
2382,0
2383,0
2384,0
2385,1022
2386,1022
2387,1022
2388,1022
2389,1022
2390,1022
2391,1022
2392,1022
2393,1021
2394,0
2395,0
2396,0
2397,0
2398,0
2399,0
2400,0
2401,0
2402,0
2403,1022
2404,1021
2405,1022
2406,1022
2407,1021
2408,1022
2409,1022
2410,1022
2411,1022
2412,0
2413,0
2414,0
2415,0
2416,0
2417,0
2418,0
2419,0
2420,1022
2421,1022
2422,1022
2423,1022
2424,1022
2425,1023
2426,1022
2427,1022
2428,1022
2429,0
2430,0
2431,0
2432,0
2433,0
2434,0
2435,0
2436,0
2437,0
2438,1022
2439,1022
2440,1022
2441,1022
2442,1022
2443,1021
2444,1022
2445,1021
2446,1022
2447,0
2448,0
2449,0
2450,0
2451,0
2452,0
2453,0
2454,0
2455,1022
2456,1023
2457,1022
2458,1022
2459,1022
2460,1022
2461,1022
2462,1022
2463,1022
2464,0
2465,0
2466,0
2467,0
2468,0
2469,0
2470,0
2471,0
2472,0
2473,1022
2474,1022
2475,1022
2476,1022
2477,1022
2478,1022
2479,1022
2480,1022
2481,1022
2482,0
2483,0
2484,0
2485,0
2486,0
2487,0
2488,0
2489,0
2490,0
2491,1022
2492,1021
2493,1022
2494,1022
2495,1022
2496,1022
2497,1022
2498,1022
2499,0
2500,0
2501,0
2502,0
2503,0
2504,0
2505,0
2506,0
2507,0
2508,1021
2509,1022
2510,1022
2511,1022
2512,1022
2513,1022
2514,1022
2515,1022
2516,1022
2517,0
2518,0
2519,0
2520,0
2521,0
2522,0
2523,0
2524,0
2525,0
2526,1022
2527,1022
2528,1022
2529,1022
2530,1022
2531,1022
2532,1022
2533,1022
2534,0
2535,0
2536,0
2537,0
2538,0
2539,0
2540,0
2541,0
2542,0
2543,1021
2544,1022
2545,1022
2546,1022
2547,1022
2548,1022
2549,1022
2550,1022
2551,1022
2552,0
2553,0
2554,0
2555,0
2556,0
2557,0
2558,0
2559,0
2560,0
2561,1022
2562,1022
2563,1022
2564,1021
2565,1022
2566,1022
2567,1022
2568,1022
2569,0
2570,0
2571,0
2572,0
2573,0
2574,0
2575,0
2576,0
2577,0
2578,1022
2579,1023
2580,1022
2581,1022
2582,1021
2583,1021
2584,1023
2585,1022
2586,1021
2587,0
2588,0
2589,0
2590,0
2591,0
2592,0
2593,0
2594,0
2595,0
2596,1022
2597,1022
2598,1022
2599,1022
2600,1022
2601,1022
2602,1022
2603,1022
2604,0
2605,0
2606,0
2607,0
2608,0
2609,0
2610,0
2611,0
2612,0
2613,1021
2614,1022
2615,1022
2616,1021
2617,1022
2618,1021
2619,1021
2620,1021
2621,1021
2622,0
2623,0
2624,0
2625,0
2626,0
2627,0
2628,0
2629,0
2630,0
2631,1022
2632,1022
2633,1022
2634,1022
2635,1022
2636,1022
2637,1022
2638,1022
2639,1022
2640,0
2641,0
2642,0
2643,0
2644,0
2645,0
2646,0
2647,0
2648,1022
2649,1022
2650,1021
2651,1022
2652,1022
2653,1022
2654,1022
2655,1021
2656,1022
2657,0
2658,0
2659,0
2660,0
2661,0
2662,0
2663,0
2664,0
2665,0
2666,1022
2667,1022
2668,1022
2669,1022
2670,1022
2671,1022
2672,1022
2673,1022
2674,1022
2675,0
2676,0
2677,0
2678,0
2679,0
2680,0
2681,0
2682,0
2683,1022
2684,1022
2685,1022
2686,1022
2687,1022
2688,1022
2689,1022
2690,1022
2691,1021
2692,0
2693,0
2694,0
2695,0
2696,0
2697,0
2698,0
2699,0
2700,0
2701,1022
2702,1022
2703,1022
2704,1022
2705,1022
2706,1022
2707,1022
2708,1022
2709,1022
2710,0
2711,0
2712,0
2713,0
2714,0
2715,0
2716,0
2717,0
2718,1021
2719,1023
2720,1022
2721,1021
2722,1022
2723,1022
2724,1021
2725,1021
2726,1022
2727,0
2728,0
2729,0
2730,0
2731,0
2732,0
2733,0
2734,0
2735,0
2736,1022
2737,1022
2738,1023
2739,1022
2740,1022
2741,1022
2742,1022
2743,1022
2744,1022
2745,0
2746,0
2747,0
2748,0
2749,0
2750,0
2751,0
2752,0
2753,0
2754,1022
2755,1022
2756,1022
2757,1022
2758,1022
2759,1022
2760,1022
2761,1022
2762,0
2763,0
2764,0
2765,0
2766,0
2767,0
2768,0
2769,0
2770,0
2771,1022
2772,1022
2773,1022
2774,1022
2775,1022
2776,1022
2777,1022
2778,1022
2779,1022
2780,0
2781,0
2782,0
2783,0
2784,0
2785,0
2786,0
2787,0
2788,0
2789,1022
2790,1022
2791,1022
2792,1022
2793,1022
2794,1022
2795,1022
2796,1022
2797,0
2798,0
2799,0
2800,0
2801,0
2802,0
2803,0
2804,0
2805,0
2806,1022
2807,1022
2808,1022
2809,1022
2810,1022
2811,1022
2812,1022
2813,1022
2814,1022
2815,0
2816,0
2817,0
2818,0
2819,0
2820,0
2821,0
2822,0
2823,0
2824,1022
2825,1022
2826,1022
2827,1022
2828,1022
2829,1022
2830,1022
2831,1022
2832,0
2833,0
2834,0
2835,0
2836,0
2837,0
2838,0
2839,0
2840,0
2841,1022
2842,1022
2843,1022
2844,1022
2845,1022
2846,1022
2847,1023
2848,1022
2849,1022
2850,0
2851,0
2852,0
2853,0
2854,0
2855,0
2856,0
2857,0
2858,0
2859,1022
2860,1022
2861,1022
2862,1021
2863,1022
2864,1022
2865,1022
2866,1022
2867,1022
2868,0
2869,0
2870,0
2871,0
2872,0
2873,0
2874,0
2875,0
2876,1022
2877,1022
2878,1022
2879,1022
2880,1022
2881,1022
2882,1022
2883,1022
2884,1022
2885,0
2886,0
2887,0
2888,0
2889,0
2890,0
2891,0
2892,0
2893,0
2894,1022
2895,1022
2896,1022
2897,1022
2898,1022
2899,1022
2900,1022
2901,1022
2902,1021
2903,0
2904,0
2905,0
2906,0
2907,0
2908,0
2909,0
2910,0
2911,1022
2912,1022
2913,1022
2914,1022
2915,1022
2916,1022
2917,1022
2918,1022
2919,1022
2920,0
2921,0
2922,0
2923,0
2924,0
2925,0
2926,0
2927,0
2928,0
2929,1022
2930,1022
2931,1022
2932,1022
2933,1022
2934,1022
2935,1022
2936,1021
2937,1023
2938,0
2939,0
2940,0
2941,0
2942,0
2943,0
2944,0
2945,0
2946,1022
2947,1022
2948,1022
2949,1022
2950,1022
2951,1022
2952,1022
2953,1022
2954,1022
2955,0
2956,0
2957,0
2958,0
2959,0
2960,0
2961,0
2962,0
2963,0
2964,1022
2965,1022
2966,1022
2967,1022
2968,1022
2969,1022
2970,1022
2971,1022
2972,1022
2973,0
2974,0
2975,0
2976,0
2977,0
2978,0
2979,0
2980,0
2981,0
2982,1022
2983,1022
2984,1022
2985,1022
2986,1022
2987,1022
2988,1022
2989,1022
2990,0
2991,0
2992,0
2993,0
2994,0
2995,0
2996,0
2997,0
2998,0
2999,1022
3000,1022
3001,1022
3002,1022
3003,1022
3004,1022
3005,1022
3006,1022
3007,1022
3008,0
3009,0
3010,0
3011,0
3012,0
3013,0
3014,0
3015,0
3016,0
3017,1022
3018,1022
3019,1022
3020,1021
3021,1022
3022,1022
3023,1022
3024,1022
3025,0
3026,0
3027,0
3028,0
3029,0
3030,0
3031,0
3032,0
3033,0
3034,1022
3035,1023
3036,1022
3037,1022
3038,1022
3039,1022
3040,1022
3041,1022
3042,1022
3043,0
3044,0
3045,0
3046,0
3047,0
3048,0
3049,0
3050,0
3051,0
3052,1021
3053,1022
3054,1022
3055,1022
3056,1022
3057,1022
3058,1022
3059,1022
3060,0
3061,0
3062,0
3063,0
3064,0
3065,0
3066,0
3067,0
3068,0
3069,1022
3070,1022
3071,1022
3072,1022
3073,1022
3074,1022
3075,1021
3076,1022
3077,1021
3078,0
3079,0
3080,0
3081,0
3082,0
3083,0
3084,0
3085,0
3086,0
3087,1022
3088,1022
3089,1022
3090,1022
3091,1022
3092,1022
3093,1022
3094,1022
3095,1022
3096,0
3097,0
3098,0
3099,0
3100,0
3101,0
3102,0
3103,0
3104,1022
3105,1022
3106,1022
3107,1022
3108,1022
3109,1022
3110,1022
3111,1022
3112,1022
3113,0
3114,0
3115,0
3116,0
3117,0
3118,0
3119,0
3120,0
3121,0
3122,1022
3123,1021
3124,1023
3125,1021
3126,1022
3127,1022
3128,1023
3129,1022
3130,1022
3131,0
3132,0
3133,0
3134,0
3135,0
3136,0
3137,0
3138,0
3139,1022
3140,1022
3141,1022
3142,1022
3143,1022
3144,1022
3145,1022
3146,1022
3147,1022
3148,0
3149,0
3150,0
3151,0
3152,0
3153,0
3154,0
3155,0
3156,0
3157,1022
3158,1022
3159,1022
3160,1022
3161,1022
3162,1022
3163,1022
3164,1022
3165,1022
3166,0
3167,0
3168,0
3169,0
3170,0
3171,0
3172,0
3173,0
3174,1022
3175,1021
3176,1022
3177,1022
3178,1022
3179,1022
3180,1022
3181,1022
3182,1022
3183,0
3184,0
3185,0
3186,0
3187,0
3188,0
3189,0
3190,0
3191,0
3192,1022
3193,1022
3194,1022
3195,1022
3196,1022
3197,1022
3198,1022
3199,1022
3200,1022
3201,0
3202,0
3203,0
3204,0
3205,0
3206,0
3207,0
3208,0
3209,1022
3210,1022
3211,1022
3212,1021
3213,1022
3214,1022
3215,1022
3216,1022
3217,1022
3218,0
3219,0
3220,0
3221,0
3222,0
3223,0
3224,0
3225,0
3226,0
3227,1021
3228,1022
3229,1022
3230,1022
3231,1022
3232,1022
3233,1022
3234,1022
3235,1022
3236,0
3237,0
3238,0
3239,0
3240,0
3241,0
3242,0
3243,0
3244,0
3245,1022
3246,1021
3247,1022
3248,1022
3249,1022
3250,1022
3251,1022
3252,1022
3253,0
3254,0
3255,0
3256,0
3257,0
3258,0
3259,0
3260,0
3261,0
3262,1022
3263,1022
3264,1022
3265,1022
3266,1022
3267,1022
3268,1022
3269,1023
3270,1022
3271,0
3272,0
3273,0
3274,0
3275,0
3276,0
3277,0
3278,0
3279,0
3280,1022
3281,1022
3282,1022
3283,1022
3284,1022
3285,1022
3286,1022
3287,1022
3288,0
3289,0
3290,0
3291,0
3292,0
3293,0
3294,0
3295,0
3296,0
3297,1022
3298,1022
3299,1022
3300,1022
3301,1021
3302,1022
3303,1021
3304,1021
3305,1022
3306,0
3307,0
3308,0
3309,0
3310,0
3311,0
3312,0
3313,0
3314,0
3315,1021
3316,1022
3317,1022
3318,1022
3319,1022
3320,1021
3321,1022
3322,1022
3323,0
3324,0
3325,0
3326,0
3327,0
3328,0
3329,0
3330,0
3331,0
3332,1022
3333,1022
3334,1022
3335,1022
3336,1022
3337,1022
3338,1022
3339,1022
3340,1022
3341,0
3342,0
3343,0
3344,0
3345,0
3346,0
3347,0
3348,0
3349,0
3350,1022
3351,1021
3352,1022
3353,1021
3354,1022
3355,1022
3356,1022
3357,1022
3358,1022
3359,0
3360,0
3361,0
3362,0
3363,0
3364,0
3365,0
3366,0
3367,1022
3368,1022
3369,1022
3370,1022
3371,1022
3372,1022
3373,1022
3374,1022
3375,1022
3376,0
3377,0
3378,0
3379,0
3380,0
3381,0
3382,0
3383,0
3384,0
3385,1022
3386,1022
3387,1022
3388,1022
3389,1022
3390,1022
3391,1022
3392,1022
3393,1022
3394,0
3395,0
3396,0
3397,0
3398,0
3399,0
3400,0
3401,0
3402,1022
3403,1022
3404,1022
3405,1022
3406,1022
3407,1022
3408,1022
3409,1022
3410,1022
3411,0
3412,0
3413,0
3414,0
3415,0
3416,0
3417,0
3418,0
3419,0
3420,1022
3421,1022
3422,1022
3423,1022
3424,1021
3425,1022
3426,1022
3427,1021
3428,1021
3429,0
3430,0
3431,0
3432,0
3433,0
3434,0
3435,0
3436,0
3437,1022
3438,1022
3439,1022
3440,1022
3441,1022
3442,1022
3443,1022
3444,1022
3445,1023
3446,0
3447,0
3448,0
3449,0
3450,0
3451,0
3452,0
3453,0
3454,0
3455,1022
3456,1022
3457,1022
3458,1022
3459,1022
3460,1022
3461,1021
3462,1022
3463,1022
3464,0
3465,0
3466,0
3467,0
3468,0
3469,0
3470,0
3471,0
3472,0
3473,1022
3474,1022
3475,1022
3476,1021
3477,1022
3478,1022
3479,1021
3480,1022
3481,0
3482,0
3483,0
3484,0
3485,0
3486,0
3487,0
3488,0
3489,0
3490,1023
3491,1021
3492,1022
3493,1022
3494,1021
3495,1022
3496,1021
3497,1021
3498,1022
3499,0
3500,0
3501,0
3502,0
3503,0
3504,0
3505,0
3506,0
3507,0
3508,1022
3509,1021
3510,1022
3511,1022
3512,1022
3513,1021
3514,1022
3515,1022
3516,0
3517,0
3518,0
3519,0
3520,0
3521,0
3522,0
3523,0
3524,0
3525,1022
3526,1022
3527,1022
3528,1022
3529,1022
3530,1022
3531,1022
3532,1022
3533,1022
3534,0
3535,0
3536,0
3537,0
3538,0
3539,0
3540,0
3541,0
3542,0
3543,1022
3544,1022
3545,1021
3546,1022
3547,1022
3548,1022
3549,1022
3550,1022
3551,0
3552,0
3553,0
3554,0
3555,0
3556,0
3557,0
3558,0
3559,0
3560,1022
3561,1022
3562,1022
3563,1022
3564,1022
3565,1022
3566,1022
3567,1022
3568,1022
3569,0
3570,0
3571,0
3572,0
3573,0
3574,0
3575,0
3576,0
3577,0
3578,1022
3579,1021
3580,1022
3581,1022
3582,1021
3583,1022
3584,1021
3585,1023
3586,0
3587,0
3588,0
3589,0
3590,0
3591,0
3592,0
3593,0
3594,0
3595,1022
3596,1022
3597,1022
3598,1022
3599,1022
3600,1022
3601,1022
3602,1022
3603,1022
3604,0
3605,0
3606,0
3607,0
3608,0
3609,0
3610,0
3611,0
3612,0
3613,1021
3614,1022
3615,1022
3616,1022
3617,1022
3618,1022
3619,1022
3620,1022
3621,1022
3622,0
3623,0
3624,0
3625,0
3626,0
3627,0
3628,0
3629,0
3630,1022
3631,1022
3632,1022
3633,1022
3634,1022
3635,1022
3636,1022
3637,1022
3638,1022
3639,0
3640,0
3641,0
3642,0
3643,0
3644,0
3645,0
3646,0
3647,0
3648,1022
3649,1022
3650,1022
3651,1022
3652,1022
3653,1022
3654,1023
3655,1022
3656,1022
3657,0
3658,0
3659,0
3660,0
3661,0
3662,0
3663,0
3664,0
3665,1022
3666,1022
3667,1022
3668,1022
3669,1022
3670,1022
3671,1022
3672,1022
3673,1022
3674,0
3675,0
3676,0
3677,0
3678,0
3679,0
3680,0
3681,0
3682,0
3683,1022
3684,1022
3685,1022
3686,1022
3687,1022
3688,1022
3689,1022
3690,1022
3691,1022
3692,0
3693,0
3694,0
3695,0
3696,0
3697,0
3698,0
3699,0
3700,0
3701,1021
3702,1022
3703,1021
3704,1021
3705,1021
3706,1022
3707,1021
3708,1022
3709,0
3710,0
3711,0
3712,0
3713,0
3714,0
3715,0
3716,0
3717,0
3718,1022
3719,1022
3720,1022
3721,1022
3722,1022
3723,1022
3724,1021
3725,1022
3726,1022
3727,0
3728,0
3729,0
3730,0
3731,0
3732,0
3733,0
3734,0
3735,0
3736,1022
3737,1022
3738,1022
3739,1022
3740,1022
3741,1022
3742,1022
3743,1022
3744,0
3745,0
3746,0
3747,0
3748,0
3749,0
3750,0
3751,0
3752,0
3753,1022
3754,1022
3755,1022
3756,1022
3757,1022
3758,1022
3759,1022
3760,1021
3761,1021
3762,0
3763,0
3764,0
3765,0
3766,0
3767,0
3768,0
3769,0
3770,0
3771,1022
3772,1022
3773,1022
3774,1022
3775,1022
3776,1022
3777,1022
3778,1022
3779,0
3780,0
3781,0
3782,0
3783,0
3784,0
3785,0
3786,0
3787,0
3788,1022
3789,1022
3790,1022
3791,1022
3792,1023
3793,1022
3794,1022
3795,1022
3796,1022
3797,0
3798,0
3799,0
3800,0
3801,0
3802,0
3803,0
3804,0
3805,0
3806,1022
3807,1022
3808,1022
3809,1022
3810,1022
3811,1022
3812,1023
3813,1022
3814,0
3815,0
3816,0
3817,0
3818,0
3819,0
3820,0
3821,0
3822,0
3823,1022
3824,1022
3825,1022
3826,1022
3827,1022
3828,1022
3829,1022
3830,1022
3831,1022
3832,0
3833,0
3834,0
3835,0
3836,0
3837,0
3838,0
3839,0
3840,0
3841,1022
3842,1022
3843,1022
3844,1022
3845,1022
3846,1022
3847,1022
3848,1022
3849,1022
3850,0
3851,0
3852,0
3853,0
3854,0
3855,0
3856,0
3857,0
3858,1022
3859,1022
3860,1022
3861,1022
3862,1022
3863,1021
3864,1022
3865,1022
3866,1022
3867,0
3868,0
3869,0
3870,0
3871,0
3872,0
3873,0
3874,0
3875,0
3876,1022
3877,1022
3878,1021
3879,1022
3880,1022
3881,1022
3882,1022
3883,1022
3884,1022
3885,0
3886,0
3887,0
3888,0
3889,0
3890,0
3891,0
3892,0
3893,1022
3894,1022
3895,1022
3896,1022
3897,1022
3898,1022
3899,1022
3900,1022
3901,1022
3902,0
3903,0
3904,0
3905,0
3906,0
3907,0
3908,0
3909,0
3910,0
3911,1022
3912,1021
3913,1021
3914,1022
3915,1021
3916,1022
3917,1022
3918,1021
3919,1022
3920,0
3921,0
3922,0
3923,0
3924,0
3925,0
3926,0
3927,0
3928,1021
3929,1021
3930,1022
3931,1022
3932,1022
3933,1022
3934,1022
3935,1022
3936,1022
3937,0
3938,0
3939,0
3940,0
3941,0
3942,0
3943,0
3944,0
3945,0
3946,1022
3947,1022
3948,1022
3949,1022
3950,1022
3951,1022
3952,1022
3953,1022
3954,1022
3955,0
3956,0
3957,0
3958,0
3959,0
3960,0
3961,0
3962,0
3963,0
3964,1022
3965,1022
3966,1022
3967,1022
3968,1022
3969,1022
3970,1022
3971,1022
3972,0
3973,0
3974,0
3975,0
3976,0
3977,0
3978,0
3979,0
3980,0
3981,1022
3982,1022
3983,1022
3984,1022
3985,1022
3986,1022
3987,1022
3988,1022
3989,1022
3990,0
3991,0
3992,0
3993,0
3994,0
3995,0
3996,0
3997,0
3998,0
3999,1022
4000,1022
4001,1022
4002,1022
4003,1022
4004,1022
4005,1022
4006,1022
4007,0
4008,0
4009,0
4010,0
4011,0
4012,0
4013,0
4014,0
4015,0
4016,1022
4017,1022
4018,1022
4019,1022
4020,1022
4021,1022
4022,1022
4023,1022
4024,1022
4025,0
4026,0
4027,0
4028,0
4029,0
4030,0
4031,0
4032,0
4033,0
4034,1022
4035,1021
4036,1021
4037,1022
4038,1022
4039,1023
4040,1022
4041,1021
4042,0
4043,0
4044,0
4045,0
4046,0
4047,0
4048,0
4049,0
4050,0
4051,1022
4052,1022
4053,1022
4054,1022
4055,1022
4056,1022
4057,1022
4058,1021
4059,1022
4060,0
4061,0
4062,0
4063,0
4064,0
4065,0
4066,0
4067,0
4068,0
4069,1022
4070,1022
4071,1022
4072,1021
4073,1022
4074,1022
4075,1022
4076,1022
4077,1022
4078,0
4079,0
4080,0
4081,0
4082,0
4083,0
4084,0
4085,0
4086,1022
4087,1022
4088,1021
4089,1022
4090,1021
4091,1022
4092,1022
4093,1021
4094,1022
4095,0
4096,0
4097,0
4098,0
4099,0
4100,0
4101,0
4102,0
4103,0
4104,1022
4105,1021
4106,1022
4107,1021
4108,1021
4109,1022
4110,1021
4111,1021
4112,1021
4113,0
4114,0
4115,0
4116,0
4117,0
4118,0
4119,0
4120,0
4121,1022
4122,1022
4123,1022
4124,1022
4125,1022
4126,1022
4127,1022
4128,1022
4129,1022
4130,0
4131,0
4132,0
4133,0
4134,0
4135,0
4136,0
4137,0
4138,0
4139,1022
4140,1022
4141,1022
4142,1022
4143,1022
4144,1022
4145,1022
4146,1022
4147,1022
4148,0
4149,0
4150,0
4151,0
4152,0
4153,0
4154,0
4155,0
4156,1022
4157,1022
4158,1022
4159,1022
4160,1022
4161,1022
4162,1021
4163,1022
4164,1022
4165,0
4166,0
4167,0
4168,0
4169,0
4170,0
4171,0
4172,0
4173,0
4174,1022
4175,1021
4176,1022
4177,1022
4178,1021
4179,1022
4180,1021
4181,1022
4182,1022
4183,0
4184,0
4185,0
4186,0
4187,0
4188,0
4189,0
4190,0
4191,0
4192,1022
4193,1022
4194,1022
4195,1022
4196,1022
4197,1022
4198,1022
4199,1020
4200,0
4201,0
4202,0
4203,0
4204,0
4205,0
4206,0
4207,0
4208,0
4209,1022
4210,1022
4211,1022
4212,1022
4213,1022
4214,1022
4215,1022
4216,1022
4217,1022
4218,0
4219,0
4220,0
4221,0
4222,0
4223,0
4224,0
4225,0
4226,0
4227,1022
4228,1022
4229,1022
4230,1023
4231,1022
4232,1022
4233,1022
4234,1022
4235,0
4236,0
4237,0
4238,0
4239,0
4240,0
4241,0
4242,0
4243,0
4244,1022
4245,1022
4246,1022
4247,1022
4248,1022
4249,1022
4250,1022
4251,1022
4252,1022
4253,0
4254,0
4255,0
4256,0
4257,0
4258,0
4259,0
4260,0
4261,0
4262,1022
4263,1022
4264,1022
4265,1022
4266,1022
4267,1022
4268,1022
4269,1022
4270,0
4271,0
4272,0
4273,0
4274,0
4275,0
4276,0
4277,0
4278,0
4279,1022
4280,1022
4281,1022
4282,1022
4283,1022
4284,1022
4285,1021
4286,1022
4287,1022
4288,0
4289,0
4290,0
4291,0
4292,0
4293,0
4294,0
4295,0
4296,0
4297,1022
4298,1022
4299,1022
4300,1022
4301,1022
4302,1021
4303,1022
4304,1021
4305,0
4306,0
4307,0
4308,0
4309,0
4310,0
4311,0
4312,0
4313,0
4314,1022
4315,1022
4316,1022
4317,1021
4318,1022
4319,1022
4320,1022
4321,1021
4322,1022
4323,0
4324,0
4325,0
4326,0
4327,0
4328,0
4329,0
4330,0
4331,0
4332,1022
4333,1022
4334,1022
4335,1022
4336,1022
4337,1022
4338,1022
4339,1022
4340,1022
4341,0
4342,0
4343,0
4344,0
4345,0
4346,0
4347,0
4348,0
4349,1022
4350,1022
4351,1022
4352,1022
4353,1022
4354,1022
4355,1022
4356,1022
4357,1022
4358,0
4359,0
4360,0
4361,0
4362,0
4363,0
4364,0
4365,0
4366,0
4367,1022
4368,1022
4369,1022
4370,1022
4371,1022
4372,1022
4373,1022
4374,1022
4375,1022
4376,0
4377,0
4378,0
4379,0
4380,0
4381,0
4382,0
4383,0
4384,1022
4385,1022
4386,1022
4387,1022
4388,1022
4389,1022
4390,1022
4391,1022
4392,1022
4393,0
4394,0
4395,0
4396,0
4397,0
4398,0
4399,0
4400,0
4401,0
4402,1022
4403,1022
4404,1022
4405,1023
4406,1022
4407,1022
4408,1022
4409,1022
4410,1022
4411,0
4412,0
4413,0
4414,0
4415,0
4416,0
4417,0
4418,0
4419,1022
4420,1022
4421,1022
4422,1022
4423,1022
4424,1022
4425,1022
4426,1022
4427,1022
4428,0
4429,0
4430,0
4431,0
4432,0
4433,0
4434,0
4435,0
4436,0
4437,1021
4438,1021
4439,1022
4440,1022
4441,1022
4442,1022
4443,1022
4444,1022
4445,1022
4446,0
4447,0
4448,0
4449,0
4450,0
4451,0
4452,0
4453,0
4454,0
4455,1022
4456,1022
4457,1023
4458,1022
4459,1022
4460,1022
4461,1022
4462,1022
4463,0
4464,0
4465,0
4466,0
4467,0
4468,0
4469,0
4470,0
4471,0
4472,1022
4473,1022
4474,1022
4475,1022
4476,1022
4477,1022
4478,1022
4479,1022
4480,1022
4481,0
4482,0
4483,0
4484,0
4485,0
4486,0
4487,0
4488,0
4489,0
4490,1022
4491,1021
4492,1021
4493,1022
4494,1021
4495,1021
4496,1022
4497,1022
4498,0
4499,0
4500,0
4501,0
4502,0
4503,0
4504,0
4505,0
4506,0
4507,1022
4508,1022
4509,1022
4510,1022
4511,1022
4512,1022
4513,1022
4514,1022
4515,1022
4516,0
4517,0
4518,0
4519,0
4520,0
4521,0
4522,0
4523,0
4524,0
4525,1022
4526,1022
4527,1021
4528,1022
4529,1022
4530,1022
4531,1022
4532,1022
4533,0
4534,0
4535,0
4536,0
4537,0
4538,0
4539,0
4540,0
4541,0
4542,1022
4543,1023
4544,1022
4545,1022
4546,1022
4547,1022
4548,1022
4549,1022
4550,1022
4551,0
4552,0
4553,0
4554,0
4555,0
4556,0
4557,0
4558,0
4559,0
4560,1022
4561,1022
4562,1022
4563,1022
4564,1022
4565,1022
4566,1022
4567,1022
4568,1022
4569,0
4570,0
4571,0
4572,0
4573,0
4574,0
4575,0
4576,0
4577,1022
4578,1022
4579,1022
4580,1022
4581,1022
4582,1022
4583,1022
4584,1022
4585,1022
4586,0
4587,0
4588,0
4589,0
4590,0
4591,0
4592,0
4593,0
4594,0
4595,1022
4596,1022
4597,1022
4598,1022
4599,1022
4600,1022
4601,1022
4602,1022
4603,1022
4604,0
4605,0
4606,0
4607,0
4608,0
4609,0
4610,0
4611,0
4612,1022
4613,1022
4614,1022
4615,1022
4616,1022
4617,1022
4618,1022
4619,1022
4620,1022
4621,0
4622,0
4623,0
4624,0
4625,0
4626,0
4627,0
4628,0
4629,0
4630,1022
4631,1022
4632,1022
4633,1022
4634,1022
4635,1022
4636,1022
4637,1022
4638,1022
4639,0
4640,0
4641,0
4642,0
4643,0
4644,0
4645,0
4646,0
4647,1022
4648,1023
4649,1022
4650,1022
4651,1022
4652,1022
4653,1022
4654,1022
4655,1022
4656,0
4657,0
4658,0
4659,0
4660,0
4661,0
4662,0
4663,0
4664,0
4665,1022
4666,1022
4667,1022
4668,1022
4669,1022
4670,1022
4671,1022
4672,1022
4673,1022
4674,0
4675,0
4676,0
4677,0
4678,0
4679,0
4680,0
4681,0
4682,0
4683,1022
4684,1022
4685,1022
4686,1022
4687,1022
4688,1022
4689,1022
4690,1022
4691,0
4692,0
4693,0
4694,0
4695,0
4696,0
4697,0
4698,0
4699,0
4700,1022
4701,1022
4702,1022
4703,1022
4704,1022
4705,1022
4706,1022
4707,1023
4708,1022
4709,0
4710,0
4711,0
4712,0
4713,0
4714,0
4715,0
4716,0
4717,0
4718,1021
4719,1022
4720,1022
4721,1022
4722,1022
4723,1022
4724,1022
4725,1022
4726,0
4727,0
4728,0
4729,0
4730,0
4731,0
4732,0
4733,0
4734,0
4735,1022
4736,1022
4737,1023
4738,1022
4739,1022
4740,1022
4741,1021
4742,1022
4743,1022
4744,0
4745,0
4746,0
4747,0
4748,0
4749,0
4750,0
4751,0
4752,0
4753,1022
4754,1022
4755,1022
4756,1022
4757,1022
4758,1022
4759,1022
4760,1022
4761,0
4762,0
4763,0
4764,0
4765,0
4766,0
4767,0
4768,0
4769,0
4770,1022
4771,1022
4772,1022
4773,1022
4774,1022
4775,1022
4776,1022
4777,1022
4778,1023
4779,0
4780,0
4781,0
4782,0
4783,0
4784,0
4785,0
4786,0
4787,0
4788,1022
4789,1022
4790,1021
4791,1021
4792,1021
4793,1021
4794,1022
4795,1022
4796,1022
4797,0
4798,0
4799,0
4800,0
4801,0
4802,0
4803,0
4804,0
4805,1022
4806,1022
4807,1022
4808,1022
4809,1022
4810,1022
4811,1022
4812,1022
4813,1022
4814,0
4815,0
4816,0
4817,0
4818,0
4819,0
4820,0
4821,0
4822,0
4823,1022
4824,1022
4825,1022
4826,1021
4827,1022
4828,1022
4829,1022
4830,1022
4831,1022
4832,0
4833,0
4834,0
4835,0
4836,0
4837,0
4838,0
4839,0
4840,1022
4841,1022
4842,1022
4843,1022
4844,1022
4845,1022
4846,1022
4847,1022
4848,1022
4849,0
4850,0
4851,0
4852,0
4853,0
4854,0
4855,0
4856,0
4857,0
4858,1022
4859,1022
4860,1022
4861,1022
4862,1022
4863,1022
4864,1022
4865,1022
4866,1022
4867,0
4868,0
4869,0
4870,0
4871,0
4872,0
4873,0
4874,0
4875,1022
4876,1022
4877,1022
4878,1022
4879,1022
4880,1021
4881,1022
4882,1022
4883,1022
4884,0
4885,0
4886,0
4887,0
4888,0
4889,0
4890,0
4891,0
4892,0
4893,1022
4894,1022
4895,1022
4896,1022
4897,1022
4898,1022
4899,1022
4900,1022
4901,1021
4902,0
4903,0
4904,0
4905,0
4906,0
4907,0
4908,0
4909,0
4910,1022
4911,1022
4912,1022
4913,1022
4914,1021
4915,1022
4916,1022
4917,1022
4918,1022
4919,0
4920,0
4921,0
4922,0
4923,0
4924,0
4925,0
4926,0
4927,0
4928,1022
4929,1022
4930,1022
4931,1022
4932,1022
4933,1022
4934,1022
4935,1022
4936,1022
4937,0
4938,0
4939,0
4940,0
4941,0
4942,0
4943,0
4944,0
4945,0
4946,1022
4947,1021
4948,1023
4949,1022
4950,1021
4951,1022
4952,1022
4953,1022
4954,0
4955,0
4956,0
4957,0
4958,0
4959,0
4960,0
4961,0
4962,0
4963,1022
4964,1022
4965,1021
4966,1022
4967,1022
4968,1022
4969,1022
4970,1022
4971,1022
4972,0
4973,0
4974,0
4975,0
4976,0
4977,0
4978,0
4979,0
4980,0
4981,1022
4982,1021
4983,1022
4984,1022
4985,1022
4986,1022
4987,1022
4988,1022
4989,0
4990,0
4991,0
4992,0
4993,0
4994,0
4995,0
4996,0
4997,0
4998,1022
4999,1021
5000,1022
5001,1022
5002,1022
5003,1022
5004,1022
5005,0
5006,0
5007,0
5008,0
5009,0
5010,0
5011,1022
5012,1022
5013,1021
5014,1022
5015,1022
5016,1022
5017,1022
5018,0
5019,0
5020,0
5021,0
5022,0
5023,0
5024,1022
5025,1022
5026,1022
5027,1022
5028,1022
5029,1023
5030,0
5031,0
5032,0
5033,0
5034,0
5035,0
5036,0
5037,1022
5038,1021
5039,1022
5040,1022
5041,1022
5042,1022
5043,0
5044,0
5045,0
5046,0
5047,0
5048,0
5049,0
5050,1022
5051,1022
5052,1023
5053,1021
5054,1022
5055,1022
5056,0
5057,0
5058,0
5059,0
5060,0
5061,0
5062,0
5063,1022
5064,1022
5065,1022
5066,1022
5067,1022
5068,1022
5069,0
5070,0
5071,0
5072,0
5073,0
5074,0
5075,0
5076,1022
5077,1022
5078,1021
5079,1022
5080,1022
5081,1022
5082,0
5083,0
5084,0
5085,0
5086,0
5087,0
5088,0
5089,1022
5090,1022
5091,1022
5092,1022
5093,1022
5094,1022
5095,0
5096,0
5097,0
5098,0
5099,0
5100,0
5101,0
5102,1022
5103,1022
5104,1022
5105,1022
5106,1022
5107,1022
5108,0
5109,0
5110,0
5111,0
5112,0
5113,0
5114,0
5115,1023
5116,1022
5117,1022
5118,1022
5119,1022
5120,1023
5121,0
5122,0
5123,0
5124,0
5125,0
5126,0
5127,1022
5128,1022
5129,1022
5130,1022
5131,1022
5132,1022
5133,1023
5134,0
5135,0
5136,0
5137,0
5138,0
5139,0
5140,1022
5141,1022
5142,1022
5143,1022
5144,1022
5145,1022
5146,1022
5147,0
5148,0
5149,0
5150,0
5151,0
5152,0
5153,1021
5154,1022
5155,1022
5156,1022
5157,1021
5158,1022
5159,1022
5160,0
5161,0
5162,0
5163,0
5164,0
5165,0
5166,1022
5167,1022
5168,1022
5169,1022
5170,1022
5171,1022
5172,1022
5173,0
5174,0
5175,0
5176,0
5177,0
5178,0
5179,1022
5180,1022
5181,1022
5182,1022
5183,1022
5184,1022
5185,1022
5186,0
5187,0
5188,0
5189,0
5190,0
5191,0
5192,1022
5193,1022
5194,1022
5195,1022
5196,1022
5197,1022
5198,1022
5199,0
5200,0
5201,0
5202,0
5203,0
5204,0
5205,1022
5206,1022
5207,1021
5208,1021
5209,1021
5210,1022
5211,0
5212,0
5213,0
5214,0
5215,0
5216,0
5217,0
5218,1022
5219,1022
5220,1022
5221,1022
5222,1022
5223,1022
5224,0
5225,0
5226,0
5227,0
5228,0
5229,0
5230,0
5231,1022
5232,1022
5233,1021
5234,1022
5235,1022
5236,1022
5237,0
5238,0
5239,0
5240,0
5241,0
5242,0
5243,0
5244,1022
5245,1021
5246,1022
5247,1021
5248,1022
5249,1022
5250,0
5251,0
5252,0
5253,0
5254,0
5255,0
5256,0
5257,1022
5258,1022
5259,1022
5260,1022
5261,1021
5262,1022
5263,0
5264,0
5265,0
5266,0
5267,0
5268,0
5269,0
5270,1022
5271,1022
5272,1023
5273,1022
5274,1022
5275,1023
5276,0
5277,0
5278,0
5279,0
5280,0
5281,0
5282,0
5283,1022
5284,1022
5285,1022
5286,1022
5287,1022
5288,1022
5289,0
5290,0
5291,0
5292,0
5293,0
5294,0
5295,0
5296,1022
5297,1021
5298,1022
5299,1022
5300,1022
5301,1021
5302,0
5303,0
5304,0
5305,0
5306,0
5307,0
5308,1022
5309,1022
5310,1022
5311,1022
5312,1021
5313,1022
5314,1022
5315,0
5316,0
5317,0
5318,0
5319,0
5320,0
5321,1022
5322,1022
5323,1021
5324,1022
5325,1022
5326,1022
5327,1022
5328,0
5329,0
5330,0
5331,0
5332,0
5333,0
5334,1022
5335,1023
5336,1022
5337,1023
5338,1022
5339,1022
5340,1022
5341,0
5342,0
5343,0
5344,0
5345,0
5346,0
5347,1022
5348,1022
5349,1022
5350,1022
5351,1022
5352,1022
5353,1023
5354,0
5355,0
5356,0
5357,0
5358,0
5359,0
5360,1022
5361,1022
5362,1022
5363,1022
5364,1022
5365,1022
5366,1022
5367,0
5368,0
5369,0
5370,0
5371,0
5372,0
5373,1022
5374,1022
5375,1022
5376,1022
5377,1022
5378,1021
5379,1022
5380,0
5381,0
5382,0
5383,0
5384,0
5385,0
5386,1022
5387,1023
5388,1022
5389,1022
5390,1022
5391,1022
5392,0
5393,0
5394,0
5395,0
5396,0
5397,0
5398,0
5399,1022
5400,1022
5401,1022
5402,1022
5403,1022
5404,1022
5405,0
5406,0
5407,0
5408,0
5409,0
5410,0
5411,0
5412,1022
5413,1022
5414,1022
5415,1022
5416,1022
5417,1022
5418,0
5419,0
5420,0
5421,0
5422,0
5423,0
5424,0
5425,1022
5426,1022
5427,1022
5428,1022
5429,1022
5430,1022
5431,0
5432,0
5433,0
5434,0
5435,0
5436,0
5437,0
5438,1021
5439,1023
5440,1022
5441,1022
5442,1022
5443,1022
5444,0
5445,0
5446,0
5447,0
5448,0
5449,0
5450,0
5451,1021
5452,1022
5453,1022
5454,1022
5455,1022
5456,1022
5457,0
5458,0
5459,0
5460,0
5461,0
5462,0
5463,0
5464,1022
5465,1022
5466,1022
5467,1022
5468,1022
5469,1022
5470,0
5471,0
5472,0
5473,0
5474,0
5475,0
5476,0
5477,1022
5478,1022
5479,1022
5480,1021
5481,1022
5482,1022
5483,0
5484,0
5485,0
5486,0
5487,0
5488,0
5489,1022
5490,1022
5491,1022
5492,1022
5493,1022
5494,1021
5495,1022
5496,0
5497,0
5498,0
5499,0
5500,0
5501,0
5502,1022
5503,1022
5504,1022
5505,1022
5506,1022
5507,1022
5508,1022
5509,0
5510,0
5511,0
5512,0
5513,0
5514,0
5515,1022
5516,1022
5517,1022
5518,1022
5519,1022
5520,1022
5521,1022
5522,0
5523,0
5524,0
5525,0
5526,0
5527,0
5528,1022
5529,1022
5530,1022
5531,1022
5532,1022
5533,1022
5534,1022
5535,0
5536,0
5537,0
5538,0
5539,0
5540,0
5541,1022
5542,1023
5543,1022
5544,1022
5545,1022
5546,1022
5547,1022
5548,0
5549,0
5550,0
5551,0
5552,0
5553,0
5554,1022
5555,1021
5556,1022
5557,1023
5558,1021
5559,1022
5560,1022
5561,0
5562,0
5563,0
5564,0
5565,0
5566,0
5567,1022
5568,1022
5569,1022
5570,1022
5571,1022
5572,1022
5573,0
5574,0
5575,0
5576,0
5577,0
5578,0
5579,0
5580,1022
5581,1022
5582,1021
5583,1022
5584,1022
5585,1022
5586,0
5587,0
5588,0
5589,0
5590,0
5591,0
5592,0
5593,1022
5594,1022
5595,1022
5596,1022
5597,1021
5598,1022
5599,0
5600,0
5601,0
5602,0
5603,0
5604,0
5605,0
5606,1022
5607,1022
5608,1022
5609,1022
5610,1022
5611,1022
5612,0
5613,0
5614,0
5615,0
5616,0
5617,0
5618,0
5619,1022
5620,1022
5621,1022
5622,1021
5623,1022
5624,1022
5625,0
5626,0
5627,0
5628,0
5629,0
5630,0
5631,0
5632,1022
5633,1022
5634,1022
5635,1022
5636,1022
5637,1022
5638,0
5639,0
5640,0
5641,0
5642,0
5643,0
5644,0
5645,1022
5646,1022
5647,1022
5648,1022
5649,1022
5650,1021
5651,0
5652,0
5653,0
5654,0
5655,0
5656,0
5657,0
5658,1022
5659,1022
5660,1023
5661,1022
5662,1022
5663,1022
5664,0
5665,0
5666,0
5667,0
5668,0
5669,0
5670,1022
5671,1022
5672,1022
5673,1022
5674,1022
5675,1022
5676,1022
5677,0
5678,0
5679,0
5680,0
5681,0
5682,0
5683,1022
5684,1022
5685,1022
5686,1022
5687,1022
5688,1022
5689,1022
5690,0
5691,0
5692,0
5693,0
5694,0
5695,0
5696,1022
5697,1022
5698,1021
5699,1022
5700,1022
5701,1022
5702,1022
5703,0
5704,0
5705,0
5706,0
5707,0
5708,0
5709,1022
5710,1022
5711,1022
5712,1022
5713,1021
5714,1023
5715,1022
5716,0
5717,0
5718,0
5719,0
5720,0
5721,0
5722,1022
5723,1022
5724,1022
5725,1022
5726,1022
5727,1022
5728,1022
5729,0
5730,0
5731,0
5732,0
5733,0
5734,0
5735,1022
5736,1022
5737,1022
5738,1022
5739,1021
5740,1022
5741,1022
5742,0
5743,0
5744,0
5745,0
5746,0
5747,0
5748,1022
5749,1022
5750,1022
5751,1021
5752,1022
5753,1022
5754,0
5755,0
5756,0
5757,0
5758,0
5759,0
5760,0
5761,1021
5762,1022
5763,1022
5764,1022
5765,1021
5766,1022
5767,0
5768,0
5769,0
5770,0
5771,0
5772,0
5773,0
5774,1022
5775,1021
5776,1022
5777,1022
5778,1022
5779,1022
5780,0
5781,0
5782,0
5783,0
5784,0
5785,0
5786,0
5787,1021
5788,1022
5789,1022
5790,1022
5791,1022
5792,1022
5793,0
5794,0
5795,0
5796,0
5797,0
5798,0
5799,0
5800,1021
5801,1022
5802,1022
5803,1022
5804,1022
5805,1022
5806,0
5807,0
5808,0
5809,0
5810,0
5811,0
5812,0
5813,1022
5814,1022
5815,1022
5816,1022
5817,1022
5818,1021
5819,0
5820,0
5821,0
5822,0
5823,0
5824,0
5825,0
5826,1022
5827,1022
5828,1022
5829,1022
5830,1022
5831,1022
5832,0
5833,0
5834,0
5835,0
5836,0
5837,0
5838,0
5839,1022
5840,1022
5841,1022
5842,1022
5843,1022
5844,1022
5845,0
5846,0
5847,0
5848,0
5849,0
5850,0
5851,1022
5852,1022
5853,1022
5854,1022
5855,1022
5856,1022
5857,1022
5858,0
5859,0
5860,0
5861,0
5862,0
5863,0
5864,1022
5865,1022
5866,1022
5867,1022
5868,1022
5869,1022
5870,1022
5871,0
5872,0
5873,0
5874,0
5875,0
5876,0
5877,1022
5878,1022
5879,1022
5880,1022
5881,1021
5882,1022
5883,1022
5884,0
5885,0
5886,0
5887,0
5888,0
5889,0
5890,1022
5891,1022
5892,1022
5893,1022
5894,1022
5895,1022
5896,1022
5897,0
5898,0
5899,0
5900,0
5901,0
5902,0
5903,1022
5904,1022
5905,1022
5906,1022
5907,1021
5908,1022
5909,1022
5910,0
5911,0
5912,0
5913,0
5914,0
5915,0
5916,1022
5917,1021
5918,1022
5919,1022
5920,1022
5921,1022
5922,0
5923,0
5924,0
5925,0
5926,0
5927,0
5928,0
5929,1022
5930,1022
5931,1022
5932,1021
5933,1022
5934,1022
5935,0
5936,0
5937,0
5938,0
5939,0
5940,0
5941,0
5942,1022
5943,1022
5944,1022
5945,1022
5946,1022
5947,1022
5948,0
5949,0
5950,0
5951,0
5952,0
5953,0
5954,0
5955,1022
5956,1022
5957,1022
5958,1022
5959,1022
5960,1022
5961,0
5962,0
5963,0
5964,0
5965,0
5966,0
5967,0
5968,1022
5969,1022
5970,1022
5971,1022
5972,1022
5973,1023
5974,0
5975,0
5976,0
5977,0
5978,0
5979,0
5980,0
5981,1023
5982,1022
5983,1021
5984,1022
5985,1022
5986,1022
5987,0
5988,0
5989,0
5990,0
5991,0
5992,0
5993,0
5994,1022
5995,1022
5996,1022
5997,1022
5998,1022
5999,1022
6000,0
6001,0
6002,0
6003,0
6004,0
6005,0
6006,0
6007,1022
6008,1022
6009,1021
6010,1022
6011,1022
6012,1022
6013,0
6014,0
6015,0
6016,0
6017,0
6018,0
6019,1019
6020,1022
6021,1022
6022,1022
6023,1022
6024,1022
6025,1022
6026,0
6027,0
6028,0
6029,0
6030,0
6031,0
6032,1022
6033,1022
6034,1022
6035,1022
6036,1022
6037,1022
6038,1022
6039,0
6040,0
6041,0
6042,0
6043,0
6044,0
6045,1022
6046,1022
6047,1022
6048,1022
6049,1022
6050,1022
6051,1022
6052,0
6053,0
6054,0
6055,0
6056,0
6057,0
6058,1022
6059,1022
6060,1022
6061,1022
6062,1022
6063,1022
6064,1022
6065,0
6066,0
6067,0
6068,0
6069,0
6070,0
6071,1022
6072,1022
6073,1022
6074,1022
6075,1022
6076,1022
6077,1022
6078,0
6079,0
6080,0
6081,0
6082,0
6083,0
6084,1022
6085,1022
6086,1022
6087,1022
6088,1022
6089,1021
6090,1022
6091,0
6092,0
6093,0
6094,0
6095,0
6096,0
6097,1022
6098,1022
6099,1022
6100,1022
6101,1022
6102,1022
6103,0
6104,0
6105,0
6106,0
6107,0
6108,0
6109,0
6110,1022
6111,1022
6112,1022
6113,1021
6114,1022
6115,1022
6116,0
6117,0
6118,0
6119,0
6120,0
6121,0
6122,0
6123,1022
6124,1022
6125,1022
6126,1022
6127,1022
6128,1021
6129,0
6130,0
6131,0
6132,0
6133,0
6134,0
6135,0
6136,1022
6137,1022
6138,1022
6139,1022
6140,1022
6141,1022
6142,0
6143,0
6144,0
6145,0
6146,0
6147,0
6148,0
6149,1022
6150,1021
6151,1021
6152,1021
6153,1021
6154,1023
6155,0
6156,0
6157,0
6158,0
6159,0
6160,0
6161,0
6162,1021
6163,1022
6164,1022
6165,1022
6166,1022
6167,1022
6168,0
6169,0
6170,0
6171,0
6172,0
6173,0
6174,0
6175,1022
6176,1022
6177,1022
6178,1022
6179,1022
6180,1022
6181,0
6182,0
6183,0
6184,0
6185,0
6186,0
6187,0
6188,1022
6189,1022
6190,1022
6191,1022
6192,1022
6193,1022
6194,0
6195,0
6196,0
6197,0
6198,0
6199,0
6200,1022
6201,1022
6202,1022
6203,1022
6204,1022
6205,1022
6206,1021
6207,0
6208,0
6209,0
6210,0
6211,0
6212,0
6213,1022
6214,1022
6215,1022
6216,1022
6217,1022
6218,1022
6219,1022
6220,0
6221,0
6222,0
6223,0
6224,0
6225,0
6226,1022
6227,1022
6228,1022
6229,1022
6230,1022
6231,1022
6232,1022
6233,0
6234,0
6235,0
6236,0
6237,0
6238,0
6239,1022
6240,1022
6241,1022
6242,1022
6243,1022
6244,1022
6245,1022
6246,0
6247,0
6248,0
6249,0
6250,0
6251,0
6252,1022
6253,1022
6254,1022
6255,1022
6256,1022
6257,1022
6258,1022
6259,0
6260,0
6261,0
6262,0
6263,0
6264,0
6265,1022
6266,1022
6267,1022
6268,1021
6269,1022
6270,1022
6271,1022
6272,0
6273,0
6274,0
6275,0
6276,0
6277,0
6278,1022
6279,1021
6280,1022
6281,1022
6282,1022
6283,1022
6284,1022
6285,0
6286,0
6287,0
6288,0
6289,0
6290,0
6291,1022
6292,1022
6293,1022
6294,1022
6295,1022
6296,1022
6297,0
6298,0
6299,0
6300,0
6301,0
6302,0
6303,0
6304,1022
6305,1022
6306,1021
6307,1022
6308,1022
6309,1021
6310,0
6311,0
6312,0
6313,0
6314,0
6315,0
6316,0
6317,1023
6318,1022
6319,1022
6320,1022
6321,1022
6322,1022
6323,0
6324,0
6325,0
6326,0
6327,0
6328,0
6329,0
6330,1022
6331,1021
6332,1022
6333,1022
6334,1022
6335,1022
6336,0
6337,0
6338,0
6339,0
6340,0
6341,0
6342,0
6343,1022
6344,1022
6345,1022
6346,1022
6347,1022
6348,1022
6349,0
6350,0
6351,0
6352,0
6353,0
6354,0
6355,0
6356,1022
6357,1022
6358,1021
6359,1022
6360,1021
6361,1021
6362,0
6363,0
6364,0
6365,0
6366,0
6367,0
6368,0
6369,1022
6370,1022
6371,1022
6372,1022
6373,1021
6374,1022
6375,0
6376,0
6377,0
6378,0
6379,0
6380,0
6381,1022
6382,1022
6383,1022
6384,1021
6385,1021
6386,1022
6387,1022
6388,0
6389,0
6390,0
6391,0
6392,0
6393,0
6394,1022
6395,1022
6396,1022
6397,1022
6398,1022
6399,1023
6400,1022
6401,0
6402,0
6403,0
6404,0
6405,0
6406,0
6407,1022
6408,1022
6409,1021
6410,1022
6411,1022
6412,1022
6413,1022
6414,0
6415,0
6416,0
6417,0
6418,0
6419,0
6420,1022
6421,1022
6422,1022
6423,1022
6424,1022
6425,1022
6426,1022
6427,0
6428,0
6429,0
6430,0
6431,0
6432,0
6433,1022
6434,1022
6435,1023
6436,1022
6437,1022
6438,1021
6439,1022
6440,0
6441,0
6442,0
6443,0
6444,0
6445,0
6446,1022
6447,1022
6448,1022
6449,1022
6450,1022
6451,1022
6452,1022
6453,0
6454,0
6455,0
6456,0
6457,0
6458,0
6459,1022
6460,1021
6461,1022
6462,1022
6463,1022
6464,1022
6465,1022
6466,0
6467,0
6468,0
6469,0
6470,0
6471,0
6472,1022
6473,1022
6474,1022
6475,1022
6476,1022
6477,1022
6478,0
6479,0
6480,0
6481,0
6482,0
6483,0
6484,0
6485,1022
6486,1021
6487,1022
6488,1022
6489,1022
6490,1022
6491,0
6492,0
6493,0
6494,0
6495,0
6496,0
6497,0
6498,1022
6499,1022
6500,1022
6501,1022
6502,1021
6503,1022
6504,0
6505,0
6506,0
6507,0
6508,0
6509,0
6510,0
6511,1022
6512,1021
6513,1022
6514,1022
6515,1022
6516,1022
6517,0
6518,0
6519,0
6520,0
6521,0
6522,0
6523,0
6524,1022
6525,1022
6526,1022
6527,1022
6528,1022
6529,1023
6530,0
6531,0
6532,0
6533,0
6534,0
6535,0
6536,0
6537,1021
6538,1022
6539,1022
6540,1023
6541,1022
6542,1022
6543,0
6544,0
6545,0
6546,0
6547,0
6548,0
6549,0
6550,1021
6551,1022
6552,1022
6553,1022
6554,1022
6555,1022
6556,0
6557,0
6558,0
6559,0
6560,0
6561,0
6562,1022
6563,1022
6564,1022
6565,1021
6566,1022
6567,1022
6568,1022
6569,0
6570,0
6571,0
6572,0
6573,0
6574,0
6575,1022
6576,1022
6577,1022
6578,1022
6579,1022
6580,1022
6581,1021
6582,0
6583,0
6584,0
6585,0
6586,0
6587,0
6588,1022
6589,1022
6590,1022
6591,1022
6592,1022
6593,1022
6594,1022
6595,0
6596,0
6597,0
6598,0
6599,0
6600,0
6601,1021
6602,1022
6603,1021
6604,1022
6605,1022
6606,1022
6607,1022
6608,0
6609,0
6610,0
6611,0
6612,0
6613,0
6614,1022
6615,1022
6616,1022
6617,1022
6618,1022
6619,1022
6620,1022
6621,0
6622,0
6623,0
6624,0
6625,0
6626,0
6627,1022
6628,1022
6629,1022
6630,1022
6631,1022
6632,1022
6633,1022
6634,0
6635,0
6636,0
6637,0
6638,0
6639,0
6640,1022
6641,1022
6642,1022
6643,1022
6644,1022
6645,1022
6646,0
6647,0
6648,0
6649,0
6650,0
6651,0
6652,0
6653,1022
6654,1022
6655,1021
6656,1022
6657,1022
6658,1022
6659,0
6660,0
6661,0
6662,0
6663,0
6664,0
6665,0
6666,1022
6667,1022
6668,1022
6669,1022
6670,1022
6671,1022
6672,0
6673,0
6674,0
6675,0
6676,0
6677,0
6678,0
6679,1022
6680,1022
6681,1022
6682,1022
6683,1022
6684,1021
6685,0
6686,0
6687,0
6688,0
6689,0
6690,0
6691,0
6692,1022
6693,1022
6694,1022
6695,1022
6696,1022
6697,1021
6698,0
6699,0
6700,0
6701,0
6702,0
6703,0
6704,0
6705,1022
6706,1022
6707,1022
6708,1022
6709,1022
6710,1022
6711,0
6712,0
6713,0
6714,0
6715,0
6716,0
6717,0
6718,1022
6719,1022
6720,1021
6721,1022
6722,1022
6723,1021
6724,0
6725,0
6726,0
6727,0
6728,0
6729,0
6730,0
6731,1022
6732,1022
6733,1022
6734,1023
6735,1022
6736,1022
6737,0
6738,0
6739,0
6740,0
6741,0
6742,0
6743,1022
6744,1022
6745,1022
6746,1022
6747,1022
6748,1022
6749,1022
6750,0
6751,0
6752,0
6753,0
6754,0
6755,0
6756,1022
6757,1022
6758,1022
6759,1022
6760,1022
6761,1021
6762,1022
6763,0
6764,0
6765,0
6766,0
6767,0
6768,0
6769,1022
6770,1022
6771,1022
6772,1021
6773,1021
6774,1022
6775,1022
6776,0
6777,0
6778,0
6779,0
6780,0
6781,0
6782,1022
6783,1022
6784,1022
6785,1022
6786,1022
6787,1021
6788,1022
6789,0
6790,0
6791,0
6792,0
6793,0
6794,0
6795,1022
6796,1022
6797,1022
6798,1022
6799,1022
6800,1022
6801,1022
6802,0
6803,0
6804,0
6805,0
6806,0
6807,0
6808,1022
6809,1021
6810,1022
6811,1022
6812,1022
6813,1022
6814,1022
6815,0
6816,0
6817,0
6818,0
6819,0
6820,0
6821,1021
6822,1022
6823,1022
6824,1022
6825,1022
6826,1022
6827,0
6828,0
6829,0
6830,0
6831,0
6832,0
6833,0
6834,1022
6835,1022
6836,1022
6837,1021
6838,1022
6839,1022
6840,0
6841,0
6842,0
6843,0
6844,0
6845,0
6846,0
6847,1022
6848,1022
6849,1022
6850,1022
6851,1022
6852,1022
6853,0
6854,0
6855,0
6856,0
6857,0
6858,0
6859,0
6860,1022
6861,1022
6862,1022
6863,1022
6864,1022
6865,1022
6866,0
6867,0
6868,0
6869,0
6870,0
6871,0
6872,0
6873,1022
6874,1021
6875,1022
6876,1022
6877,1022
6878,1022
6879,0
6880,0
6881,0
6882,0
6883,0
6884,0
6885,0
6886,1022
6887,1022
6888,1022
6889,1022
6890,1021
6891,1022
6892,0
6893,0
6894,0
6895,0
6896,0
6897,0
6898,0
6899,1021
6900,1022
6901,1022
6902,1022
6903,1022
6904,1022
6905,0
6906,0
6907,0
6908,0
6909,0
6910,0
6911,1022
6912,1022
6913,1022
6914,1022
6915,1022
6916,1022
6917,1022
6918,0
6919,0
6920,0
6921,0
6922,0
6923,0
6924,1022
6925,1022
6926,1022
6927,1021
6928,1021
6929,1022
6930,1022
6931,0
6932,0
6933,0
6934,0
6935,0
6936,0
6937,1022
6938,1022
6939,1022
6940,1022
6941,1022
6942,1021
6943,1022
6944,0
6945,0
6946,0
6947,0
6948,0
6949,0
6950,1022
6951,1022
6952,1022
6953,1022
6954,1022
6955,1022
6956,1022
6957,0
6958,0
6959,0
6960,0
6961,0
6962,0
6963,1021
6964,1022
6965,1022
6966,1021
6967,1022
6968,1022
6969,1022
6970,0
6971,0
6972,0
6973,0
6974,0
6975,0
6976,1022
6977,1022
6978,1023
6979,1022
6980,1022
6981,1022
6982,1022
6983,0
6984,0
6985,0
6986,0
6987,0
6988,0
6989,1023
6990,1022
6991,1021
6992,1022
6993,1022
6994,1022
6995,1022
6996,0
6997,0
6998,0
6999,0
7000,0
7001,0
7002,1022
7003,1022
7004,1022
7005,1022
7006,1022
7007,1022
7008,0
7009,0
7010,0
7011,0
7012,0
7013,0
7014,0
7015,1022
7016,1022
7017,1022
7018,1021
7019,1022
7020,1022
7021,0
7022,0
7023,0
7024,0
7025,0
7026,0
7027,0
7028,1022
7029,1022
7030,1021
7031,1022
7032,1022
7033,1022
7034,0
7035,0
7036,0
7037,0
7038,0
7039,0
7040,0
7041,1022
7042,1022
7043,1022
7044,1022
7045,1022
7046,1022
7047,0
7048,0
7049,0
7050,0
7051,0
7052,0
7053,0
7054,1022
7055,1022
7056,1022
7057,1022
7058,1022
7059,1022
7060,0
7061,0
7062,0
7063,0
7064,0
7065,0
7066,0
7067,1022
7068,1022
7069,1022
7070,1021
7071,1022
7072,1022
7073,0
7074,0
7075,0
7076,0
7077,0
7078,0
7079,0
7080,1022
7081,1022
7082,1022
7083,1022
7084,1022
7085,1022
7086,0
7087,0
7088,0
7089,0
7090,0
7091,0
7092,0
7093,1022
7094,1021
7095,1022
7096,1022
7097,1022
7098,1023
7099,0
7100,0
7101,0
7102,0
7103,0
7104,0
7105,1022
7106,1022
7107,1022
7108,1022
7109,1021
7110,1022
7111,1022
7112,0
7113,0
7114,0
7115,0
7116,0
7117,0
7118,1022
7119,1021
7120,1022
7121,1022
7122,1022
7123,1022
7124,1022
7125,0
7126,0
7127,0
7128,0
7129,0
7130,0
7131,1022
7132,1022
7133,1022
7134,1022
7135,1022
7136,1022
7137,1021
7138,0
7139,0
7140,0
7141,0
7142,0
7143,0
7144,1022
7145,1022
7146,1022
7147,1022
7148,1022
7149,1021
7150,1022
7151,0
7152,0
7153,0
7154,0
7155,0
7156,0
7157,1022
7158,1022
7159,1022
7160,1022
7161,1022
7162,1022
7163,1022
7164,0
7165,0
7166,0
7167,0
7168,0
7169,0
7170,1022
7171,1022
7172,1022
7173,1022
7174,1022
7175,1022
7176,1021
7177,0
7178,0
7179,0
7180,0
7181,0
7182,0
7183,1022
7184,1022
7185,1022
7186,1022
7187,1022
7188,1021
7189,0
7190,0
7191,0
7192,0
7193,0
7194,0
7195,0
7196,1022
7197,1021
7198,1022
7199,1022
7200,1022
7201,1022
7202,0
7203,0
7204,0
7205,0
7206,0
7207,0
7208,0
7209,1022
7210,1022
7211,1022
7212,1022
7213,1021
7214,1022
7215,0
7216,0
7217,0
7218,0
7219,0
7220,0
7221,0
7222,1021
7223,1021
7224,1022
7225,1022
7226,1022
7227,1022
7228,0
7229,0
7230,0
7231,0
7232,0
7233,0
7234,0
7235,1022
7236,1022
7237,1022
7238,1022
7239,1022
7240,1021
7241,0
7242,0
7243,0
7244,0
7245,0
7246,0
7247,0
7248,1021
7249,1021
7250,1022
7251,1022
7252,1022
7253,1022
7254,0
7255,0
7256,0
7257,0
7258,0
7259,0
7260,0
7261,1022
7262,1022
7263,1022
7264,1022
7265,1022
7266,1022
7267,0
7268,0
7269,0
7270,0
7271,0
7272,0
7273,1022
7274,1022
7275,1021
7276,1021
7277,1022
7278,1022
7279,1022
7280,0
7281,0
7282,0
7283,0
7284,0
7285,0
7286,1022
7287,1022
7288,1022
7289,1022
7290,1022
7291,1022
7292,1022
7293,0
7294,0
7295,0
7296,0
7297,0
7298,0
7299,1022
7300,1022
7301,1022
7302,1022
7303,1022
7304,1022
7305,1022
7306,0
7307,0
7308,0
7309,0
7310,0
7311,0
7312,1022
7313,1022
7314,1022
7315,1022
7316,1022
7317,1022
7318,1022
7319,0
7320,0
7321,0
7322,0
7323,0
7324,0
7325,1022
7326,1022
7327,1022
7328,1022
7329,1022
7330,1022
7331,1022
7332,0
7333,0
7334,0
7335,0
7336,0
7337,0
7338,1022
7339,1021
7340,1022
7341,1022
7342,1022
7343,1022
7344,1022
7345,0
7346,0
7347,0
7348,0
7349,0
7350,0
7351,1022
7352,1022
7353,1022
7354,1022
7355,1022
7356,1022
7357,1022
7358,0
7359,0
7360,0
7361,0
7362,0
7363,0
7364,1022
7365,1021
7366,1022
7367,1022
7368,1022
7369,1021
7370,0
7371,0
7372,0
7373,0
7374,0
7375,0
7376,0
7377,1022
7378,1021
7379,1022
7380,1022
7381,1022
7382,1022
7383,0
7384,0
7385,0
7386,0
7387,0
7388,0
7389,0
7390,1022
7391,1022
7392,1022
7393,1022
7394,1022
7395,1022
7396,0
7397,0
7398,0
7399,0
7400,0
7401,0
7402,0
7403,1022
7404,1022
7405,1022
7406,1022
7407,1022
7408,1022
7409,0
7410,0
7411,0
7412,0
7413,0
7414,0
7415,0
7416,1022
7417,1022
7418,1022
7419,1022
7420,1022
7421,1022
7422,0
7423,0
7424,0
7425,0
7426,0
7427,0
7428,0
7429,1022
7430,1022
7431,1022
7432,1023
7433,1022
7434,1022
7435,0
7436,0
7437,0
7438,0
7439,0
7440,0
7441,0
7442,1022
7443,1022
7444,1022
7445,1022
7446,1022
7447,1022
7448,0
7449,0
7450,0
7451,0
7452,0
7453,0
7454,1022
7455,1022
7456,1022
7457,1022
7458,1022
7459,1022
7460,1022
7461,0
7462,0
7463,0
7464,0
7465,0
7466,0
7467,1022
7468,1022
7469,1022
7470,1021
7471,1021
7472,1022
7473,1022
7474,0
7475,0
7476,0
7477,0
7478,0
7479,0
7480,1021
7481,1022
7482,1022
7483,1022
7484,1022
7485,1022
7486,1022
7487,0
7488,0
7489,0
7490,0
7491,0
7492,0
7493,1021
7494,1022
7495,1022
7496,1022
7497,1021
7498,1022
7499,1022
7500,0
7501,0
7502,0
7503,0
7504,0
7505,0
7506,1022
7507,1022
7508,1022
7509,1022
7510,1022
7511,1022
7512,1022
7513,0
7514,0
7515,0
7516,0
7517,0
7518,0
7519,1021
7520,1022
7521,1021
7522,1022
7523,1022
7524,1022
7525,1022
7526,0
7527,0
7528,0
7529,0
7530,0
7531,0
7532,1022
7533,1022
7534,1022
7535,1022
7536,1022
7537,1022
7538,1022
7539,0
7540,0
7541,0
7542,0
7543,0
7544,0
7545,1022
7546,1022
7547,1022
7548,1022
7549,1022
7550,1022
7551,0
7552,0
7553,0
7554,0
7555,0
7556,0
7557,0
7558,1022
7559,1022
7560,1023
7561,1022
7562,1022
7563,1022
7564,0
7565,0
7566,0
7567,0
7568,0
7569,0
7570,0
7571,1022
7572,1022
7573,1022
7574,1022
7575,1022
7576,1022
7577,0
7578,0
7579,0
7580,0
7581,0
7582,0
7583,0
7584,1022
7585,1022
7586,1022
7587,1022
7588,1022
7589,1022
7590,0
7591,0
7592,0
7593,0
7594,0
7595,0
7596,0
7597,1022
7598,1022
7599,1022
7600,1022
7601,1022
7602,1022
7603,0
7604,0
7605,0
7606,0
7607,0
7608,0
7609,0
7610,1022
7611,1022
7612,1022
7613,1022
7614,1022
7615,1022
7616,0
7617,0
7618,0
7619,0
7620,0
7621,0
7622,0
7623,1022
7624,1022
7625,1022
7626,1022
7627,1022
7628,1022
7629,0
7630,0
7631,0
7632,0
7633,0
7634,0
7635,0
7636,1022
7637,1022
7638,1022
7639,1022
7640,1022
7641,1022
7642,0
7643,0
7644,0
7645,0
7646,0
7647,0
7648,1021
7649,1022
7650,1022
7651,1022
7652,1022
7653,1022
7654,1022
7655,0
7656,0
7657,0
7658,0
7659,0
7660,0
7661,1022
7662,1022
7663,1022
7664,1022
7665,1023
7666,1022
7667,1022
7668,0
7669,0
7670,0
7671,0
7672,0
7673,0
7674,1022
7675,1022
7676,1022
7677,1022
7678,1022
7679,1021
7680,1022
7681,0
7682,0
7683,0
7684,0
7685,0
7686,0
7687,1022
7688,1022
7689,1022
7690,1022
7691,1022
7692,1022
7693,1022
7694,0
7695,0
7696,0
7697,0
7698,0
7699,0
7700,1021
7701,1022
7702,1022
7703,1022
7704,1022
7705,1022
7706,1022
7707,0
7708,0
7709,0
7710,0
7711,0
7712,0
7713,1022
7714,1022
7715,1022
7716,1022
7717,1022
7718,1022
7719,0
7720,0
7721,0
7722,0
7723,0
7724,0
7725,0
7726,1022
7727,1022
7728,1022
7729,1022
7730,1022
7731,1022
7732,0
7733,0
7734,0
7735,0
7736,0
7737,0
7738,0
7739,1022
7740,1022
7741,1022
7742,1022
7743,1022
7744,1022
7745,0
7746,0
7747,0
7748,0
7749,0
7750,0
7751,0
7752,1022
7753,1022
7754,1022
7755,1022
7756,1022
7757,1022
7758,0
7759,0
7760,0
7761,0
7762,0
7763,0
7764,0
7765,1022
7766,1022
7767,1022
7768,1022
7769,1022
7770,1022
7771,0
7772,0
7773,0
7774,0
7775,0
7776,0
7777,0
7778,1022
7779,1022
7780,1022
7781,1022
7782,1022
7783,1022
7784,0
7785,0
7786,0
7787,0
7788,0
7789,0
7790,0
7791,1022
7792,1022
7793,1022
7794,1022
7795,1022
7796,1022
7797,0
7798,0
7799,0
7800,0
7801,0
7802,0
7803,0
7804,1022
7805,1022
7806,1022
7807,1022
7808,1022
7809,1022
7810,0
7811,0
7812,0
7813,0
7814,0
7815,0
7816,1022
7817,1022
7818,1022
7819,1022
7820,1021
7821,1021
7822,1022
7823,0
7824,0
7825,0
7826,0
7827,0
7828,0
7829,1022
7830,1022
7831,1022
7832,1022
7833,1022
7834,1022
7835,1022
7836,0
7837,0
7838,0
7839,0
7840,0
7841,0
7842,1022
7843,1022
7844,1022
7845,1022
7846,1022
7847,1021
7848,1022
7849,0
7850,0
7851,0
7852,0
7853,0
7854,0
7855,1022
7856,1022
7857,1022
7858,1022
7859,1022
7860,1022
7861,1021
7862,0
7863,0
7864,0
7865,0
7866,0
7867,0
7868,1022
7869,1022
7870,1022
7871,1022
7872,1022
7873,1022
7874,1022
7875,0
7876,0
7877,0
7878,0
7879,0
7880,0
7881,1022
7882,1022
7883,1022
7884,1022
7885,1022
7886,1022
7887,1022
7888,0
7889,0
7890,0
7891,0
7892,0
7893,0
7894,1022
7895,1022
7896,1022
7897,1021
7898,1021
7899,1022
7900,1021
7901,0
7902,0
7903,0
7904,0
7905,0
7906,0
7907,1022
7908,1022
7909,1022
7910,1022
7911,1022
7912,1022
7913,0
7914,0
7915,0
7916,0
7917,0
7918,0
7919,0
7920,1022
7921,1022
7922,1022
7923,1022
7924,1022
7925,1022
7926,0
7927,0
7928,0
7929,0
7930,0
7931,0
7932,0
7933,1022
7934,1022
7935,1022
7936,1022
7937,1022
7938,1021
7939,0
7940,0
7941,0
7942,0
7943,0
7944,0
7945,0
7946,1022
7947,1022
7948,1022
7949,1022
7950,1022
7951,1022
7952,0
7953,0
7954,0
7955,0
7956,0
7957,0
7958,0
7959,1022
7960,1022
7961,1022
7962,1022
7963,1022
7964,1022
7965,0
7966,0
7967,0
7968,0
7969,0
7970,0
7971,0
7972,1022
7973,1022
7974,1022
7975,1022
7976,1022
7977,1023
7978,0
7979,0
7980,0
7981,0
7982,0
7983,0
7984,0
7985,1022
7986,1022
7987,1022
7988,1022
7989,1022
7990,1021
7991,0
7992,0
7993,0
7994,0
7995,0
7996,0
7997,1022
7998,1022
7999,1022
8000,1022
8001,1022
8002,1022
8003,1022
8004,0
8005,0
8006,0
8007,0
8008,0
8009,0
8010,1022
8011,1022
8012,1022
8013,1022
8014,1022
8015,1022
8016,1022
8017,0
8018,0
8019,0
8020,0
8021,0
8022,0
8023,1022
8024,1022
8025,1022
8026,1022
8027,1022
8028,1022
8029,1022
8030,0
8031,0
8032,0
8033,0
8034,0
8035,0
8036,1022
8037,1021
8038,1022
8039,1022
8040,1023
8041,1022
8042,1022
8043,0
8044,0
8045,0
8046,0
8047,0
8048,0
8049,1022
8050,1022
8051,1022
8052,1022
8053,1022
8054,1022
8055,1022
8056,0
8057,0
8058,0
8059,0
8060,0
8061,0
8062,1022
8063,1022
8064,1022
8065,1022
8066,1022
8067,1022
8068,1022
8069,0
8070,0
8071,0
8072,0
8073,0
8074,0
8075,1022
8076,1022
8077,1022
8078,1022
8079,1022
8080,1022
8081,0
8082,0
8083,0
8084,0
8085,0
8086,0
8087,0
8088,1022
8089,1021
8090,1022
8091,1022
8092,1022
8093,1022
8094,0
8095,0
8096,0
8097,0
8098,0
8099,0
8100,0
8101,1022
8102,1022
8103,1021
8104,1022
8105,1022
8106,1022
8107,0
8108,0
8109,0
8110,0
8111,0
8112,0
8113,0
8114,1022
8115,1022
8116,1022
8117,1022
8118,1022
8119,1022
8120,0
8121,0
8122,0
8123,0
8124,0
8125,0
8126,0
8127,1022
8128,1022
8129,1022
8130,1022
8131,1022
8132,1022
8133,0
8134,0
8135,0
8136,0
8137,0
8138,0
8139,0
8140,1023
8141,1021
8142,1021
8143,1021
8144,1022
8145,1022
8146,0
8147,0
8148,0
8149,0
8150,0
8151,0
8152,0
8153,1023
8154,1022
8155,1022
8156,1022
8157,1022
8158,1022
8159,0
8160,0
8161,0
8162,0
8163,0
8164,0
8165,0
8166,1022
8167,1022
8168,1021
8169,1022
8170,1022
8171,1022
8172,0
8173,0
8174,0
8175,0
8176,0
8177,0
8178,1022
8179,1022
8180,1022
8181,1022
8182,1022
8183,1022
8184,1022
8185,0
8186,0
8187,0
8188,0
8189,0
8190,0
8191,1022
8192,1022
8193,1023
8194,1022
8195,1021
8196,1022
8197,1021
8198,0
8199,0
8200,0
8201,0
8202,0
8203,0
8204,1022
8205,1022
8206,1022
8207,1022
8208,1022
8209,1022
8210,1022
8211,0
8212,0
8213,0
8214,0
8215,0
8216,0
8217,1023
8218,1022
8219,1022
8220,1022
8221,1022
8222,1022
8223,1021
8224,0
8225,0
8226,0
8227,0
8228,0
8229,0
8230,1022
8231,1022
8232,1022
8233,1022
8234,1022
8235,1022
8236,1022
8237,0
8238,0
8239,0
8240,0
8241,0
8242,0
8243,1022
8244,1022
8245,1022
8246,1022
8247,1022
8248,1022
8249,1022
8250,0
8251,0
8252,0
8253,0
8254,0
8255,0
8256,1022
8257,1022
8258,1021
8259,1022
8260,1022
8261,1022
8262,0
8263,0
8264,0
8265,0
8266,0
8267,0
8268,0
8269,1022
8270,1022
8271,1021
8272,1022
8273,1022
8274,1022
8275,0
8276,0
8277,0
8278,0
8279,0
8280,0
8281,0
8282,1022
8283,1022
8284,1022
8285,1021
8286,1022
8287,1022
8288,0
8289,0
8290,0
8291,0
8292,0
8293,0
8294,0
8295,1022
8296,1022
8297,1023
8298,1022
8299,1022
8300,1022
8301,0
8302,0
8303,0
8304,0
8305,0
8306,0
8307,0
8308,1022
8309,1022
8310,1022
8311,1022
8312,1021
8313,1022
8314,0
8315,0
8316,0
8317,0
8318,0
8319,0
8320,0
8321,1022
8322,1022
8323,1022
8324,1022
8325,1022
8326,1022
8327,0
8328,0
8329,0
8330,0
8331,0
8332,0
8333,0
8334,1022
8335,1022
8336,1022
8337,1022
8338,1022
8339,1022
8340,0
8341,0
8342,0
8343,0
8344,0
8345,0
8346,1021
8347,1022
8348,1022
8349,1022
8350,1022
8351,1022
8352,1022
8353,0
8354,0
8355,0
8356,0
8357,0
8358,0
8359,1022
8360,1022
8361,1022
8362,1022
8363,1021
8364,1021
8365,1022
8366,0
8367,0
8368,0
8369,0
8370,0
8371,0
8372,1022
8373,1022
8374,1022
8375,1022
8376,1021
8377,1022
8378,1022
8379,0
8380,0
8381,0
8382,0
8383,0
8384,0
8385,1022
8386,1022
8387,1022
8388,1022
8389,1022
8390,1022
8391,1022
8392,0
8393,0
8394,0
8395,0
8396,0
8397,0
8398,1022
8399,1022
8400,1022
8401,1022
8402,1022
8403,1022
8404,1022
8405,0
8406,0
8407,0
8408,0
8409,0
8410,0
8411,1022
8412,1022
8413,1022
8414,1022
8415,1022
8416,1022
8417,1022
8418,0
8419,0
8420,0
8421,0
8422,0
8423,0
8424,1022
8425,1022
8426,1021
8427,1022
8428,1022
8429,1022
8430,1021
8431,0
8432,0
8433,0
8434,0
8435,0
8436,0
8437,1022
8438,1022
8439,1022
8440,1022
8441,1022
8442,1021
8443,0
8444,0
8445,0
8446,0
8447,0
8448,0
8449,0
8450,1022
8451,1022
8452,1021
8453,1022
8454,1022
8455,1022
8456,0
8457,0
8458,0
8459,0
8460,0
8461,0
8462,0
8463,1022
8464,1022
8465,1022
8466,1022
8467,1022
8468,1022
8469,0
8470,0
8471,0
8472,0
8473,0
8474,0
8475,0
8476,1022
8477,1022
8478,1021
8479,1022
8480,1022
8481,1022
8482,0
8483,0
8484,0
8485,0
8486,0
8487,0
8488,0
8489,1022
8490,1022
8491,1022
8492,1022
8493,1022
8494,1022
8495,0
8496,0
8497,0
8498,0
8499,0
8500,0
8501,0
8502,1022
8503,1022
8504,1022
8505,1022
8506,1022
8507,1022
8508,0
8509,0
8510,0
8511,0
8512,0
8513,0
8514,0
8515,1022
8516,1022
8517,1022
8518,1022
8519,1022
8520,1022
8521,0
8522,0
8523,0
8524,0
8525,0
8526,0
8527,0
8528,1022
8529,1022
8530,1022
8531,1022
8532,1022
8533,1022
8534,0
8535,0
8536,0
8537,0
8538,0
8539,0
8540,1023
8541,1022
8542,1022
8543,1022
8544,1022
8545,1022
8546,1022
8547,0
8548,0
8549,0
8550,0
8551,0
8552,0
8553,1022
8554,1022
8555,1022
8556,1021
8557,1022
8558,1022
8559,1021
8560,0
8561,0
8562,0
8563,0
8564,0
8565,0
8566,1022
8567,1022
8568,1022
8569,1022
8570,1022
8571,1022
8572,1022
8573,0
8574,0
8575,0
8576,0
8577,0
8578,0
8579,1022
8580,1022
8581,1022
8582,1022
8583,1022
8584,1022
8585,1022
8586,0
8587,0
8588,0
8589,0
8590,0
8591,0
8592,1022
8593,1022
8594,1022
8595,1021
8596,1022
8597,1022
8598,1022
8599,0
8600,0
8601,0
8602,0
8603,0
8604,0
8605,1022
8606,1022
8607,1022
8608,1022
8609,1022
8610,1021
8611,1022
8612,0
8613,0
8614,0
8615,0
8616,0
8617,0
8618,1021
8619,1022
8620,1022
8621,1022
8622,1022
8623,1023
8624,0
8625,0
8626,0
8627,0
8628,0
8629,0
8630,0
8631,1022
8632,1022
8633,1022
8634,1022
8635,1022
8636,1022
8637,0
8638,0
8639,0
8640,0
8641,0
8642,0
8643,0
8644,1022
8645,1022
8646,1022
8647,1022
8648,1022
8649,1022
8650,0
8651,0
8652,0
8653,0
8654,0
8655,0
8656,0
8657,1022
8658,1022
8659,1022
8660,1023
8661,1022
8662,1022
8663,0
8664,0
8665,0
8666,0
8667,0
8668,0
8669,0
8670,1022
8671,1022
8672,1022
8673,1022
8674,1022
8675,1022
8676,0
8677,0
8678,0
8679,0
8680,0
8681,0
8682,0
8683,1022
8684,1022
8685,1022
8686,1022
8687,1022
8688,1022
8689,0
8690,0
8691,0
8692,0
8693,0
8694,0
8695,0
8696,1022
8697,1021
8698,1022
8699,1022
8700,1022
8701,1021
8702,0
8703,0
8704,0
8705,0
8706,0
8707,0
8708,0
8709,1022
8710,1022
8711,1021
8712,1022
8713,1022
8714,1021
8715,0
8716,0
8717,0
8718,0
8719,0
8720,0
8721,1022
8722,1022
8723,1022
8724,1022
8725,1022
8726,1022
8727,1022
8728,0
8729,0
8730,0
8731,0
8732,0
8733,0
8734,1022
8735,1022
8736,1021
8737,1022
8738,1021
8739,1022
8740,1022
8741,0
8742,0
8743,0
8744,0
8745,0
8746,0
8747,1022
8748,1022
8749,1022
8750,1022
8751,1022
8752,1022
8753,1022
8754,0
8755,0
8756,0
8757,0
8758,0
8759,0
8760,1022
8761,1022
8762,1022
8763,1022
8764,1022
8765,1021
8766,1022
8767,0
8768,0
8769,0
8770,0
8771,0
8772,0
8773,1022
8774,1022
8775,1022
8776,1022
8777,1022
8778,1022
8779,1022
8780,0
8781,0
8782,0
8783,0
8784,0
8785,0
8786,1022
8787,1021
8788,1022
8789,1022
8790,1022
8791,1021
8792,1022
8793,0
8794,0
8795,0
8796,0
8797,0
8798,0
8799,1022
8800,1022
8801,1022
8802,1022
8803,1022
8804,1022
8805,0
8806,0
8807,0
8808,0
8809,0
8810,0
8811,0
8812,1022
8813,1022
8814,1022
8815,1022
8816,1022
8817,1022
8818,0
8819,0
8820,0
8821,0
8822,0
8823,0
8824,0
8825,1022
8826,1022
8827,1022
8828,1022
8829,1022
8830,1022
8831,0
8832,0
8833,0
8834,0
8835,0
8836,0
8837,0
8838,1022
8839,1022
8840,1021
8841,1022
8842,1022
8843,1022
8844,0
8845,0
8846,0
8847,0
8848,0
8849,0
8850,0
8851,1022
8852,1022
8853,1022
8854,1022
8855,1022
8856,1022
8857,0
8858,0
8859,0
8860,0
8861,0
8862,0
8863,0
8864,1022
8865,1021
8866,1022
8867,1022
8868,1022
8869,1022
8870,0
8871,0
8872,0
8873,0
8874,0
8875,0
8876,0
8877,1022
8878,1022
8879,1022
8880,1022
8881,1022
8882,1021
8883,0
8884,0
8885,0
8886,0
8887,0
8888,0
8889,0
8890,1022
8891,1022
8892,1022
8893,1022
8894,1022
8895,1022
8896,0
8897,0
8898,0
8899,0
8900,0
8901,0
8902,1021
8903,1022
8904,1022
8905,1023
8906,1022
8907,1022
8908,1022
8909,0
8910,0
8911,0
8912,0
8913,0
8914,0
8915,1022
8916,1021
8917,1022
8918,1022
8919,1022
8920,1022
8921,1022
8922,0
8923,0
8924,0
8925,0
8926,0
8927,0
8928,1022
8929,1022
8930,1022
8931,1022
8932,1022
8933,1022
8934,1022
8935,0
8936,0
8937,0
8938,0
8939,0
8940,0
8941,1022
8942,1022
8943,1022
8944,1022
8945,1022
8946,1022
8947,1023
8948,0
8949,0
8950,0
8951,0
8952,0
8953,0
8954,1022
8955,1022
8956,1022
8957,1022
8958,1021
8959,1022
8960,1022
8961,0
8962,0
8963,0
8964,0
8965,0
8966,0
8967,1022
8968,1022
8969,1022
8970,1022
8971,1022
8972,1021
8973,1022
8974,0
8975,0
8976,0
8977,0
8978,0
8979,0
8980,1022
8981,1022
8982,1022
8983,1022
8984,1022
8985,1022
8986,0
8987,0
8988,0
8989,0
8990,0
8991,0
8992,0
8993,1022
8994,1021
8995,1022
8996,1022
8997,1021
8998,1022
8999,0
9000,0
9001,0
9002,0
9003,0
9004,0
9005,0
9006,1022
9007,1022
9008,1022
9009,1022
9010,1022
9011,1022
9012,0
9013,0
9014,0
9015,0
9016,0
9017,0
9018,0
9019,1022
9020,1022
9021,1022
9022,1022
9023,1022
9024,1022
9025,0
9026,0
9027,0
9028,0
9029,0
9030,0
9031,0
9032,1022
9033,1022
9034,1021
9035,1023
9036,1022
9037,1022
9038,0
9039,0
9040,0
9041,0
9042,0
9043,0
9044,0
9045,1022
9046,1022
9047,1023
9048,1022
9049,1022
9050,1022
9051,0
9052,0
9053,0
9054,0
9055,0
9056,0
9057,0
9058,1022
9059,1022
9060,1022
9061,1022
9062,1022
9063,1021
9064,0
9065,0
9066,0
9067,0
9068,0
9069,0
9070,1021
9071,1022
9072,1022
9073,1022
9074,1022
9075,1022
9076,1022
9077,0
9078,0
9079,0
9080,0
9081,0
9082,0
9083,1022
9084,1022
9085,1022
9086,1022
9087,1022
9088,1022
9089,1021
9090,0
9091,0
9092,0
9093,0
9094,0
9095,0
9096,1022
9097,1022
9098,1022
9099,1022
9100,1022
9101,1022
9102,1022
9103,0
9104,0
9105,0
9106,0
9107,0
9108,0
9109,1022
9110,1022
9111,1022
9112,1022
9113,1022
9114,1022
9115,1021
9116,0
9117,0
9118,0
9119,0
9120,0
9121,0
9122,1022
9123,1022
9124,1022
9125,1022
9126,1022
9127,1022
9128,1022
9129,0
9130,0
9131,0
9132,0
9133,0
9134,0
9135,1022
9136,1022
9137,1022
9138,1021
9139,1022
9140,1022
9141,1021
9142,0
9143,0
9144,0
9145,0
9146,0
9147,0
9148,1022
9149,1022
9150,1022
9151,1022
9152,1022
9153,1022
9154,1022
9155,0
9156,0
9157,0
9158,0
9159,0
9160,0
9161,1022
9162,1022
9163,1022
9164,1022
9165,1022
9166,1022
9167,0
9168,0
9169,0
9170,0
9171,0
9172,0
9173,0
9174,1022
9175,1022
9176,1022
9177,1021
9178,1022
9179,1022
9180,0
9181,0
9182,0
9183,0
9184,0
9185,0
9186,0
9187,1021
9188,1022
9189,1022
9190,1022
9191,1022
9192,1022
9193,0
9194,0
9195,0
9196,0
9197,0
9198,0
9199,0
9200,1022
9201,1022
9202,1022
9203,1022
9204,1022
9205,1022
9206,0
9207,0
9208,0
9209,0
9210,0
9211,0
9212,0
9213,1022
9214,1022
9215,1022
9216,1022
9217,1022
9218,1022
9219,0
9220,0
9221,0
9222,0
9223,0
9224,0
9225,0
9226,1021
9227,1022
9228,1022
9229,1022
9230,1023
9231,1022
9232,0
9233,0
9234,0
9235,0
9236,0
9237,0
9238,0
9239,1022
9240,1021
9241,1022
9242,1022
9243,1022
9244,1022
9245,0
9246,0
9247,0
9248,0
9249,0
9250,0
9251,1022
9252,1022
9253,1022
9254,1022
9255,1022
9256,1022
9257,1022
9258,0
9259,0
9260,0
9261,0
9262,0
9263,0
9264,1022
9265,1022
9266,1022
9267,1022
9268,1022
9269,1022
9270,1021
9271,0
9272,0
9273,0
9274,0
9275,0
9276,0
9277,1021
9278,1022
9279,1022
9280,1022
9281,1022
9282,1022
9283,1022
9284,0
9285,0
9286,0
9287,0
9288,0
9289,0
9290,1022
9291,1022
9292,1022
9293,1022
9294,1022
9295,1022
9296,1022
9297,0
9298,0
9299,0
9300,0
9301,0
9302,0
9303,1022
9304,1022
9305,1022
9306,1022
9307,1022
9308,1022
9309,1022
9310,0
9311,0
9312,0
9313,0
9314,0
9315,0
9316,1022
9317,1022
9318,1022
9319,1022
9320,1022
9321,1022
9322,1022
9323,0
9324,0
9325,0
9326,0
9327,0
9328,0
9329,1022
9330,1022
9331,1022
9332,1022
9333,1022
9334,1022
9335,1021
9336,0
9337,0
9338,0
9339,0
9340,0
9341,0
9342,1021
9343,1022
9344,1022
9345,1022
9346,1022
9347,1021
9348,0
9349,0
9350,0
9351,0
9352,0
9353,0
9354,0
9355,1022
9356,1022
9357,1023
9358,1022
9359,1022
9360,1022
9361,0
9362,0
9363,0
9364,0
9365,0
9366,0
9367,0
9368,1022
9369,1022
9370,1022
9371,1022
9372,1022
9373,1022
9374,0
9375,0
9376,0
9377,0
9378,0
9379,0
9380,0
9381,1022
9382,1022
9383,1022
9384,1022
9385,1022
9386,1022
9387,0
9388,0
9389,0
9390,0
9391,0
9392,0
9393,0
9394,1022
9395,1022
9396,1022
9397,1022
9398,1022
9399,1022
9400,0
9401,0
9402,0
9403,0
9404,0
9405,0
9406,0
9407,1022
9408,1022
9409,1022
9410,1022
9411,1022
9412,1022
9413,0
9414,0
9415,0
9416,0
9417,0
9418,0
9419,0
9420,1022
9421,1022
9422,1022
9423,1022
9424,1022
9425,1022
9426,0
9427,0
9428,0
9429,0
9430,0
9431,0
9432,1020
9433,1022
9434,1022
9435,1022
9436,1022
9437,1022
9438,1022
9439,0
9440,0
9441,0
9442,0
9443,0
9444,0
9445,1022
9446,1022
9447,1021
9448,1022
9449,1022
9450,1022
9451,1023
9452,0
9453,0
9454,0
9455,0
9456,0
9457,0
9458,1022
9459,1022
9460,1022
9461,1023
9462,1021
9463,1022
9464,1022
9465,0
9466,0
9467,0
9468,0
9469,0
9470,0
9471,1022
9472,1021
9473,1022
9474,1022
9475,1022
9476,1022
9477,1022
9478,0
9479,0
9480,0
9481,0
9482,0
9483,0
9484,1021
9485,1022
9486,1022
9487,1022
9488,1021
9489,1022
9490,1022
9491,0
9492,0
9493,0
9494,0
9495,0
9496,0
9497,1022
9498,1022
9499,1022
9500,1022
9501,1021
9502,1022
9503,1022
9504,0
9505,0
9506,0
9507,0
9508,0
9509,0
9510,1022
9511,1022
9512,1022
9513,1022
9514,1022
9515,1022
9516,0
9517,0
9518,0
9519,0
9520,0
9521,0
9522,0
9523,1022
9524,1022
9525,1022
9526,1021
9527,1022
9528,1022
9529,0
9530,0
9531,0
9532,0
9533,0
9534,0
9535,0
9536,1022
9537,1022
9538,1022
9539,1022
9540,1022
9541,1022
9542,0
9543,0
9544,0
9545,0
9546,0
9547,0
9548,0
9549,1022
9550,1022
9551,1021
9552,1022
9553,1022
9554,1022
9555,0
9556,0
9557,0
9558,0
9559,0
9560,0
9561,0
9562,1022
9563,1022
9564,1022
9565,1022
9566,1022
9567,1022
9568,0
9569,0
9570,0
9571,0
9572,0
9573,0
9574,0
9575,1022
9576,1022
9577,1022
9578,1022
9579,1021
9580,1022
9581,0
9582,0
9583,0
9584,0
9585,0
9586,0
9587,0
9588,1021
9589,1022
9590,1022
9591,1022
9592,1022
9593,1022
9594,0
9595,0
9596,0
9597,0
9598,0
9599,0
9600,0
9601,1021
9602,1022
9603,1022
9604,1022
9605,1022
9606,1022
9607,0
9608,0
9609,0
9610,0
9611,0
9612,0
9613,1021
9614,1022
9615,1022
9616,1022
9617,1022
9618,1022
9619,1022
9620,0
9621,0
9622,0
9623,0
9624,0
9625,0
9626,1022
9627,1022
9628,1022
9629,1022
9630,1022
9631,1022
9632,1022
9633,0
9634,0
9635,0
9636,0
9637,0
9638,0
9639,1022
9640,1022
9641,1022
9642,1022
9643,1022
9644,1022
9645,1022
9646,0
9647,0
9648,0
9649,0
9650,0
9651,0
9652,1022
9653,1022
9654,1022
9655,1022
9656,1022
9657,1022
9658,1022
9659,0
9660,0
9661,0
9662,0
9663,0
9664,0
9665,1021
9666,1022
9667,1022
9668,1022
9669,1022
9670,1023
9671,1022
9672,0
9673,0
9674,0
9675,0
9676,0
9677,0
9678,1022
9679,1022
9680,1022
9681,1022
9682,1022
9683,1022
9684,1022
9685,0
9686,0
9687,0
9688,0
9689,0
9690,0
9691,1022
9692,1022
9693,1022
9694,1021
9695,1022
9696,1022
9697,1022
9698,0
9699,0
9700,0
9701,0
9702,0
9703,0
9704,1022
9705,1022
9706,1022
9707,1022
9708,1022
9709,1022
9710,0
9711,0
9712,0
9713,0
9714,0
9715,0
9716,0
9717,1022
9718,1022
9719,1022
9720,1022
9721,1022
9722,1022
9723,0
9724,0
9725,0
9726,0
9727,0
9728,0
9729,0
9730,1022
9731,1022
9732,1022
9733,1023
9734,1021
9735,1022
9736,0
9737,0
9738,0
9739,0
9740,0
9741,0
9742,0
9743,1021
9744,1022
9745,1022
9746,1022
9747,1021
9748,1022
9749,0
9750,0
9751,0
9752,0
9753,0
9754,0
9755,0
9756,1022
9757,1022
9758,1022
9759,1022
9760,1022
9761,1022
9762,0
9763,0
9764,0
9765,0
9766,0
9767,0
9768,0
9769,1022
9770,1022
9771,1022
9772,1022
9773,1022
9774,1022
9775,0
9776,0
9777,0
9778,0
9779,0
9780,0
9781,0
9782,1022
9783,1022
9784,1022
9785,1022
9786,1022
9787,1022
9788,0
9789,0
9790,0
9791,0
9792,0
9793,0
9794,1021
9795,1022
9796,1022
9797,1021
9798,1022
9799,1022
9800,1022
9801,0
9802,0
9803,0
9804,0
9805,0
9806,0
9807,1022
9808,1022
9809,1022
9810,1022
9811,1022
9812,1021
9813,1022
9814,0
9815,0
9816,0
9817,0
9818,0
9819,0
9820,1022
9821,1022
9822,1022
9823,1022
9824,1022
9825,1021
9826,1022
9827,0
9828,0
9829,0
9830,0
9831,0
9832,0
9833,1022
9834,1022
9835,1022
9836,1022
9837,1022
9838,1022
9839,1022
9840,0
9841,0
9842,0
9843,0
9844,0
9845,0
9846,1022
9847,1022
9848,1022
9849,1022
9850,1022
9851,1022
9852,1022
9853,0
9854,0
9855,0
9856,0
9857,0
9858,0
9859,1022
9860,1022
9861,1022
9862,1022
9863,1022
9864,1022
9865,1022
9866,0
9867,0
9868,0
9869,0
9870,0
9871,0
9872,1022
9873,1022
9874,1022
9875,1022
9876,1022
9877,1022
9878,1022
9879,0
9880,0
9881,0
9882,0
9883,0
9884,0
9885,1022
9886,1022
9887,1022
9888,1022
9889,1022
9890,1022
9891,0
9892,0
9893,0
9894,0
9895,0
9896,0
9897,0
9898,1022
9899,1023
9900,1022
9901,1022
9902,1020
9903,1022
9904,0
9905,0
9906,0
9907,0
9908,0
9909,0
9910,0
9911,1022
9912,1022
9913,1022
9914,1022
9915,1022
9916,1022
9917,0
9918,0
9919,0
9920,0
9921,0
9922,0
9923,0
9924,1022
9925,1022
9926,1022
9927,1021
9928,1022
9929,1022
9930,0
9931,0
9932,0
9933,0
9934,0
9935,0
9936,0
9937,1022
9938,1022
9939,1022
9940,1022
9941,1022
9942,1022
9943,0
9944,0
9945,0
9946,0
9947,0
9948,0
9949,0
9950,1022
9951,1021
9952,1021
9953,1022
9954,1022
9955,1022
9956,0
9957,0
9958,0
9959,0
9960,0
9961,0
9962,0
9963,1022
9964,1022
9965,1022
9966,1022
9967,1022
9968,1022
9969,0
9970,0
9971,0
9972,0
9973,0
9974,0
9975,1022
9976,1022
9977,1022
9978,1022
9979,1021
9980,1022
9981,1022
9982,0
9983,0
9984,0
9985,0
9986,0
9987,0
9988,1022
9989,1022
9990,1022
9991,1022
9992,1022
9993,1022
9994,1022
9995,0
9996,0
9997,0
9998,0
9999,0
10000,0
