1,1021
2,1022
3,1022
4,1022
5,1023
6,1022
7,1022
8,0
9,0
10,0
11,0
12,0
13,0
14,0
15,1022
16,1021
17,1022
18,1022
19,1021
20,1022
21,1022
22,1022
23,0
24,0
25,0
26,0
27,0
28,0
29,0
30,1022
31,1022
32,1022
33,1022
34,1022
35,1022
36,1021
37,1022
38,0
39,0
40,0
41,0
42,0
43,0
44,0
45,1022
46,1022
47,1022
48,1022
49,1022
50,1022
51,1022
52,0
53,0
54,0
55,0
56,0
57,0
58,0
59,0
60,1022
61,1022
62,1022
63,1021
64,1022
65,1021
66,1022
67,0
68,0
69,0
70,0
71,0
72,0
73,0
74,0
75,1022
76,1022
77,1022
78,1023
79,1022
80,1022
81,1022
82,0
83,0
84,0
85,0
86,0
87,0
88,0
89,1022
90,1022
91,1022
92,1021
93,1022
94,1022
95,1022
96,1022
97,0
98,0
99,0
100,0
101,0
102,0
103,0
104,1022
105,1022
106,1022
107,1022
108,1022
109,1022
110,1022
111,1022
112,0
113,0
114,0
115,0
116,0
117,0
118,0
119,1021
120,1022
121,1022
122,1022
123,1022
124,1022
125,1022
126,1021
127,0
128,0
129,0
130,0
131,0
132,0
133,0
134,1022
135,1022
136,1022
137,1022
138,1022
139,1021
140,1022
141,0
142,0
143,0
144,0
145,0
146,0
147,0
148,0
149,1022
150,1022
151,1022
152,1022
153,1022
154,1022
155,1022
156,0
157,0
158,0
159,0
160,0
161,0
162,0
163,0
164,1022
165,1021
166,1022
167,1022
168,1022
169,1022
170,1022
171,0
172,0
173,0
174,0
175,0
176,0
177,0
178,0
179,1022
180,1022
181,1022
182,1022
183,1022
184,1022
185,1022
186,0
187,0
188,0
189,0
190,0
191,0
192,0
193,1022
194,1022
195,1022
196,1022
197,1022
198,1022
199,1022
200,1022
201,0
202,0
203,0
204,0
205,0
206,0
207,0
208,1022
209,1022
210,1022
211,1022
212,1022
213,1022
214,1022
215,1021
216,0
217,0
218,0
219,0
220,0
221,0
222,0
223,1022
224,1022
225,1022
226,1022
227,1022
228,1022
229,1022
230,1022
231,0
232,0
233,0
234,0
235,0
236,0
237,0
238,1022
239,1022
240,1022
241,1022
242,1022
243,1022
244,1022
245,0
246,0
247,0
248,0
249,0
250,0
251,0
252,0
253,1022
254,1022
255,1022
256,1022
257,1022
258,1022
259,1022
260,0
261,0
262,0
263,0
264,0
265,0
266,0
267,0
268,1022
269,1022
270,1021
271,1022
272,1022
273,1022
274,1022
275,0
276,0
277,0
278,0
279,0
280,0
281,0
282,0
283,1022
284,1022
285,1022
286,1022
287,1022
288,1022
289,1022
290,0
291,0
292,0
293,0
294,0
295,0
296,0
297,1022
298,1022
299,1022
300,1022
301,1022
302,1022
303,1022
304,1022
305,0
306,0
307,0
308,0
309,0
310,0
311,0
312,1022
313,1022
314,1022
315,1022
316,1022
317,1022
318,1022
319,1022
320,0
321,0
322,0
323,0
324,0
325,0
326,0
327,1022
328,1022
329,1022
330,1022
331,1022
332,1022
333,1022
334,0
335,0
336,0
337,0
338,0
339,0
340,0
341,0
342,1021
343,1022
344,1022
345,1022
346,1022
347,1022
348,1022
349,0
350,0
351,0
352,0
353,0
354,0
355,0
356,0
357,1022
358,1022
359,1022
360,1022
361,1022
362,1022
363,1022
364,0
365,0
366,0
367,0
368,0
369,0
370,0
371,0
372,1022
373,1022
374,1023
375,1022
376,1022
377,1022
378,1022
379,0
380,0
381,0
382,0
383,0
384,0
385,0
386,1022
387,1022
388,1022
389,1022
390,1022
391,1022
392,1022
393,1022
394,0
395,0
396,0
397,0
398,0
399,0
400,0
401,1022
402,1022
403,1022
404,1022
405,1022
406,1022
407,1022
408,1022
409,0
410,0
411,0
412,0
413,0
414,0
415,0
416,1022
417,1022
418,1022
419,1022
420,1022
421,1022
422,1022
423,1023
424,0
425,0
426,0
427,0
428,0
429,0
430,0
431,1023
432,1022
433,1022
434,1022
435,1022
436,1022
437,1022
438,0
439,0
440,0
441,0
442,0
443,0
444,0
445,0
446,1022
447,1022
448,1022
449,1022
450,1022
451,1022
452,1022
453,0
454,0
455,0
456,0
457,0
458,0
459,0
460,0
461,1022
462,1022
463,1022
464,1022
465,1022
466,1022
467,1022
468,0
469,0
470,0
471,0
472,0
473,0
474,0
475,0
476,1022
477,1022
478,1022
479,1022
480,1022
481,1022
482,1022
483,0
484,0
485,0
486,0
487,0
488,0
489,0
490,1022
491,1022
492,1022
493,1022
494,1022
495,1022
496,1022
497,1022
498,0
499,0
500,0
501,0
502,0
503,0
504,0
505,1022
506,1022
507,1022
508,1022
509,1022
510,1022
511,1022
512,1022
513,0
514,0
515,0
516,0
517,0
518,0
519,0
520,1022
521,1022
522,1022
523,1022
524,1022
525,1022
526,1022
527,1022
528,0
529,0
530,0
531,0
532,0
533,0
534,0
535,1022
536,1022
537,1022
538,1022
539,1022
540,1022
541,1022
542,0
543,0
544,0
545,0
546,0
547,0
548,0
549,0
550,1022
551,1022
552,1021
553,1022
554,1022
555,1022
556,1022
557,0
558,0
559,0
560,0
561,0
562,0
563,0
564,0
565,1022
566,1022
567,1022
568,1021
569,1022
570,1022
571,1022
572,0
573,0
574,0
575,0
576,0
577,0
578,0
579,1022
580,1022
581,1022
582,1021
583,1022
584,1022
585,1022
586,1022
587,0
588,0
589,0
590,0
591,0
592,0
593,0
594,1022
595,1021
596,1022
597,1022
598,1022
599,1021
600,1022
601,1022
602,0
603,0
604,0
605,0
606,0
607,0
608,0
609,1022
610,1022
611,1021
612,1022
613,1022
614,1021
615,1022
616,1022
617,0
618,0
619,0
620,0
621,0
622,0
623,0
624,1022
625,1022
626,1022
627,1022
628,1022
629,1022
630,1022
631,0
632,0
633,0
634,0
635,0
636,0
637,0
638,0
639,1022
640,1022
641,1022
642,1021
643,1022
644,1022
645,1022
646,0
647,0
648,0
649,0
650,0
651,0
652,0
653,0
654,1022
655,1022
656,1022
657,1022
658,1021
659,1022
660,1022
661,0
662,0
663,0
664,0
665,0
666,0
667,0
668,0
669,1022
670,1022
671,1022
672,1022
673,1023
674,1022
675,1022
676,0
677,0
678,0
679,0
680,0
681,0
682,0
683,1022
684,1022
685,1022
686,1021
687,1022
688,1022
689,1022
690,1022
691,0
692,0
693,0
694,0
695,0
696,0
697,0
698,1022
699,1022
700,1022
701,1022
702,1022
703,1022
704,1022
705,1022
706,0
707,0
708,0
709,0
710,0
711,0
712,0
713,1022
714,1021
715,1022
716,1022
717,1022
718,1022
719,1022
720,1022
721,0
722,0
723,0
724,0
725,0
726,0
727,0
728,1022
729,1022
730,1022
731,1022
732,1022
733,1022
734,1022
735,0
736,0
737,0
738,0
739,0
740,0
741,0
742,0
743,1022
744,1022
745,1022
746,1022
747,1023
748,1022
749,1021
750,0
751,0
752,0
753,0
754,0
755,0
756,0
757,0
758,1022
759,1022
760,1022
761,1022
762,1022
763,1022
764,1021
765,0
766,0
767,0
768,0
769,0
770,0
771,0
772,0
773,1022
774,1022
775,1022
776,1022
777,1022
778,1021
779,1022
780,0
781,0
782,0
783,0
784,0
785,0
786,0
787,1022
788,1022
789,1022
790,1021
791,1022
792,1022
793,1022
794,1021
795,0
796,0
797,0
798,0
799,0
800,0
801,0
802,1022
803,1022
804,1022
805,1022
806,1022
807,1021
808,1022
809,1022
810,0
811,0
812,0
813,0
814,0
815,0
816,0
817,1022
818,1022
819,1022
820,1022
821,1022
822,1023
823,1022
824,0
825,0
826,0
827,0
828,0
829,0
830,0
831,0
832,1022
833,1022
834,1022
835,1022
836,1022
837,1022
838,1022
839,0
840,0
841,0
842,0
843,0
844,0
845,0
846,0
847,1022
848,1022
849,1022
850,1022
851,1022
852,1022
853,1022
854,0
855,0
856,0
857,0
858,0
859,0
860,0
861,0
862,1022
863,1022
864,1021
865,1022
866,1022
867,1022
868,1022
869,0
870,0
871,0
872,0
873,0
874,0
875,0
876,1022
877,1022
878,1022
879,1022
880,1022
881,1022
882,1022
883,1022
884,0
885,0
886,0
887,0
888,0
889,0
890,0
891,1022
892,1021
893,1022
894,1022
895,1022
896,1022
897,1022
898,1021
899,0
900,0
901,0
902,0
903,0
904,0
905,0
906,1022
907,1022
908,1021
909,1022
910,1022
911,1022
912,1022
913,1022
914,0
915,0
916,0
917,0
918,0
919,0
920,0
921,1022
922,1022
923,1021
924,1022
925,1022
926,1022
927,1022
928,0
929,0
930,0
931,0
932,0
933,0
934,0
935,0
936,1022
937,1022
938,1022
939,1022
940,1022
941,1022
942,1022
943,0
944,0
945,0
946,0
947,0
948,0
949,0
950,0
951,1022
952,1022
953,1022
954,1022
955,1022
956,1022
957,1021
958,0
959,0
960,0
961,0
962,0
963,0
964,0
965,0
966,1021
967,1022
968,1022
969,1022
970,1021
971,1022
972,1022
973,0
974,0
975,0
976,0
977,0
978,0
979,0
980,1022
981,1022
982,1022
983,1022
984,1021
985,1021
986,1022
987,1022
988,0
989,0
990,0
991,0
992,0
993,0
994,0
995,1022
996,1021
997,1022
998,1022
999,1023
1000,1022
1001,1022
1002,1022
1003,0
1004,0
1005,0
1006,0
1007,0
1008,0
1009,0
1010,1022
1011,1022
1012,1021
1013,1022
1014,1021
1015,1022
1016,1022
1017,1022
1018,0
1019,0
1020,0
1021,0
1022,0
1023,0
1024,0
1025,1022
1026,1022
1027,1022
1028,1023
1029,1022
1030,1022
1031,1022
1032,0
1033,0
1034,0
1035,0
1036,0
1037,0
1038,0
1039,0
1040,1022
1041,1022
1042,1022
1043,1021
1044,1022
1045,1022
1046,1021
1047,0
1048,0
1049,0
1050,0
1051,0
1052,0
1053,0
1054,0
1055,1022
1056,1022
1057,1022
1058,1022
1059,1022
1060,1021
1061,1022
1062,0
1063,0
1064,0
1065,0
1066,0
1067,0
1068,0
1069,1021
1070,1022
1071,1022
1072,1022
1073,1022
1074,1022
1075,1022
1076,1022
1077,0
1078,0
1079,0
1080,0
1081,0
1082,0
1083,0
1084,1021
1085,1022
1086,1022
1087,1021
1088,1022
1089,1021
1090,1021
1091,1022
1092,0
1093,0
1094,0
1095,0
1096,0
1097,0
1098,0
1099,1022
1100,1021
1101,1022
1102,1022
1103,1022
1104,1022
1105,1022
1106,1022
1107,0
1108,0
1109,0
1110,0
1111,0
1112,0
1113,0
1114,1022
1115,1022
1116,1022
1117,1022
1118,1022
1119,1022
1120,1022
1121,0
1122,0
1123,0
1124,0
1125,0
1126,0
1127,0
1128,0
1129,1022
1130,1022
1131,1022
1132,1022
1133,1022
1134,1022
1135,1022
1136,0
1137,0
1138,0
1139,0
1140,0
1141,0
1142,0
1143,0
1144,1022
1145,1022
1146,1022
1147,1022
1148,1022
1149,1021
1150,1022
1151,0
1152,0
1153,0
1154,0
1155,0
1156,0
1157,0
1158,0
1159,1022
1160,1022
1161,1022
1162,1022
1163,1022
1164,1022
1165,1022
1166,0
1167,0
1168,0
1169,0
1170,0
1171,0
1172,0
1173,1021
1174,1022
1175,1022
1176,1022
1177,1023
1178,1022
1179,1021
1180,1022
1181,0
1182,0
1183,0
1184,0
1185,0
1186,0
1187,0
1188,1022
1189,1022
1190,1022
1191,1022
1192,1022
1193,1022
1194,1022
1195,1021
1196,0
1197,0
1198,0
1199,0
1200,0
1201,0
1202,0
1203,1022
1204,1022
1205,1022
1206,1022
1207,1021
1208,1021
1209,1021
1210,1021
1211,0
1212,0
1213,0
1214,0
1215,0
1216,0
1217,0
1218,1020
1219,1022
1220,1022
1221,1023
1222,1022
1223,1022
1224,1022
1225,0
1226,0
1227,0
1228,0
1229,0
1230,0
1231,0
1232,0
1233,1022
1234,1022
1235,1022
1236,1022
1237,1022
1238,1022
1239,1022
1240,0
1241,0
1242,0
1243,0
1244,0
1245,0
1246,0
1247,0
1248,1022
1249,1022
1250,1022
1251,1022
1252,1022
1253,1022
1254,1022
1255,0
1256,0
1257,0
1258,0
1259,0
1260,0
1261,0
1262,1022
1263,1022
1264,1022
1265,1022
1266,1022
1267,1022
1268,1022
1269,1022
1270,0
1271,0
1272,0
1273,0
1274,0
1275,0
1276,0
1277,1021
1278,1022
1279,1022
1280,1021
1281,1022
1282,1022
1283,1022
1284,1022
1285,0
1286,0
1287,0
1288,0
1289,0
1290,0
1291,0
1292,1022
1293,1022
1294,1022
1295,1022
1296,1022
1297,1022
1298,1022
1299,1022
1300,0
1301,0
1302,0
1303,0
1304,0
1305,0
1306,0
1307,1022
1308,1022
1309,1022
1310,1022
1311,1022
1312,1022
1313,1022
1314,0
1315,0
1316,0
1317,0
1318,0
1319,0
1320,0
1321,0
1322,1022
1323,1022
1324,1022
1325,1022
1326,1022
1327,1022
1328,1021
1329,0
1330,0
1331,0
1332,0
1333,0
1334,0
1335,0
1336,0
1337,1022
1338,1022
1339,1022
1340,1022
1341,1022
1342,1022
1343,1022
1344,0
1345,0
1346,0
1347,0
1348,0
1349,0
1350,0
1351,0
1352,1022
1353,1022
1354,1022
1355,1022
1356,1022
1357,1022
1358,1022
1359,0
1360,0
1361,0
1362,0
1363,0
1364,0
1365,0
1366,1022
1367,1022
1368,1022
1369,1022
1370,1022
1371,1022
1372,1022
1373,1022
1374,0
1375,0
1376,0
1377,0
1378,0
1379,0
1380,0
1381,1022
1382,1022
1383,1022
1384,1022
1385,1022
1386,1022
1387,1022
1388,1022
1389,0
1390,0
1391,0
1392,0
1393,0
1394,0
1395,0
1396,1022
1397,1022
1398,1022
1399,1022
1400,1022
1401,1022
1402,1022
1403,1022
1404,0
1405,0
1406,0
1407,0
1408,0
1409,0
1410,0
1411,1022
1412,1021
1413,1022
1414,1022
1415,1022
1416,1022
1417,1022
1418,0
1419,0
1420,0
1421,0
1422,0
1423,0
1424,0
1425,0
1426,1022
1427,1022
1428,1022
1429,1022
1430,1022
1431,1023
1432,1022
1433,0
1434,0
1435,0
1436,0
1437,0
1438,0
1439,0
1440,0
1441,1022
1442,1022
1443,1022
1444,1022
1445,1022
1446,1022
1447,1022
1448,0
1449,0
1450,0
1451,0
1452,0
1453,0
1454,0
1455,1021
1456,1022
1457,1022
1458,1022
1459,1022
1460,1022
1461,1022
1462,1022
1463,0
1464,0
1465,0
1466,0
1467,0
1468,0
1469,0
1470,1022
1471,1022
1472,1022
1473,1022
1474,1022
1475,1022
1476,1022
1477,1022
1478,0
1479,0
1480,0
1481,0
1482,0
1483,0
1484,0
1485,1022
1486,1022
1487,1022
1488,1022
1489,1022
1490,1022
1491,1022
1492,1022
1493,0
1494,0
1495,0
1496,0
1497,0
1498,0
1499,0
1500,1022
1501,1022
1502,1022
1503,1022
1504,1022
1505,1021
1506,1022
1507,0
1508,0
1509,0
1510,0
1511,0
1512,0
1513,0
1514,0
1515,1022
1516,1022
1517,1022
1518,1022
1519,1021
1520,1022
1521,1022
1522,0
1523,0
1524,0
1525,0
1526,0
1527,0
1528,0
1529,0
1530,1022
1531,1022
1532,1022
1533,1022
1534,1022
1535,1022
1536,1022
1537,0
1538,0
1539,0
1540,0
1541,0
1542,0
1543,0
1544,0
1545,1022
1546,1022
1547,1022
1548,1021
1549,1022
1550,1022
1551,1022
1552,0
1553,0
1554,0
1555,0
1556,0
1557,0
1558,0
1559,1022
1560,1022
1561,1022
1562,1022
1563,1022
1564,1022
1565,1022
1566,1022
1567,0
1568,0
1569,0
1570,0
1571,0
1572,0
1573,0
1574,1022
1575,1022
1576,1022
1577,1022
1578,1022
1579,1022
1580,1022
1581,1022
1582,0
1583,0
1584,0
1585,0
1586,0
1587,0
1588,0
1589,1023
1590,1021
1591,1022
1592,1021
1593,1021
1594,1021
1595,1022
1596,1022
1597,0
1598,0
1599,0
1600,0
1601,0
1602,0
1603,0
1604,1022
1605,1022
1606,1022
1607,1022
1608,1022
1609,1022
1610,1022
1611,0
1612,0
1613,0
1614,0
1615,0
1616,0
1617,0
1618,0
1619,1022
1620,1022
1621,1023
1622,1022
1623,1022
1624,1022
1625,1022
1626,0
1627,0
1628,0
1629,0
1630,0
1631,0
1632,0
1633,0
1634,1022
1635,1023
1636,1022
1637,1021
1638,1021
1639,1022
1640,1022
1641,0
1642,0
1643,0
1644,0
1645,0
1646,0
1647,0
1648,0
1649,1022
1650,1022
1651,1022
1652,1022
1653,1022
1654,1022
1655,1022
1656,0
1657,0
1658,0
1659,0
1660,0
1661,0
1662,0
1663,1022
1664,1022
1665,1022
1666,1022
1667,1021
1668,1022
1669,1022
1670,1022
1671,0
1672,0
1673,0
1674,0
1675,0
1676,0
1677,0
1678,1022
1679,1022
1680,1022
1681,1022
1682,1022
1683,1022
1684,1022
1685,1022
1686,0
1687,0
1688,0
1689,0
1690,0
1691,0
1692,0
1693,1022
1694,1022
1695,1022
1696,1021
1697,1022
1698,1022
1699,1022
1700,1022
1701,0
1702,0
1703,0
1704,0
1705,0
1706,0
1707,0
1708,1022
1709,1022
1710,1022
1711,1022
1712,1022
1713,1022
1714,1022
1715,0
1716,0
1717,0
1718,0
1719,0
1720,0
1721,0
1722,0
1723,1021
1724,1022
1725,1021
1726,1022
1727,1022
1728,1022
1729,1022
1730,0
1731,0
1732,0
1733,0
1734,0
1735,0
1736,0
1737,0
1738,1021
1739,1021
1740,1021
1741,1022
1742,1021
1743,1021
1744,1021
1745,0
1746,0
1747,0
1748,0
1749,0
1750,0
1751,0
1752,1022
1753,1022
1754,1022
1755,1022
1756,1022
1757,1022
1758,1022
1759,1022
1760,0
1761,0
1762,0
1763,0
1764,0
1765,0
1766,0
1767,1022
1768,1022
1769,1022
1770,1022
1771,1022
1772,1022
1773,1022
1774,1022
1775,0
1776,0
1777,0
1778,0
1779,0
1780,0
1781,0
1782,1022
1783,1022
1784,1022
1785,1022
1786,1021
1787,1022
1788,1022
1789,1022
1790,0
1791,0
1792,0
1793,0
1794,0
1795,0
1796,0
1797,1022
1798,1022
1799,1022
1800,1022
1801,1022
1802,1022
1803,1022
1804,0
1805,0
1806,0
1807,0
1808,0
1809,0
1810,0
1811,0
1812,1022
1813,1022
1814,1022
1815,1022
1816,1022
1817,1022
1818,1022
1819,0
1820,0
1821,0
1822,0
1823,0
1824,0
1825,0
1826,0
1827,1022
1828,1022
1829,1021
1830,1022
1831,1022
1832,1022
1833,1022
1834,0
1835,0
1836,0
1837,0
1838,0
1839,0
1840,0
1841,0
1842,1022
1843,1022
1844,1022
1845,1022
1846,1022
1847,1022
1848,1022
1849,0
1850,0
1851,0
1852,0
1853,0
1854,0
1855,0
1856,1022
1857,1022
1858,1022
1859,1022
1860,1022
1861,1022
1862,1022
1863,1022
1864,0
1865,0
1866,0
1867,0
1868,0
1869,0
1870,0
1871,1021
1872,1021
1873,1021
1874,1023
1875,1021
1876,1022
1877,1022
1878,1022
1879,0
1880,0
1881,0
1882,0
1883,0
1884,0
1885,0
1886,1022
1887,1022
1888,1022
1889,1022
1890,1022
1891,1022
1892,1022
1893,1022
1894,0
1895,0
1896,0
1897,0
1898,0
1899,0
1900,0
1901,1022
1902,1022
1903,1022
1904,1022
1905,1022
1906,1022
1907,1022
1908,0
1909,0
1910,0
1911,0
1912,0
1913,0
1914,0
1915,0
1916,1022
1917,1022
1918,1022
1919,1022
1920,1022
1921,1022
1922,1022
1923,0
1924,0
1925,0
1926,0
1927,0
1928,0
1929,0
1930,0
1931,1022
1932,1022
1933,1022
1934,1022
1935,1022
1936,1022
1937,1021
1938,0
1939,0
1940,0
1941,0
1942,0
1943,0
1944,0
1945,1021
1946,1022
1947,1022
1948,1022
1949,1022
1950,1022
1951,1022
1952,1022
1953,0
1954,0
1955,0
1956,0
1957,0
1958,0
1959,0
1960,1022
1961,1022
1962,1022
1963,1022
1964,1022
1965,1022
1966,1022
1967,1022
1968,0
1969,0
1970,0
1971,0
1972,0
1973,0
1974,0
1975,1022
1976,1021
1977,1022
1978,1022
1979,1022
1980,1022
1981,1022
1982,1022
1983,0
1984,0
1985,0
1986,0
1987,0
1988,0
1989,0
1990,1022
1991,1022
1992,1022
1993,1022
1994,1022
1995,1022
1996,1022
1997,0
1998,0
1999,0
2000,0
2001,0
2002,0
2003,0
2004,0
2005,1022
2006,1022
2007,1022
2008,1022
2009,1022
2010,1022
2011,1022
2012,0
2013,0
2014,0
2015,0
2016,0
2017,0
2018,0
2019,0
2020,1022
2021,1021
2022,1022
2023,1022
2024,1022
2025,1022
2026,1022
2027,0
2028,0
2029,0
2030,0
2031,0
2032,0
2033,0
2034,0
2035,1022
2036,1022
2037,1022
2038,1022
2039,1022
2040,1022
2041,1022
2042,0
2043,0
2044,0
2045,0
2046,0
2047,0
2048,0
2049,1022
2050,1022
2051,1022
2052,1022
2053,1022
2054,1022
2055,1022
2056,1022
2057,0
2058,0
2059,0
2060,0
2061,0
2062,0
2063,0
2064,1022
2065,1022
2066,1023
2067,1021
2068,1022
2069,1022
2070,1022
2071,1022
2072,0
2073,0
2074,0
2075,0
2076,0
2077,0
2078,0
2079,1022
2080,1022
2081,1022
2082,1022
2083,1022
2084,1022
2085,1022
2086,1022
2087,0
2088,0
2089,0
2090,0
2091,0
2092,0
2093,0
2094,1022
2095,1021
2096,1022
2097,1021
2098,1022
2099,1022
2100,1022
2101,0
2102,0
2103,0
2104,0
2105,0
2106,0
2107,0
2108,0
2109,1023
2110,1022
2111,1022
2112,1022
2113,1022
2114,1022
2115,1022
2116,0
2117,0
2118,0
2119,0
2120,0
2121,0
2122,0
2123,0
2124,1022
2125,1022
2126,1022
2127,1022
2128,1022
2129,1022
2130,1022
2131,0
2132,0
2133,0
2134,0
2135,0
2136,0
2137,0
2138,0
2139,1022
2140,1022
2141,1022
2142,1021
2143,1022
2144,1021
2145,1021
2146,0
2147,0
2148,0
2149,0
2150,0
2151,0
2152,0
2153,1022
2154,1022
2155,1022
2156,1022
2157,1022
2158,1022
2159,1022
2160,1022
2161,0
2162,0
2163,0
2164,0
2165,0
2166,0
2167,0
2168,1022
2169,1022
2170,1022
2171,1022
2172,1022
2173,1021
2174,1022
2175,1022
2176,0
2177,0
2178,0
2179,0
2180,0
2181,0
2182,0
2183,1022
2184,1022
2185,1022
2186,1022
2187,1021
2188,1022
2189,1020
2190,0
2191,0
2192,0
2193,0
2194,0
2195,0
2196,0
2197,0
2198,1021
2199,1022
2200,1022
2201,1022
2202,1022
2203,1022
2204,1022
2205,0
2206,0
2207,0
2208,0
2209,0
2210,0
2211,0
2212,0
2213,1022
2214,1021
2215,1022
2216,1022
2217,1022
2218,1022
2219,1022
2220,0
2221,0
2222,0
2223,0
2224,0
2225,0
2226,0
2227,0
2228,1022
2229,1022
2230,1022
2231,1022
2232,1022
2233,1022
2234,1023
2235,0
2236,0
2237,0
2238,0
2239,0
2240,0
2241,0
2242,1022
2243,1022
2244,1022
2245,1022
2246,1022
2247,1022
2248,1022
2249,1022
2250,0
2251,0
2252,0
2253,0
2254,0
2255,0
2256,0
2257,1022
2258,1022
2259,1022
2260,1022
2261,1022
2262,1022
2263,1022
2264,1022
2265,0
2266,0
2267,0
2268,0
2269,0
2270,0
2271,0
2272,1022
2273,1022
2274,1022
2275,1022
2276,1022
2277,1022
2278,1022
2279,1022
2280,0
2281,0
2282,0
2283,0
2284,0
2285,0
2286,0
2287,1022
2288,1021
2289,1022
2290,1022
2291,1022
2292,1022
2293,1022
2294,0
2295,0
2296,0
2297,0
2298,0
2299,0
2300,0
2301,0
2302,1022
2303,1022
2304,1022
2305,1022
2306,1022
2307,1022
2308,1022
2309,0
2310,0
2311,0
2312,0
2313,0
2314,0
2315,0
2316,0
2317,1022
2318,1022
2319,1022
2320,1022
2321,1022
2322,1022
2323,1022
2324,0
2325,0
2326,0
2327,0
2328,0
2329,0
2330,0
2331,0
2332,1022
2333,1022
2334,1022
2335,1022
2336,1021
2337,1022
2338,1022
2339,0
2340,0
2341,0
2342,0
2343,0
2344,0
2345,0
2346,1022
2347,1022
2348,1022
2349,1022
2350,1022
2351,1022
2352,1022
2353,1022
2354,0
2355,0
2356,0
2357,0
2358,0
2359,0
2360,0
2361,1022
2362,1022
2363,1022
2364,1022
2365,1022
2366,1022
2367,1022
2368,1022
2369,0
2370,0
2371,0
2372,0
2373,0
2374,0
2375,0
2376,1022
2377,1022
2378,1022
2379,1022
2380,1022
2381,1022
2382,1023
2383,1022
2384,0
2385,0
2386,0
2387,0
2388,0
2389,0
2390,0
2391,1022
2392,1022
2393,1022
2394,1021
2395,1022
2396,1022
2397,1022
2398,0
2399,0
2400,0
2401,0
2402,0
2403,0
2404,0
2405,0
2406,1022
2407,1022
2408,1022
2409,1022
2410,1022
2411,1022
2412,1022
2413,0
2414,0
2415,0
2416,0
2417,0
2418,0
2419,0
2420,0
2421,1022
2422,1022
2423,1022
2424,1022
2425,1022
2426,1022
2427,1022
2428,0
2429,0
2430,0
2431,0
2432,0
2433,0
2434,0
2435,1022
2436,1022
2437,1022
2438,1022
2439,1022
2440,1022
2441,1022
2442,1022
2443,0
2444,0
2445,0
2446,0
2447,0
2448,0
2449,0
2450,1022
2451,1022
2452,1022
2453,1022
2454,1022
2455,1022
2456,1023
2457,1022
2458,0
2459,0
2460,0
2461,0
2462,0
2463,0
2464,0
2465,1022
2466,1022
2467,1022
2468,1022
2469,1022
2470,1022
2471,1022
2472,1023
2473,0
2474,0
2475,0
2476,0
2477,0
2478,0
2479,0
2480,1022
2481,1022
2482,1022
2483,1022
2484,1021
2485,1022
2486,1022
2487,0
2488,0
2489,0
2490,0
2491,0
2492,0
2493,0
2494,0
2495,1022
2496,1022
2497,1022
2498,1022
2499,1022
2500,1022
2501,1022
2502,0
2503,0
2504,0
2505,0
2506,0
2507,0
2508,0
2509,0
2510,1022
2511,1022
2512,1022
2513,1022
2514,1022
2515,1022
2516,1022
2517,0
2518,0
2519,0
2520,0
2521,0
2522,0
2523,0
2524,0
2525,1022
2526,1021
2527,1021
2528,1021
2529,1021
2530,1022
2531,1021
2532,0
2533,0
2534,0
2535,0
2536,0
2537,0
2538,0
2539,1022
2540,1022
2541,1022
2542,1022
2543,1022
2544,1021
2545,1021
2546,1022
2547,0
2548,0
2549,0
2550,0
2551,0
2552,0
2553,0
2554,1022
2555,1022
2556,1022
2557,1022
2558,1022
2559,1022
2560,1022
2561,1022
2562,0
2563,0
2564,0
2565,0
2566,0
2567,0
2568,0
2569,1022
2570,1022
2571,1022
2572,1022
2573,1022
2574,1022
2575,1022
2576,1022
2577,0
2578,0
2579,0
2580,0
2581,0
2582,0
2583,0
2584,1022
2585,1022
2586,1022
2587,1022
2588,1022
2589,1022
2590,1022
2591,0
2592,0
2593,0
2594,0
2595,0
2596,0
2597,0
2598,0
2599,1022
2600,1022
2601,1022
2602,1022
2603,1022
2604,1022
2605,1022
2606,0
2607,0
2608,0
2609,0
2610,0
2611,0
2612,0
2613,0
2614,1022
2615,1022
2616,1022
2617,1022
2618,1022
2619,1022
2620,1022
2621,0
2622,0
2623,0
2624,0
2625,0
2626,0
2627,0
2628,1022
2629,1022
2630,1022
2631,1022
2632,1022
2633,1022
2634,1022
2635,1022
2636,0
2637,0
2638,0
2639,0
2640,0
2641,0
2642,0
2643,1022
2644,1022
2645,1022
2646,1022
2647,1022
2648,1022
2649,1022
2650,1022
2651,0
2652,0
2653,0
2654,0
2655,0
2656,0
2657,0
2658,1022
2659,1022
2660,1022
2661,1022
2662,1022
2663,1022
2664,1022
2665,1022
2666,0
2667,0
2668,0
2669,0
2670,0
2671,0
2672,0
2673,1022
2674,1022
2675,1022
2676,1022
2677,1022
2678,1022
2679,1022
2680,0
2681,0
2682,0
2683,0
2684,0
2685,0
2686,0
2687,0
2688,1022
2689,1022
2690,1022
2691,1022
2692,1021
2693,1022
2694,1022
2695,0
2696,0
2697,0
2698,0
2699,0
2700,0
2701,0
2702,0
2703,1022
2704,1022
2705,1022
2706,1022
2707,1022
2708,1022
2709,1022
2710,0
2711,0
2712,0
2713,0
2714,0
2715,0
2716,0
2717,0
2718,1022
2719,1022
2720,1022
2721,1022
2722,1022
2723,1022
2724,1023
2725,0
2726,0
2727,0
2728,0
2729,0
2730,0
2731,0
2732,1022
2733,1022
2734,1022
2735,1022
2736,1022
2737,1022
2738,1022
2739,1022
2740,0
2741,0
2742,0
2743,0
2744,0
2745,0
2746,0
2747,1022
2748,1022
2749,1021
2750,1021
2751,1021
2752,1022
2753,1021
2754,1023
2755,0
2756,0
2757,0
2758,0
2759,0
2760,0
2761,0
2762,1022
2763,1022
2764,1022
2765,1022
2766,1022
2767,1022
2768,1022
2769,1022
2770,0
2771,0
2772,0
2773,0
2774,0
2775,0
2776,0
2777,1022
2778,1021
2779,1022
2780,1021
2781,1022
2782,1021
2783,1021
2784,0
2785,0
2786,0
2787,0
2788,0
2789,0
2790,0
2791,0
2792,1022
2793,1022
2794,1022
2795,1022
2796,1022
2797,1022
2798,1022
2799,0
2800,0
2801,0
2802,0
2803,0
2804,0
2805,0
2806,0
2807,1021
2808,1021
2809,1022
2810,1022
2811,1022
2812,1022
2813,1022
2814,0
2815,0
2816,0
2817,0
2818,0
2819,0
2820,0
2821,0
2822,1022
2823,1022
2824,1022
2825,1021
2826,1022
2827,1021
2828,1021
2829,0
2830,0
2831,0
2832,0
2833,0
2834,0
2835,0
2836,1022
2837,1022
2838,1022
2839,1022
2840,1022
2841,1022
2842,1022
2843,1022
2844,0
2845,0
2846,0
2847,0
2848,0
2849,0
2850,0
2851,1022
2852,1022
2853,1022
2854,1022
2855,1022
2856,1021
2857,1022
2858,1022
2859,0
2860,0
2861,0
2862,0
2863,0
2864,0
2865,0
2866,1022
2867,1022
2868,1022
2869,1022
2870,1022
2871,1022
2872,1022
2873,0
2874,0
2875,0
2876,0
2877,0
2878,0
2879,0
2880,0
2881,1022
2882,1022
2883,1022
2884,1022
2885,1022
2886,1022
2887,1022
2888,0
2889,0
2890,0
2891,0
2892,0
2893,0
2894,0
2895,0
2896,1022
2897,1022
2898,1021
2899,1022
2900,1022
2901,1022
2902,1022
2903,0
2904,0
2905,0
2906,0
2907,0
2908,0
2909,0
2910,0
2911,1022
2912,1022
2913,1022
2914,1022
2915,1022
2916,1022
2917,1022
2918,0
2919,0
2920,0
2921,0
2922,0
2923,0
2924,0
2925,1022
2926,1022
2927,1022
2928,1022
2929,1021
2930,1022
2931,1022
2932,1021
2933,0
2934,0
2935,0
2936,0
2937,0
2938,0
2939,0
2940,1022
2941,1022
2942,1022
2943,1021
2944,1022
2945,1022
2946,1022
2947,1022
2948,0
2949,0
2950,0
2951,0
2952,0
2953,0
2954,0
2955,1022
2956,1022
2957,1022
2958,1022
2959,1022
2960,1022
2961,1022
2962,1022
2963,0
2964,0
2965,0
2966,0
2967,0
2968,0
2969,0
2970,1022
2971,1022
2972,1022
2973,1022
2974,1022
2975,1022
2976,1022
2977,0
2978,0
2979,0
2980,0
2981,0
2982,0
2983,0
2984,0
2985,1022
2986,1022
2987,1022
2988,1022
2989,1022
2990,1022
2991,1022
2992,0
2993,0
2994,0
2995,0
2996,0
2997,0
2998,0
2999,0
3000,1022
3001,1022
3002,1022
3003,1022
3004,1022
3005,1022
3006,1021
3007,0
3008,0
3009,0
3010,0
3011,0
3012,0
3013,0
3014,0
3015,1022
3016,1022
3017,1022
3018,1022
3019,1022
3020,1022
3021,1022
3022,0
3023,0
3024,0
3025,0
3026,0
3027,0
3028,0
3029,1022
3030,1022
3031,1022
3032,1021
3033,1021
3034,1022
3035,1022
3036,1022
3037,0
3038,0
3039,0
3040,0
3041,0
3042,0
3043,0
3044,1022
3045,1022
3046,1022
3047,1022
3048,1022
3049,1022
3050,1022
3051,1022
3052,0
3053,0
3054,0
3055,0
3056,0
3057,0
3058,0
3059,1022
3060,1022
3061,1022
3062,1022
3063,1022
3064,1022
3065,1022
3066,1022
3067,0
3068,0
3069,0
3070,0
3071,0
3072,0
3073,0
3074,1020
3075,1022
3076,1022
3077,1022
3078,1022
3079,1022
3080,1022
3081,0
3082,0
3083,0
3084,0
3085,0
3086,0
3087,0
3088,0
3089,1022
3090,1022
3091,1022
3092,1022
3093,1022
3094,1022
3095,1022
3096,0
3097,0
3098,0
3099,0
3100,0
3101,0
3102,0
3103,0
3104,1022
3105,1022
3106,1022
3107,1022
3108,1022
3109,1022
3110,1022
3111,0
3112,0
3113,0
3114,0
3115,0
3116,0
3117,0
3118,1022
3119,1022
3120,1022
3121,1022
3122,1022
3123,1022
3124,1022
3125,1022
3126,0
3127,0
3128,0
3129,0
3130,0
3131,0
3132,0
3133,1022
3134,1022
3135,1022
3136,1022
3137,1022
3138,1022
3139,1022
3140,1022
3141,0
3142,0
3143,0
3144,0
3145,0
3146,0
3147,0
3148,1022
3149,1022
3150,1022
3151,1022
3152,1023
3153,1022
3154,1022
3155,1022
3156,0
3157,0
3158,0
3159,0
3160,0
3161,0
3162,0
3163,1022
3164,1022
3165,1023
3166,1022
3167,1022
3168,1022
3169,1022
3170,0
3171,0
3172,0
3173,0
3174,0
3175,0
3176,0
3177,0
3178,1022
3179,1022
3180,1022
3181,1022
3182,1022
3183,1022
3184,1022
3185,0
3186,0
3187,0
3188,0
3189,0
3190,0
3191,0
3192,0
3193,1022
3194,1022
3195,1022
3196,1022
3197,1022
3198,1022
3199,1022
3200,0
3201,0
3202,0
3203,0
3204,0
3205,0
3206,0
3207,0
3208,1022
3209,1022
3210,1022
3211,1022
3212,1022
3213,1022
3214,1022
3215,0
3216,0
3217,0
3218,0
3219,0
3220,0
3221,0
3222,1022
3223,1022
3224,1022
3225,1022
3226,1022
3227,1022
3228,1022
3229,1022
3230,0
3231,0
3232,0
3233,0
3234,0
3235,0
3236,0
3237,1022
3238,1022
3239,1022
3240,1023
3241,1023
3242,1022
3243,1022
3244,1022
3245,0
3246,0
3247,0
3248,0
3249,0
3250,0
3251,0
3252,1022
3253,1022
3254,1022
3255,1022
3256,1022
3257,1022
3258,1022
3259,1022
3260,0
3261,0
3262,0
3263,0
3264,0
3265,0
3266,0
3267,1022
3268,1022
3269,1022
3270,1022
3271,1022
3272,1022
3273,1022
3274,0
3275,0
3276,0
3277,0
3278,0
3279,0
3280,0
3281,0
3282,1022
3283,1022
3284,1022
3285,1022
3286,1022
3287,1022
3288,1022
3289,0
3290,0
3291,0
3292,0
3293,0
3294,0
3295,0
3296,0
3297,1022
3298,1022
3299,1022
3300,1022
3301,1022
3302,1022
3303,1022
3304,0
3305,0
3306,0
3307,0
3308,0
3309,0
3310,0
3311,0
3312,1022
3313,1022
3314,1022
3315,1022
3316,1022
3317,1022
3318,1022
3319,0
3320,0
3321,0
3322,0
3323,0
3324,0
3325,0
3326,1022
3327,1022
3328,1022
3329,1022
3330,1022
3331,1022
3332,1022
3333,1022
3334,0
3335,0
3336,0
3337,0
3338,0
3339,0
3340,0
3341,1022
3342,1022
3343,1022
3344,1022
3345,1022
3346,1022
3347,1022
3348,1022
3349,0
3350,0
3351,0
3352,0
3353,0
3354,0
3355,0
3356,1022
3357,1022
3358,1022
3359,1022
3360,1022
3361,1022
3362,1022
3363,0
3364,0
3365,0
3366,0
3367,0
3368,0
3369,0
3370,0
3371,1022
3372,1022
3373,1022
3374,1022
3375,1022
3376,1023
3377,1022
3378,0
3379,0
3380,0
3381,0
3382,0
3383,0
3384,0
3385,0
3386,1022
3387,1022
3388,1022
3389,1022
3390,1022
3391,1022
3392,1022
3393,0
3394,0
3395,0
3396,0
3397,0
3398,0
3399,0
3400,0
3401,1022
3402,1022
3403,1022
3404,1022
3405,1022
3406,1022
3407,1022
3408,0
3409,0
3410,0
3411,0
3412,0
3413,0
3414,0
3415,1022
3416,1022
3417,1022
3418,1022
3419,1022
3420,1022
3421,1022
3422,1022
3423,0
3424,0
3425,0
3426,0
3427,0
3428,0
3429,0
3430,1022
3431,1022
3432,1022
3433,1022
3434,1022
3435,1022
3436,1022
3437,1022
3438,0
3439,0
3440,0
3441,0
3442,0
3443,0
3444,0
3445,1022
3446,1022
3447,1022
3448,1022
3449,1022
3450,1022
3451,1022
3452,1022
3453,0
3454,0
3455,0
3456,0
3457,0
3458,0
3459,0
3460,1022
3461,1022
3462,1022
3463,1021
3464,1022
3465,1021
3466,1021
3467,0
3468,0
3469,0
3470,0
3471,0
3472,0
3473,0
3474,0
3475,1022
3476,1022
3477,1022
3478,1022
3479,1022
3480,1022
3481,1022
3482,0
3483,0
3484,0
3485,0
3486,0
3487,0
3488,0
3489,0
3490,1021
3491,1021
3492,1022
3493,1022
3494,1022
3495,1021
3496,1022
3497,0
3498,0
3499,0
3500,0
3501,0
3502,0
3503,0
3504,0
3505,1022
3506,1022
3507,1022
3508,1022
3509,1022
3510,1022
3511,1022
3512,0
3513,0
3514,0
3515,0
3516,0
3517,0
3518,0
3519,1022
3520,1022
3521,1022
3522,1022
3523,1022
3524,1022
3525,1022
3526,1022
3527,0
3528,0
3529,0
3530,0
3531,0
3532,0
3533,0
3534,1022
3535,1021
3536,1021
3537,1022
3538,1021
3539,1022
3540,1022
3541,1022
3542,0
3543,0
3544,0
3545,0
3546,0
3547,0
3548,0
3549,1022
3550,1022
3551,1022
3552,1022
3553,1022
3554,1022
3555,1022
3556,0
3557,0
3558,0
3559,0
3560,0
3561,0
3562,0
3563,0
3564,1022
3565,1022
3566,1022
3567,1022
3568,1022
3569,1022
3570,1022
3571,0
3572,0
3573,0
3574,0
3575,0
3576,0
3577,0
3578,0
3579,1022
3580,1022
3581,1022
3582,1021
3583,1022
3584,1022
3585,1022
3586,0
3587,0
3588,0
3589,0
3590,0
3591,0
3592,0
3593,0
3594,1022
3595,1021
3596,1022
3597,1022
3598,1022
3599,1022
3600,1022
3601,0
3602,0
3603,0
3604,0
3605,0
3606,0
3607,0
3608,1022
3609,1022
3610,1022
3611,1022
3612,1022
3613,1022
3614,1022
3615,1022
3616,0
3617,0
3618,0
3619,0
3620,0
3621,0
3622,0
3623,1022
3624,1022
3625,1022
3626,1022
3627,1023
3628,1022
3629,1022
3630,1022
3631,0
3632,0
3633,0
3634,0
3635,0
3636,0
3637,0
3638,1022
3639,1022
3640,1022
3641,1022
3642,1022
3643,1022
3644,1022
3645,1022
3646,0
3647,0
3648,0
3649,0
3650,0
3651,0
3652,0
3653,1021
3654,1022
3655,1022
3656,1022
3657,1022
3658,1022
3659,1022
3660,0
3661,0
3662,0
3663,0
3664,0
3665,0
3666,0
3667,0
3668,1023
3669,1022
3670,1022
3671,1022
3672,1022
3673,1022
3674,1022
3675,0
3676,0
3677,0
3678,0
3679,0
3680,0
3681,0
3682,0
3683,1022
3684,1022
3685,1023
3686,1022
3687,1022
3688,1022
3689,1022
3690,0
3691,0
3692,0
3693,0
3694,0
3695,0
3696,0
3697,0
3698,1022
3699,1022
3700,1023
3701,1021
3702,1022
3703,1022
3704,1022
3705,0
3706,0
3707,0
3708,0
3709,0
3710,0
3711,0
3712,1022
3713,1022
3714,1022
3715,1022
3716,1022
3717,1022
3718,1022
3719,1022
3720,0
3721,0
3722,0
3723,0
3724,0
3725,0
3726,0
3727,1021
3728,1021
3729,1022
3730,1022
3731,1022
3732,1022
3733,1022
3734,1022
3735,0
3736,0
3737,0
3738,0
3739,0
3740,0
3741,0
3742,1022
3743,1022
3744,1022
3745,1022
3746,1023
3747,1022
3748,1021
3749,1021
3750,0
3751,0
3752,0
3753,0
3754,0
3755,0
3756,0
3757,1022
3758,1022
3759,1022
3760,1022
3761,1022
3762,1022
3763,1022
3764,0
3765,0
3766,0
3767,0
3768,0
3769,0
3770,0
3771,0
3772,1022
3773,1022
3774,1022
3775,1022
3776,1022
3777,1022
3778,1022
3779,0
3780,0
3781,0
3782,0
3783,0
3784,0
3785,0
3786,0
3787,1022
3788,1022
3789,1022
3790,1022
3791,1022
3792,1022
3793,1022
3794,0
3795,0
3796,0
3797,0
3798,0
3799,0
3800,0
3801,1022
3802,1022
3803,1022
3804,1022
3805,1022
3806,1022
3807,1022
3808,1022
3809,0
3810,0
3811,0
3812,0
3813,0
3814,0
3815,0
3816,1022
3817,1022
3818,1022
3819,1021
3820,1022
3821,1021
3822,1021
3823,1022
3824,0
3825,0
3826,0
3827,0
3828,0
3829,0
3830,0
3831,1022
3832,1022
3833,1022
3834,1022
3835,1022
3836,1022
3837,1022
3838,1022
3839,0
3840,0
3841,0
3842,0
3843,0
3844,0
3845,0
3846,1022
3847,1022
3848,1022
3849,1022
3850,1022
3851,1022
3852,1022
3853,0
3854,0
3855,0
3856,0
3857,0
3858,0
3859,0
3860,0
3861,1022
3862,1022
3863,1022
3864,1022
3865,1022
3866,1022
3867,1022
3868,0
3869,0
3870,0
3871,0
3872,0
3873,0
3874,0
3875,0
3876,1022
3877,1022
3878,1022
3879,1022
3880,1022
3881,1022
3882,1022
3883,0
3884,0
3885,0
3886,0
3887,0
3888,0
3889,0
3890,0
3891,1021
3892,1021
3893,1022
3894,1022
3895,1022
3896,1021
3897,1022
3898,0
3899,0
3900,0
3901,0
3902,0
3903,0
3904,0
3905,1022
3906,1022
3907,1022
3908,1022
3909,1022
3910,1022
3911,1022
3912,1022
3913,0
3914,0
3915,0
3916,0
3917,0
3918,0
3919,0
3920,1021
3921,1022
3922,1022
3923,1022
3924,1022
3925,1022
3926,1022
3927,1022
3928,0
3929,0
3930,0
3931,0
3932,0
3933,0
3934,0
3935,1022
3936,1022
3937,1022
3938,1022
3939,1022
3940,1022
3941,1022
3942,1022
3943,0
3944,0
3945,0
3946,0
3947,0
3948,0
3949,0
3950,1023
3951,1022
3952,1022
3953,1022
3954,1022
3955,1021
3956,1022
3957,0
3958,0
3959,0
3960,0
3961,0
3962,0
3963,0
3964,0
3965,1022
3966,1022
3967,1022
3968,1022
3969,1022
3970,1022
3971,1022
3972,0
3973,0
3974,0
3975,0
3976,0
3977,0
3978,0
3979,0
3980,1022
3981,1022
3982,1022
3983,1022
3984,1021
3985,1021
3986,1022
3987,0
3988,0
3989,0
3990,0
3991,0
3992,0
3993,0
3994,0
3995,1021
3996,1022
3997,1022
3998,1022
3999,1022
4000,1022
4001,1022
4002,0
4003,0
4004,0
4005,0
4006,0
4007,0
4008,0
4009,1022
4010,1022
4011,1022
4012,1022
4013,1022
4014,1022
4015,1022
4016,1022
4017,0
4018,0
4019,0
4020,0
4021,0
4022,0
4023,0
4024,1022
4025,1022
4026,1022
4027,1022
4028,1022
4029,1022
4030,1022
4031,1022
4032,0
4033,0
4034,0
4035,0
4036,0
4037,0
4038,0
4039,1022
4040,1022
4041,1022
4042,1022
4043,1022
4044,1022
4045,1022
4046,0
4047,0
4048,0
4049,0
4050,0
4051,0
4052,0
4053,0
4054,1022
4055,1022
4056,1023
4057,1022
4058,1022
4059,1022
4060,1022
4061,0
4062,0
4063,0
4064,0
4065,0
4066,0
4067,0
4068,0
4069,1022
4070,1022
4071,1022
4072,1022
4073,1023
4074,1022
4075,1022
4076,0
4077,0
4078,0
4079,0
4080,0
4081,0
4082,0
4083,0
4084,1022
4085,1022
4086,1022
4087,1022
4088,1022
4089,1022
4090,1022
4091,0
4092,0
4093,0
4094,0
4095,0
4096,0
4097,0
4098,1022
4099,1022
4100,1022
4101,1022
4102,1022
4103,1023
4104,1022
4105,1022
4106,0
4107,0
4108,0
4109,0
4110,0
4111,0
4112,0
4113,1022
4114,1022
4115,1022
4116,1022
4117,1022
4118,1022
4119,1022
4120,1022
4121,0
4122,0
4123,0
4124,0
4125,0
4126,0
4127,0
4128,1022
4129,1022
4130,1022
4131,1022
4132,1022
4133,1022
4134,1022
4135,1022
4136,0
4137,0
4138,0
4139,0
4140,0
4141,0
4142,0
4143,1022
4144,1022
4145,1022
4146,1022
4147,1022
4148,1022
4149,1022
4150,0
4151,0
4152,0
4153,0
4154,0
4155,0
4156,0
4157,0
4158,1022
4159,1022
4160,1022
4161,1022
4162,1022
4163,1022
4164,1021
4165,0
4166,0
4167,0
4168,0
4169,0
4170,0
4171,0
4172,0
4173,1022
4174,1022
4175,1022
4176,1022
4177,1022
4178,1022
4179,1022
4180,0
4181,0
4182,0
4183,0
4184,0
4185,0
4186,0
4187,0
4188,1022
4189,1022
4190,1022
4191,1022
4192,1022
4193,1022
4194,1022
4195,0
4196,0
4197,0
4198,0
4199,0
4200,0
4201,0
4202,1022
4203,1022
4204,1022
4205,1022
4206,1022
4207,1022
4208,1022
4209,1022
4210,0
4211,0
4212,0
4213,0
4214,0
4215,0
4216,0
4217,1022
4218,1022
4219,1022
4220,1022
4221,1022
4222,1022
4223,1022
4224,1022
4225,0
4226,0
4227,0
4228,0
4229,0
4230,0
4231,0
4232,1021
4233,1022
4234,1022
4235,1022
4236,1022
4237,1022
4238,1022
4239,0
4240,0
4241,0
4242,0
4243,0
4244,0
4245,0
4246,0
4247,1022
4248,1022
4249,1022
4250,1022
4251,1022
4252,1022
4253,1022
4254,0
4255,0
4256,0
4257,0
4258,0
4259,0
4260,0
4261,0
4262,1022
4263,1022
4264,1022
4265,1022
4266,1022
4267,1022
4268,1022
4269,0
4270,0
4271,0
4272,0
4273,0
4274,0
4275,0
4276,0
4277,1022
4278,1022
4279,1022
4280,1022
4281,1022
4282,1022
4283,1021
4284,0
4285,0
4286,0
4287,0
4288,0
4289,0
4290,0
4291,1022
4292,1022
4293,1022
4294,1022
4295,1022
4296,1022
4297,1022
4298,1022
4299,0
4300,0
4301,0
4302,0
4303,0
4304,0
4305,0
4306,1021
4307,1021
4308,1021
4309,1022
4310,1022
4311,1022
4312,1022
4313,1022
4314,0
4315,0
4316,0
4317,0
4318,0
4319,0
4320,0
4321,1022
4322,1022
4323,1022
4324,1022
4325,1022
4326,1022
4327,1022
4328,1021
4329,0
4330,0
4331,0
4332,0
4333,0
4334,0
4335,0
4336,1021
4337,1022
4338,1022
4339,1022
4340,1022
4341,1022
4342,1022
4343,0
4344,0
4345,0
4346,0
4347,0
4348,0
4349,0
4350,0
4351,1022
4352,1022
4353,1022
4354,1022
4355,1022
4356,1022
4357,1022
4358,0
4359,0
4360,0
4361,0
4362,0
4363,0
4364,0
4365,0
4366,1022
4367,1022
4368,1022
4369,1022
4370,1022
4371,1022
4372,1022
4373,0
4374,0
4375,0
4376,0
4377,0
4378,0
4379,0
4380,0
4381,1021
4382,1022
4383,1022
4384,1022
4385,1022
4386,1022
4387,1022
4388,0
4389,0
4390,0
4391,0
4392,0
4393,0
4394,0
4395,1022
4396,1022
4397,1022
4398,1022
4399,1022
4400,1022
4401,1022
4402,1022
4403,0
4404,0
4405,0
4406,0
4407,0
4408,0
4409,0
4410,1022
4411,1022
4412,1022
4413,1021
4414,1022
4415,1022
4416,1022
4417,1022
4418,0
4419,0
4420,0
4421,0
4422,0
4423,0
4424,0
4425,1022
4426,1022
4427,1022
4428,1022
4429,1022
4430,1022
4431,1022
4432,1022
4433,0
4434,0
4435,0
4436,0
4437,0
4438,0
4439,0
4440,1022
4441,1022
4442,1022
4443,1022
4444,1022
4445,1022
4446,1022
4447,0
4448,0
4449,0
4450,0
4451,0
4452,0
4453,0
4454,0
4455,1022
4456,1022
4457,1022
4458,1022
4459,1022
4460,1022
4461,1022
4462,0
4463,0
4464,0
4465,0
4466,0
4467,0
4468,0
4469,0
4470,1022
4471,1021
4472,1022
4473,1022
4474,1022
4475,1022
4476,1022
4477,0
4478,0
4479,0
4480,0
4481,0
4482,0
4483,0
4484,0
4485,1022
4486,1022
4487,1022
4488,1022
4489,1022
4490,1022
4491,1022
4492,0
4493,0
4494,0
4495,0
4496,0
4497,0
4498,0
4499,1021
4500,1022
4501,1022
4502,1022
4503,1023
4504,1021
4505,1021
4506,1022
4507,0
4508,0
4509,0
4510,0
4511,0
4512,0
4513,0
4514,1022
4515,1022
4516,1023
4517,1022
4518,1022
4519,1022
4520,1022
4521,1022
4522,0
4523,0
4524,0
4525,0
4526,0
4527,0
4528,0
4529,1022
4530,1022
4531,1022
4532,1022
4533,1022
4534,1022
4535,1022
4536,0
4537,0
4538,0
4539,0
4540,0
4541,0
4542,0
4543,0
4544,1022
4545,1022
4546,1021
4547,1023
4548,1021
4549,1022
4550,1022
4551,0
4552,0
4553,0
4554,0
4555,0
4556,0
4557,0
4558,0
4559,1022
4560,1022
4561,1022
4562,1022
4563,1022
4564,1022
4565,1022
4566,0
4567,0
4568,0
4569,0
4570,0
4571,0
4572,0
4573,0
4574,1022
4575,1022
4576,1022
4577,1022
4578,1022
4579,1022
4580,1022
4581,0
4582,0
4583,0
4584,0
4585,0
4586,0
4587,0
4588,1022
4589,1022
4590,1022
4591,1022
4592,1021
4593,1022
4594,1022
4595,1022
4596,0
4597,0
4598,0
4599,0
4600,0
4601,0
4602,0
4603,1022
4604,1022
4605,1022
4606,1022
4607,1022
4608,1022
4609,1022
4610,1022
4611,0
4612,0
4613,0
4614,0
4615,0
4616,0
4617,0
4618,1022
4619,1022
4620,1022
4621,1022
4622,1022
4623,1022
4624,1022
4625,1021
4626,0
4627,0
4628,0
4629,0
4630,0
4631,0
4632,0
4633,1022
4634,1022
4635,1022
4636,1022
4637,1022
4638,1022
4639,1022
4640,0
4641,0
4642,0
4643,0
4644,0
4645,0
4646,0
4647,0
4648,1021
4649,1021
4650,1021
4651,1022
4652,1023
4653,1022
4654,1022
4655,0
4656,0
4657,0
4658,0
4659,0
4660,0
4661,0
4662,0
4663,1021
4664,1022
4665,1022
4666,1022
4667,1022
4668,1022
4669,1022
4670,0
4671,0
4672,0
4673,0
4674,0
4675,0
4676,0
4677,0
4678,1022
4679,1022
4680,1023
4681,1022
4682,1022
4683,1022
4684,1023
4685,0
4686,0
4687,0
4688,0
4689,0
4690,0
4691,0
4692,1022
4693,1022
4694,1022
4695,1022
4696,1022
4697,1022
4698,1022
4699,1023
4700,0
4701,0
4702,0
4703,0
4704,0
4705,0
4706,0
4707,1021
4708,1021
4709,1022
4710,1022
4711,1022
4712,1022
4713,1022
4714,1022
4715,0
4716,0
4717,0
4718,0
4719,0
4720,0
4721,0
4722,1021
4723,1021
4724,1022
4725,1021
4726,1022
4727,1021
4728,1021
4729,0
4730,0
4731,0
4732,0
4733,0
4734,0
4735,0
4736,0
4737,1022
4738,1022
4739,1022
4740,1022
4741,1022
4742,1022
4743,1022
4744,0
4745,0
4746,0
4747,0
4748,0
4749,0
4750,0
4751,0
4752,1022
4753,1022
4754,1021
4755,1022
4756,1022
4757,1021
4758,1022
4759,0
4760,0
4761,0
4762,0
4763,0
4764,0
4765,0
4766,0
4767,1022
4768,1022
4769,1023
4770,1023
4771,1022
4772,1022
4773,1023
4774,0
4775,0
4776,0
4777,0
4778,0
4779,0
4780,0
4781,1022
4782,1022
4783,1022
4784,1022
4785,1022
4786,1022
4787,1021
4788,1022
4789,0
4790,0
4791,0
4792,0
4793,0
4794,0
4795,0
4796,1022
4797,1022
4798,1022
4799,1022
4800,1022
4801,1022
4802,1022
4803,1022
4804,0
4805,0
4806,0
4807,0
4808,0
4809,0
4810,0
4811,1021
4812,1022
4813,1022
4814,1022
4815,1022
4816,1022
4817,1022
4818,1022
4819,0
4820,0
4821,0
4822,0
4823,0
4824,0
4825,0
4826,1022
4827,1022
4828,1022
4829,1022
4830,1022
4831,1022
4832,1022
4833,0
4834,0
4835,0
4836,0
4837,0
4838,0
4839,0
4840,0
4841,1022
4842,1022
4843,1022
4844,1022
4845,1022
4846,1022
4847,1022
4848,0
4849,0
4850,0
4851,0
4852,0
4853,0
4854,0
4855,0
4856,1022
4857,1022
4858,1022
4859,1022
4860,1022
4861,1022
4862,1022
4863,0
4864,0
4865,0
4866,0
4867,0
4868,0
4869,0
4870,0
4871,1022
4872,1022
4873,1022
4874,1022
4875,1022
4876,1022
4877,1022
4878,0
4879,0
4880,0
4881,0
4882,0
4883,0
4884,0
4885,1022
4886,1022
4887,1022
4888,1022
4889,1022
4890,1022
4891,1022
4892,1022
4893,0
4894,0
4895,0
4896,0
4897,0
4898,0
4899,0
4900,1022
4901,1022
4902,1022
4903,1022
4904,1022
4905,1022
4906,1022
4907,1022
4908,0
4909,0
4910,0
4911,0
4912,0
4913,0
4914,0
4915,1022
4916,1022
4917,1022
4918,1021
4919,1022
4920,1022
4921,1022
4922,0
4923,0
4924,0
4925,0
4926,0
4927,0
4928,0
4929,0
4930,1022
4931,1021
4932,1021
4933,1022
4934,1022
4935,1022
4936,1022
4937,0
4938,0
4939,0
4940,0
4941,0
4942,0
4943,0
4944,0
4945,1022
4946,1022
4947,1022
4948,1022
4949,1022
4950,1022
4951,1022
4952,0
4953,0
4954,0
4955,0
4956,0
4957,0
4958,0
4959,0
4960,1022
4961,1022
4962,1022
4963,1022
4964,1022
4965,1022
4966,1022
4967,0
4968,0
4969,0
4970,0
4971,0
4972,0
4973,0
4974,1022
4975,1022
4976,1022
4977,1022
4978,1022
4979,1021
4980,1021
4981,1022
4982,0
4983,0
4984,0
4985,0
4986,0
4987,0
4988,0
4989,1022
4990,1022
4991,1022
4992,1022
4993,1022
4994,1022
4995,1022
4996,1022
4997,0
4998,0
4999,0
5000,0
5001,0
5002,0
5003,1022
5004,1022
5005,1022
5006,1022
5007,1022
5008,1022
5009,1022
5010,0
5011,0
5012,0
5013,0
5014,0
5015,0
5016,1022
5017,1021
5018,1022
5019,1022
5020,1022
5021,1022
5022,1022
5023,0
5024,0
5025,0
5026,0
5027,0
5028,0
5029,1022
5030,1021
5031,1022
5032,1022
5033,1022
5034,1021
5035,1022
5036,0
5037,0
5038,0
5039,0
5040,0
5041,0
5042,1022
5043,1022
5044,1022
5045,1022
5046,1022
5047,1022
5048,0
5049,0
5050,0
5051,0
5052,0
5053,0
5054,0
5055,1022
5056,1022
5057,1022
5058,1022
5059,1022
5060,1022
5061,0
5062,0
5063,0
5064,0
5065,0
5066,0
5067,0
5068,1022
5069,1022
5070,1021
5071,1022
5072,1022
5073,1023
5074,0
5075,0
5076,0
5077,0
5078,0
5079,0
5080,0
5081,1022
5082,1022
5083,1022
5084,1022
5085,1022
5086,1022
5087,0
5088,0
5089,0
5090,0
5091,0
5092,0
5093,0
5094,1022
5095,1022
5096,1022
5097,1022
5098,1022
5099,1022
5100,0
5101,0
5102,0
5103,0
5104,0
5105,0
5106,0
5107,1022
5108,1022
5109,1022
5110,1022
5111,1022
5112,1022
5113,0
5114,0
5115,0
5116,0
5117,0
5118,0
5119,0
5120,1022
5121,1022
5122,1022
5123,1022
5124,1022
5125,1022
5126,0
5127,0
5128,0
5129,0
5130,0
5131,0
5132,0
5133,1022
5134,1022
5135,1022
5136,1021
5137,1022
5138,1022
5139,0
5140,0
5141,0
5142,0
5143,0
5144,0
5145,1022
5146,1022
5147,1023
5148,1021
5149,1022
5150,1022
5151,1022
5152,0
5153,0
5154,0
5155,0
5156,0
5157,0
5158,1022
5159,1021
5160,1022
5161,1022
5162,1022
5163,1022
5164,1022
5165,0
5166,0
5167,0
5168,0
5169,0
5170,0
5171,1022
5172,1021
5173,1023
5174,1021
5175,1022
5176,1022
5177,1022
5178,0
5179,0
5180,0
5181,0
5182,0
5183,0
5184,1021
5185,1021
5186,1022
5187,1022
5188,1021
5189,1022
5190,1022
5191,0
5192,0
5193,0
5194,0
5195,0
5196,0
5197,1022
5198,1022
5199,1022
5200,1022
5201,1022
5202,1022
5203,1022
5204,0
5205,0
5206,0
5207,0
5208,0
5209,0
5210,1022
5211,1021
5212,1023
5213,1022
5214,1021
5215,1022
5216,1022
5217,0
5218,0
5219,0
5220,0
5221,0
5222,0
5223,1022
5224,1022
5225,1021
5226,1022
5227,1022
5228,1022
5229,0
5230,0
5231,0
5232,0
5233,0
5234,0
5235,0
5236,1022
5237,1022
5238,1022
5239,1022
5240,1022
5241,1022
5242,0
5243,0
5244,0
5245,0
5246,0
5247,0
5248,0
5249,1022
5250,1022
5251,1022
5252,1022
5253,1022
5254,1022
5255,0
5256,0
5257,0
5258,0
5259,0
5260,0
5261,0
5262,1022
5263,1021
5264,1022
5265,1022
5266,1022
5267,1023
5268,0
5269,0
5270,0
5271,0
5272,0
5273,0
5274,0
5275,1022
5276,1022
5277,1022
5278,1022
5279,1022
5280,1022
5281,0
5282,0
5283,0
5284,0
5285,0
5286,0
5287,0
5288,1022
5289,1022
5290,1022
5291,1022
5292,1022
5293,1022
5294,0
5295,0
5296,0
5297,0
5298,0
5299,0
5300,0
5301,1022
5302,1022
5303,1022
5304,1022
5305,1022
5306,1022
5307,0
5308,0
5309,0
5310,0
5311,0
5312,0
5313,1022
5314,1021
5315,1021
5316,1022
5317,1022
5318,1022
5319,1022
5320,0
5321,0
5322,0
5323,0
5324,0
5325,0
5326,1022
5327,1022
5328,1022
5329,1022
5330,1022
5331,1022
5332,1021
5333,0
5334,0
5335,0
5336,0
5337,0
5338,0
5339,1022
5340,1022
5341,1022
5342,1022
5343,1022
5344,1022
5345,1022
5346,0
5347,0
5348,0
5349,0
5350,0
5351,0
5352,1022
5353,1022
5354,1021
5355,1022
5356,1021
5357,1022
5358,1023
5359,0
5360,0
5361,0
5362,0
5363,0
5364,0
5365,1022
5366,1022
5367,1021
5368,1022
5369,1022
5370,1022
5371,1022
5372,0
5373,0
5374,0
5375,0
5376,0
5377,0
5378,1022
5379,1022
5380,1022
5381,1022
5382,1022
5383,1022
5384,1022
5385,0
5386,0
5387,0
5388,0
5389,0
5390,0
5391,1023
5392,1022
5393,1022
5394,1022
5395,1022
5396,1021
5397,1021
5398,0
5399,0
5400,0
5401,0
5402,0
5403,0
5404,1022
5405,1022
5406,1022
5407,1022
5408,1022
5409,1022
5410,0
5411,0
5412,0
5413,0
5414,0
5415,0
5416,0
5417,1022
5418,1022
5419,1022
5420,1022
5421,1022
5422,1022
5423,0
5424,0
5425,0
5426,0
5427,0
5428,0
5429,0
5430,1021
5431,1022
5432,1022
5433,1022
5434,1022
5435,1022
5436,0
5437,0
5438,0
5439,0
5440,0
5441,0
5442,0
5443,1022
5444,1021
5445,1022
5446,1022
5447,1022
5448,1022
5449,0
5450,0
5451,0
5452,0
5453,0
5454,0
5455,0
5456,1022
5457,1022
5458,1022
5459,1022
5460,1021
5461,1022
5462,0
5463,0
5464,0
5465,0
5466,0
5467,0
5468,0
5469,1022
5470,1022
5471,1021
5472,1022
5473,1022
5474,1022
5475,0
5476,0
5477,0
5478,0
5479,0
5480,0
5481,0
5482,1022
5483,1022
5484,1022
5485,1022
5486,1022
5487,1022
5488,0
5489,0
5490,0
5491,0
5492,0
5493,0
5494,1022
5495,1022
5496,1022
5497,1022
5498,1022
5499,1022
5500,1022
5501,0
5502,0
5503,0
5504,0
5505,0
5506,0
5507,1022
5508,1022
5509,1022
5510,1022
5511,1022
5512,1022
5513,1022
5514,0
5515,0
5516,0
5517,0
5518,0
5519,0
5520,1022
5521,1022
5522,1022
5523,1022
5524,1022
5525,1022
5526,1022
5527,0
5528,0
5529,0
5530,0
5531,0
5532,0
5533,1022
5534,1022
5535,1022
5536,1021
5537,1022
5538,1022
5539,1022
5540,0
5541,0
5542,0
5543,0
5544,0
5545,0
5546,1022
5547,1022
5548,1022
5549,1022
5550,1022
5551,1021
5552,1022
5553,0
5554,0
5555,0
5556,0
5557,0
5558,0
5559,1023
5560,1022
5561,1022
5562,1022
5563,1022
5564,1022
5565,1022
5566,0
5567,0
5568,0
5569,0
5570,0
5571,0
5572,1022
5573,1022
5574,1022
5575,1022
5576,1022
5577,1022
5578,1022
5579,0
5580,0
5581,0
5582,0
5583,0
5584,0
5585,1023
5586,1022
5587,1022
5588,1021
5589,1022
5590,1022
5591,0
5592,0
5593,0
5594,0
5595,0
5596,0
5597,0
5598,1021
5599,1022
5600,1022
5601,1022
5602,1022
5603,1022
5604,0
5605,0
5606,0
5607,0
5608,0
5609,0
5610,0
5611,1022
5612,1022
5613,1022
5614,1021
5615,1022
5616,1022
5617,0
5618,0
5619,0
5620,0
5621,0
5622,0
5623,0
5624,1022
5625,1022
5626,1022
5627,1022
5628,1023
5629,1021
5630,0
5631,0
5632,0
5633,0
5634,0
5635,0
5636,0
5637,1022
5638,1022
5639,1022
5640,1022
5641,1022
5642,1022
5643,0
5644,0
5645,0
5646,0
5647,0
5648,0
5649,0
5650,1022
5651,1022
5652,1022
5653,1022
5654,1022
5655,1022
5656,0
5657,0
5658,0
5659,0
5660,0
5661,0
5662,0
5663,1021
5664,1022
5665,1022
5666,1022
5667,1022
5668,1022
5669,0
5670,0
5671,0
5672,0
5673,0
5674,0
5675,1022
5676,1022
5677,1022
5678,1022
5679,1021
5680,1022
5681,1022
5682,0
5683,0
5684,0
5685,0
5686,0
5687,0
5688,1022
5689,1022
5690,1021
5691,1022
5692,1022
5693,1022
5694,1021
5695,0
5696,0
5697,0
5698,0
5699,0
5700,0
5701,1022
5702,1022
5703,1022
5704,1022
5705,1022
5706,1022
5707,1022
5708,0
5709,0
5710,0
5711,0
5712,0
5713,0
5714,1022
5715,1022
5716,1022
5717,1022
5718,1022
5719,1022
5720,1022
5721,0
5722,0
5723,0
5724,0
5725,0
5726,0
5727,1022
5728,1022
5729,1022
5730,1022
5731,1022
5732,1021
5733,1022
5734,0
5735,0
5736,0
5737,0
5738,0
5739,0
5740,1022
5741,1023
5742,1021
5743,1022
5744,1022
5745,1021
5746,1022
5747,0
5748,0
5749,0
5750,0
5751,0
5752,0
5753,1022
5754,1022
5755,1022
5756,1022
5757,1022
5758,1022
5759,1022
5760,0
5761,0
5762,0
5763,0
5764,0
5765,0
5766,1021
5767,1022
5768,1022
5769,1022
5770,1022
5771,1022
5772,0
5773,0
5774,0
5775,0
5776,0
5777,0
5778,0
5779,1022
5780,1022
5781,1022
5782,1021
5783,1022
5784,1022
5785,0
5786,0
5787,0
5788,0
5789,0
5790,0
5791,0
5792,1022
5793,1022
5794,1022
5795,1022
5796,1022
5797,1022
5798,0
5799,0
5800,0
5801,0
5802,0
5803,0
5804,0
5805,1022
5806,1022
5807,1022
5808,1022
5809,1022
5810,1022
5811,0
5812,0
5813,0
5814,0
5815,0
5816,0
5817,0
5818,1023
5819,1022
5820,1022
5821,1022
5822,1022
5823,1022
5824,0
5825,0
5826,0
5827,0
5828,0
5829,0
5830,0
5831,1022
5832,1022
5833,1022
5834,1022
5835,1023
5836,1022
5837,0
5838,0
5839,0
5840,0
5841,0
5842,0
5843,0
5844,1022
5845,1022
5846,1022
5847,1022
5848,1022
5849,1022
5850,0
5851,0
5852,0
5853,0
5854,0
5855,0
5856,1022
5857,1022
5858,1022
5859,1022
5860,1022
5861,1022
5862,1022
5863,0
5864,0
5865,0
5866,0
5867,0
5868,0
5869,1022
5870,1022
5871,1022
5872,1022
5873,1022
5874,1022
5875,1022
5876,0
5877,0
5878,0
5879,0
5880,0
5881,0
5882,1022
5883,1021
5884,1022
5885,1021
5886,1022
5887,1022
5888,1022
5889,0
5890,0
5891,0
5892,0
5893,0
5894,0
5895,1022
5896,1022
5897,1022
5898,1021
5899,1022
5900,1022
5901,1022
5902,0
5903,0
5904,0
5905,0
5906,0
5907,0
5908,1022
5909,1022
5910,1022
5911,1022
5912,1022
5913,1022
5914,1022
5915,0
5916,0
5917,0
5918,0
5919,0
5920,0
5921,1022
5922,1022
5923,1022
5924,1022
5925,1022
5926,1022
5927,1022
5928,0
5929,0
5930,0
5931,0
5932,0
5933,0
5934,1022
5935,1022
5936,1022
5937,1022
5938,1022
5939,1022
5940,1021
5941,0
5942,0
5943,0
5944,0
5945,0
5946,0
5947,1022
5948,1021
5949,1022
5950,1022
5951,1022
5952,1023
5953,0
5954,0
5955,0
5956,0
5957,0
5958,0
5959,0
5960,1022
5961,1022
5962,1022
5963,1022
5964,1022
5965,1022
5966,0
5967,0
5968,0
5969,0
5970,0
5971,0
5972,0
5973,1022
5974,1022
5975,1022
5976,1022
5977,1022
5978,1022
5979,0
5980,0
5981,0
5982,0
5983,0
5984,0
5985,0
5986,1022
5987,1021
5988,1022
5989,1022
5990,1022
5991,1022
5992,0
5993,0
5994,0
5995,0
5996,0
5997,0
5998,0
5999,1022
6000,1022
6001,1022
6002,1022
6003,1022
6004,1022
6005,0
6006,0
6007,0
6008,0
6009,0
6010,0
6011,0
6012,1022
6013,1021
6014,1022
6015,1022
6016,1022
6017,1022
6018,0
6019,0
6020,0
6021,0
6022,0
6023,0
6024,0
6025,1022
6026,1022
6027,1022
6028,1022
6029,1022
6030,1022
6031,0
6032,0
6033,0
6034,0
6035,0
6036,0
6037,1022
6038,1022
6039,1022
6040,1022
6041,1022
6042,1022
6043,1021
6044,0
6045,0
6046,0
6047,0
6048,0
6049,0
6050,1022
6051,1022
6052,1022
6053,1022
6054,1022
6055,1022
6056,1022
6057,0
6058,0
6059,0
6060,0
6061,0
6062,0
6063,1022
6064,1022
6065,1022
6066,1022
6067,1022
6068,1022
6069,1022
6070,0
6071,0
6072,0
6073,0
6074,0
6075,0
6076,1022
6077,1022
6078,1022
6079,1021
6080,1022
6081,1022
6082,1022
6083,0
6084,0
6085,0
6086,0
6087,0
6088,0
6089,1022
6090,1021
6091,1022
6092,1022
6093,1022
6094,1021
6095,1022
6096,0
6097,0
6098,0
6099,0
6100,0
6101,0
6102,1021
6103,1022
6104,1023
6105,1022
6106,1022
6107,1022
6108,1022
6109,0
6110,0
6111,0
6112,0
6113,0
6114,0
6115,1022
6116,1022
6117,1022
6118,1021
6119,1022
6120,1022
6121,1022
6122,0
6123,0
6124,0
6125,0
6126,0
6127,0
6128,1022
6129,1021
6130,1022
6131,1021
6132,1022
6133,1022
6134,0
6135,0
6136,0
6137,0
6138,0
6139,0
6140,0
6141,1022
6142,1022
6143,1022
6144,1022
6145,1022
6146,1022
6147,0
6148,0
6149,0
6150,0
6151,0
6152,0
6153,0
6154,1022
6155,1022
6156,1022
6157,1022
6158,1022
6159,1022
6160,0
6161,0
6162,0
6163,0
6164,0
6165,0
6166,0
6167,1022
6168,1022
6169,1022
6170,1022
6171,1022
6172,1022
6173,0
6174,0
6175,0
6176,0
6177,0
6178,0
6179,0
6180,1022
6181,1022
6182,1022
6183,1023
6184,1022
6185,1022
6186,0
6187,0
6188,0
6189,0
6190,0
6191,0
6192,0
6193,1022
6194,1022
6195,1022
6196,1022
6197,1021
6198,1022
6199,0
6200,0
6201,0
6202,0
6203,0
6204,0
6205,0
6206,1022
6207,1022
6208,1022
6209,1022
6210,1022
6211,1022
6212,0
6213,0
6214,0
6215,0
6216,0
6217,0
6218,1021
6219,1022
6220,1022
6221,1022
6222,1022
6223,1022
6224,1022
6225,0
6226,0
6227,0
6228,0
6229,0
6230,0
6231,1022
6232,1022
6233,1022
6234,1022
6235,1022
6236,1022
6237,1022
6238,0
6239,0
6240,0
6241,0
6242,0
6243,0
6244,1022
6245,1022
6246,1022
6247,1022
6248,1022
6249,1022
6250,1023
6251,0
6252,0
6253,0
6254,0
6255,0
6256,0
6257,1022
6258,1022
6259,1022
6260,1022
6261,1022
6262,1022
6263,1022
6264,0
6265,0
6266,0
6267,0
6268,0
6269,0
6270,1022
6271,1022
6272,1022
6273,1022
6274,1022
6275,1022
6276,1022
6277,0
6278,0
6279,0
6280,0
6281,0
6282,0
6283,1022
6284,1022
6285,1022
6286,1022
6287,1022
6288,1022
6289,1022
6290,0
6291,0
6292,0
6293,0
6294,0
6295,0
6296,1022
6297,1022
6298,1023
6299,1022
6300,1022
6301,1022
6302,0
6303,0
6304,0
6305,0
6306,0
6307,0
6308,0
6309,1022
6310,1022
6311,1022
6312,1022
6313,1022
6314,1022
6315,0
6316,0
6317,0
6318,0
6319,0
6320,0
6321,0
6322,1022
6323,1022
6324,1022
6325,1022
6326,1022
6327,1022
6328,0
6329,0
6330,0
6331,0
6332,0
6333,0
6334,0
6335,1022
6336,1022
6337,1022
6338,1022
6339,1022
6340,1022
6341,0
6342,0
6343,0
6344,0
6345,0
6346,0
6347,0
6348,1023
6349,1022
6350,1022
6351,1022
6352,1022
6353,1022
6354,0
6355,0
6356,0
6357,0
6358,0
6359,0
6360,0
6361,1022
6362,1022
6363,1022
6364,1022
6365,1022
6366,1022
6367,0
6368,0
6369,0
6370,0
6371,0
6372,0
6373,0
6374,1022
6375,1022
6376,1021
6377,1022
6378,1022
6379,1022
6380,0
6381,0
6382,0
6383,0
6384,0
6385,0
6386,0
6387,1022
6388,1022
6389,1022
6390,1022
6391,1022
6392,1022
6393,0
6394,0
6395,0
6396,0
6397,0
6398,0
6399,1022
6400,1022
6401,1022
6402,1022
6403,1022
6404,1021
6405,1022
6406,0
6407,0
6408,0
6409,0
6410,0
6411,0
6412,1022
6413,1022
6414,1022
6415,1022
6416,1022
6417,1022
6418,1022
6419,0
6420,0
6421,0
6422,0
6423,0
6424,0
6425,1022
6426,1021
6427,1022
6428,1022
6429,1022
6430,1022
6431,1022
6432,0
6433,0
6434,0
6435,0
6436,0
6437,0
6438,1022
6439,1022
6440,1022
6441,1022
6442,1022
6443,1022
6444,1022
6445,0
6446,0
6447,0
6448,0
6449,0
6450,0
6451,1022
6452,1022
6453,1022
6454,1022
6455,1022
6456,1022
6457,1022
6458,0
6459,0
6460,0
6461,0
6462,0
6463,0
6464,1022
6465,1022
6466,1022
6467,1022
6468,1022
6469,1022
6470,1022
6471,0
6472,0
6473,0
6474,0
6475,0
6476,0
6477,1022
6478,1021
6479,1022
6480,1022
6481,1022
6482,1022
6483,0
6484,0
6485,0
6486,0
6487,0
6488,0
6489,0
6490,1022
6491,1022
6492,1022
6493,1022
6494,1022
6495,1022
6496,0
6497,0
6498,0
6499,0
6500,0
6501,0
6502,0
6503,1022
6504,1022
6505,1022
6506,1022
6507,1022
6508,1022
6509,0
6510,0
6511,0
6512,0
6513,0
6514,0
6515,0
6516,1022
6517,1022
6518,1022
6519,1022
6520,1022
6521,1021
6522,0
6523,0
6524,0
6525,0
6526,0
6527,0
6528,0
6529,1022
6530,1022
6531,1022
6532,1021
6533,1022
6534,1022
6535,0
6536,0
6537,0
6538,0
6539,0
6540,0
6541,0
6542,1022
6543,1021
6544,1022
6545,1022
6546,1022
6547,1022
6548,0
6549,0
6550,0
6551,0
6552,0
6553,0
6554,0
6555,1022
6556,1022
6557,1022
6558,1022
6559,1021
6560,1022
6561,0
6562,0
6563,0
6564,0
6565,0
6566,0
6567,0
6568,1021
6569,1022
6570,1022
6571,1022
6572,1022
6573,1022
6574,0
6575,0
6576,0
6577,0
6578,0
6579,0
6580,1022
6581,1022
6582,1022
6583,1022
6584,1021
6585,1022
6586,1022
6587,0
6588,0
6589,0
6590,0
6591,0
6592,0
6593,1022
6594,1022
6595,1021
6596,1022
6597,1022
6598,1021
6599,1022
6600,0
6601,0
6602,0
6603,0
6604,0
6605,0
6606,1022
6607,1022
6608,1022
6609,1021
6610,1022
6611,1022
6612,1022
6613,0
6614,0
6615,0
6616,0
6617,0
6618,0
6619,1022
6620,1022
6621,1022
6622,1023
6623,1021
6624,1022
6625,1022
6626,0
6627,0
6628,0
6629,0
6630,0
6631,0
6632,1022
6633,1022
6634,1021
6635,1022
6636,1022
6637,1022
6638,1022
6639,0
6640,0
6641,0
6642,0
6643,0
6644,0
6645,1022
6646,1022
6647,1022
6648,1022
6649,1022
6650,1022
6651,1022
6652,0
6653,0
6654,0
6655,0
6656,0
6657,0
6658,1022
6659,1022
6660,1023
6661,1022
6662,1022
6663,1021
6664,0
6665,0
6666,0
6667,0
6668,0
6669,0
6670,0
6671,1023
6672,1022
6673,1022
6674,1022
6675,1022
6676,1022
6677,0
6678,0
6679,0
6680,0
6681,0
6682,0
6683,0
6684,1022
6685,1022
6686,1022
6687,1022
6688,1022
6689,1022
6690,0
6691,0
6692,0
6693,0
6694,0
6695,0
6696,0
6697,1022
6698,1022
6699,1022
6700,1022
6701,1022
6702,1021
6703,0
6704,0
6705,0
6706,0
6707,0
6708,0
6709,0
6710,1023
6711,1022
6712,1022
6713,1021
6714,1022
6715,1022
6716,0
6717,0
6718,0
6719,0
6720,0
6721,0
6722,0
6723,1022
6724,1023
6725,1022
6726,1022
6727,1021
6728,1022
6729,0
6730,0
6731,0
6732,0
6733,0
6734,0
6735,0
6736,1022
6737,1022
6738,1022
6739,1023
6740,1022
6741,1022
6742,0
6743,0
6744,0
6745,0
6746,0
6747,0
6748,1021
6749,1022
6750,1022
6751,1022
6752,1022
6753,1022
6754,1022
6755,0
6756,0
6757,0
6758,0
6759,0
6760,0
6761,1022
6762,1022
6763,1022
6764,1022
6765,1022
6766,1022
6767,1022
6768,0
6769,0
6770,0
6771,0
6772,0
6773,0
6774,1021
6775,1022
6776,1022
6777,1022
6778,1022
6779,1021
6780,1022
6781,0
6782,0
6783,0
6784,0
6785,0
6786,0
6787,1022
6788,1021
6789,1022
6790,1022
6791,1022
6792,1022
6793,1022
6794,0
6795,0
6796,0
6797,0
6798,0
6799,0
6800,1022
6801,1022
6802,1022
6803,1022
6804,1022
6805,1022
6806,1021
6807,0
6808,0
6809,0
6810,0
6811,0
6812,0
6813,1022
6814,1021
6815,1022
6816,1022
6817,1022
6818,1022
6819,1022
6820,0
6821,0
6822,0
6823,0
6824,0
6825,0
6826,1022
6827,1022
6828,1021
6829,1022
6830,1022
6831,1022
6832,1022
6833,0
6834,0
6835,0
6836,0
6837,0
6838,0
6839,1022
6840,1022
6841,1022
6842,1022
6843,1022
6844,1022
6845,0
6846,0
6847,0
6848,0
6849,0
6850,0
6851,0
6852,1022
6853,1022
6854,1022
6855,1022
6856,1022
6857,1022
6858,0
6859,0
6860,0
6861,0
6862,0
6863,0
6864,0
6865,1022
6866,1022
6867,1022
6868,1022
6869,1023
6870,1022
6871,0
6872,0
6873,0
6874,0
6875,0
6876,0
6877,0
6878,1021
6879,1021
6880,1022
6881,1022
6882,1022
6883,1021
6884,0
6885,0
6886,0
6887,0
6888,0
6889,0
6890,0
6891,1022
6892,1022
6893,1022
6894,1022
6895,1022
6896,1022
6897,0
6898,0
6899,0
6900,0
6901,0
6902,0
6903,0
6904,1022
6905,1022
6906,1022
6907,1022
6908,1022
6909,1022
6910,0
6911,0
6912,0
6913,0
6914,0
6915,0
6916,0
6917,1022
6918,1022
6919,1022
6920,1022
6921,1022
6922,1021
6923,0
6924,0
6925,0
6926,0
6927,0
6928,0
6929,1022
6930,1022
6931,1022
6932,1022
6933,1022
6934,1022
6935,1022
6936,0
6937,0
6938,0
6939,0
6940,0
6941,0
6942,1022
6943,1022
6944,1022
6945,1022
6946,1022
6947,1022
6948,1022
6949,0
6950,0
6951,0
6952,0
6953,0
6954,0
6955,1022
6956,1022
6957,1022
6958,1022
6959,1022
6960,1022
6961,1022
6962,0
6963,0
6964,0
6965,0
6966,0
6967,0
6968,1022
6969,1022
6970,1023
6971,1022
6972,1022
6973,1022
6974,1022
6975,0
6976,0
6977,0
6978,0
6979,0
6980,0
6981,1022
6982,1022
6983,1021
6984,1022
6985,1022
6986,1022
6987,1022
6988,0
6989,0
6990,0
6991,0
6992,0
6993,0
6994,1022
6995,1022
6996,1022
6997,1022
6998,1022
6999,1022
7000,1022
7001,0
7002,0
7003,0
7004,0
7005,0
7006,0
7007,1022
7008,1022
7009,1022
7010,1022
7011,1022
7012,1022
7013,1022
7014,0
7015,0
7016,0
7017,0
7018,0
7019,0
7020,1022
7021,1022
7022,1022
7023,1021
7024,1022
7025,1022
7026,0
7027,0
7028,0
7029,0
7030,0
7031,0
7032,0
7033,1021
7034,1022
7035,1022
7036,1021
7037,1021
7038,1022
7039,0
7040,0
7041,0
7042,0
7043,0
7044,0
7045,0
7046,1022
7047,1022
7048,1022
7049,1022
7050,1022
7051,1022
7052,0
7053,0
7054,0
7055,0
7056,0
7057,0
7058,0
7059,1022
7060,1022
7061,1022
7062,1022
7063,1022
7064,1022
7065,0
7066,0
7067,0
7068,0
7069,0
7070,0
7071,0
7072,1021
7073,1022
7074,1022
7075,1022
7076,1021
7077,1022
7078,0
7079,0
7080,0
7081,0
7082,0
7083,0
7084,0
7085,1022
7086,1021
7087,1021
7088,1022
7089,1021
7090,1022
7091,0
7092,0
7093,0
7094,0
7095,0
7096,0
7097,0
7098,1022
7099,1022
7100,1022
7101,1022
7102,1022
7103,1022
7104,0
7105,0
7106,0
7107,0
7108,0
7109,0
7110,0
7111,1022
7112,1022
7113,1022
7114,1022
7115,1021
7116,1022
7117,0
7118,0
7119,0
7120,0
7121,0
7122,0
7123,1022
7124,1022
7125,1022
7126,1022
7127,1022
7128,1022
7129,1022
7130,0
7131,0
7132,0
7133,0
7134,0
7135,0
7136,1022
7137,1022
7138,1022
7139,1021
7140,1022
7141,1022
7142,1022
7143,0
7144,0
7145,0
7146,0
7147,0
7148,0
7149,1022
7150,1022
7151,1022
7152,1022
7153,1022
7154,1022
7155,1022
7156,0
7157,0
7158,0
7159,0
7160,0
7161,0
7162,1022
7163,1022
7164,1022
7165,1022
7166,1022
7167,1022
7168,1022
7169,0
7170,0
7171,0
7172,0
7173,0
7174,0
7175,1022
7176,1022
7177,1022
7178,1022
7179,1022
7180,1023
7181,1022
7182,0
7183,0
7184,0
7185,0
7186,0
7187,0
7188,1022
7189,1022
7190,1022
7191,1022
7192,1022
7193,1022
7194,1022
7195,0
7196,0
7197,0
7198,0
7199,0
7200,0
7201,1022
7202,1022
7203,1022
7204,1022
7205,1022
7206,1021
7207,0
7208,0
7209,0
7210,0
7211,0
7212,0
7213,0
7214,1022
7215,1022
7216,1022
7217,1022
7218,1022
7219,1022
7220,0
7221,0
7222,0
7223,0
7224,0
7225,0
7226,0
7227,1022
7228,1021
7229,1022
7230,1022
7231,1022
7232,1021
7233,0
7234,0
7235,0
7236,0
7237,0
7238,0
7239,0
7240,1022
7241,1023
7242,1022
7243,1022
7244,1022
7245,1023
7246,0
7247,0
7248,0
7249,0
7250,0
7251,0
7252,0
7253,1022
7254,1022
7255,1022
7256,1022
7257,1021
7258,1022
7259,0
7260,0
7261,0
7262,0
7263,0
7264,0
7265,0
7266,1022
7267,1022
7268,1022
7269,1022
7270,1022
7271,1022
7272,0
7273,0
7274,0
7275,0
7276,0
7277,0
7278,0
7279,1022
7280,1021
7281,1022
7282,1022
7283,1022
7284,1021
7285,0
7286,0
7287,0
7288,0
7289,0
7290,0
7291,0
7292,1022
7293,1022
7294,1022
7295,1022
7296,1022
7297,1022
7298,0
7299,0
7300,0
7301,0
7302,0
7303,0
7304,1022
7305,1022
7306,1022
7307,1022
7308,1022
7309,1022
7310,1022
7311,0
7312,0
7313,0
7314,0
7315,0
7316,0
7317,1022
7318,1022
7319,1022
7320,1022
7321,1022
7322,1022
7323,1022
7324,0
7325,0
7326,0
7327,0
7328,0
7329,0
7330,1022
7331,1022
7332,1022
7333,1022
7334,1022
7335,1022
7336,1022
7337,0
7338,0
7339,0
7340,0
7341,0
7342,0
7343,1022
7344,1022
7345,1022
7346,1022
7347,1022
7348,1022
7349,1022
7350,0
7351,0
7352,0
7353,0
7354,0
7355,0
7356,1023
7357,1022
7358,1022
7359,1022
7360,1022
7361,1022
7362,1022
7363,0
7364,0
7365,0
7366,0
7367,0
7368,0
7369,1022
7370,1022
7371,1022
7372,1022
7373,1022
7374,1022
7375,1022
7376,0
7377,0
7378,0
7379,0
7380,0
7381,0
7382,1022
7383,1021
7384,1022
7385,1022
7386,1022
7387,1022
7388,0
7389,0
7390,0
7391,0
7392,0
7393,0
7394,0
7395,1022
7396,1022
7397,1022
7398,1021
7399,1022
7400,1022
7401,0
7402,0
7403,0
7404,0
7405,0
7406,0
7407,0
7408,1022
7409,1022
7410,1022
7411,1021
7412,1022
7413,1022
7414,0
7415,0
7416,0
7417,0
7418,0
7419,0
7420,0
7421,1022
7422,1022
7423,1021
7424,1022
7425,1020
7426,1022
7427,0
7428,0
7429,0
7430,0
7431,0
7432,0
7433,0
7434,1022
7435,1022
7436,1022
7437,1021
7438,1022
7439,1022
7440,0
7441,0
7442,0
7443,0
7444,0
7445,0
7446,0
7447,1022
7448,1022
7449,1022
7450,1022
7451,1022
7452,1022
7453,0
7454,0
7455,0
7456,0
7457,0
7458,0
7459,0
7460,1021
7461,1022
7462,1022
7463,1022
7464,1022
7465,1022
7466,0
7467,0
7468,0
7469,0
7470,0
7471,0
7472,1022
7473,1022
7474,1022
7475,1022
7476,1022
7477,1022
7478,1022
7479,0
7480,0
7481,0
7482,0
7483,0
7484,0
7485,1022
7486,1022
7487,1022
7488,1022
7489,1022
7490,1022
7491,1022
7492,0
7493,0
7494,0
7495,0
7496,0
7497,0
7498,1022
7499,1022
7500,1022
7501,1022
7502,1022
7503,1022
7504,1022
7505,0
7506,0
7507,0
7508,0
7509,0
7510,0
7511,1022
7512,1022
7513,1022
7514,1022
7515,1022
7516,1022
7517,1022
7518,0
7519,0
7520,0
7521,0
7522,0
7523,0
7524,1022
7525,1022
7526,1022
7527,1023
7528,1022
7529,1022
7530,1022
7531,0
7532,0
7533,0
7534,0
7535,0
7536,0
7537,1022
7538,1021
7539,1022
7540,1022
7541,1021
7542,1022
7543,1022
7544,0
7545,0
7546,0
7547,0
7548,0
7549,0
7550,1022
7551,1022
7552,1022
7553,1022
7554,1022
7555,1022
7556,0
7557,0
7558,0
7559,0
7560,0
7561,0
7562,0
7563,1022
7564,1022
7565,1022
7566,1022
7567,1021
7568,1022
7569,0
7570,0
7571,0
7572,0
7573,0
7574,0
7575,0
7576,1021
7577,1022
7578,1022
7579,1022
7580,1022
7581,1022
7582,0
7583,0
7584,0
7585,0
7586,0
7587,0
7588,0
7589,1022
7590,1022
7591,1022
7592,1021
7593,1022
7594,1022
7595,0
7596,0
7597,0
7598,0
7599,0
7600,0
7601,0
7602,1022
7603,1022
7604,1022
7605,1021
7606,1022
7607,1022
7608,0
7609,0
7610,0
7611,0
7612,0
7613,0
7614,0
7615,1022
7616,1022
7617,1022
7618,1022
7619,1022
7620,1022
7621,0
7622,0
7623,0
7624,0
7625,0
7626,0
7627,0
7628,1022
7629,1021
7630,1022
7631,1022
7632,1022
7633,1022
7634,0
7635,0
7636,0
7637,0
7638,0
7639,0
7640,0
7641,1022
7642,1022
7643,1022
7644,1022
7645,1022
7646,1022
7647,0
7648,0
7649,0
7650,0
7651,0
7652,0
7653,1022
7654,1022
7655,1022
7656,1022
7657,1022
7658,1021
7659,1022
7660,0
7661,0
7662,0
7663,0
7664,0
7665,0
7666,1022
7667,1022
7668,1022
7669,1022
7670,1022
7671,1022
7672,1022
7673,0
7674,0
7675,0
7676,0
7677,0
7678,0
7679,1022
7680,1022
7681,1022
7682,1022
7683,1022
7684,1022
7685,1022
7686,0
7687,0
7688,0
7689,0
7690,0
7691,0
7692,1022
7693,1022
7694,1022
7695,1022
7696,1021
7697,1022
7698,1022
7699,0
7700,0
7701,0
7702,0
7703,0
7704,0
7705,1022
7706,1023
7707,1022
7708,1022
7709,1022
7710,1022
7711,1022
7712,0
7713,0
7714,0
7715,0
7716,0
7717,0
7718,1022
7719,1022
7720,1022
7721,1022
7722,1022
7723,1022
7724,1022
7725,0
7726,0
7727,0
7728,0
7729,0
7730,0
7731,1022
7732,1022
7733,1022
7734,1022
7735,1022
7736,1022
7737,0
7738,0
7739,0
7740,0
7741,0
7742,0
7743,0
7744,1022
7745,1022
7746,1022
7747,1022
7748,1022
7749,1022
7750,0
7751,0
7752,0
7753,0
7754,0
7755,0
7756,0
7757,1022
7758,1022
7759,1022
7760,1022
7761,1022
7762,1021
7763,0
7764,0
7765,0
7766,0
7767,0
7768,0
7769,0
7770,1021
7771,1022
7772,1022
7773,1022
7774,1022
7775,1022
7776,0
7777,0
7778,0
7779,0
7780,0
7781,0
7782,0
7783,1022
7784,1022
7785,1022
7786,1022
7787,1022
7788,1022
7789,0
7790,0
7791,0
7792,0
7793,0
7794,0
7795,0
7796,1022
7797,1022
7798,1022
7799,1022
7800,1022
7801,1022
7802,0
7803,0
7804,0
7805,0
7806,0
7807,0
7808,0
7809,1022
7810,1022
7811,1023
7812,1022
7813,1022
7814,1022
7815,0
7816,0
7817,0
7818,0
7819,0
7820,0
7821,0
7822,1022
7823,1022
7824,1022
7825,1022
7826,1022
7827,1022
7828,0
7829,0
7830,0
7831,0
7832,0
7833,0
7834,1022
7835,1023
7836,1022
7837,1022
7838,1022
7839,1022
7840,1022
7841,0
7842,0
7843,0
7844,0
7845,0
7846,0
7847,1022
7848,1022
7849,1022
7850,1022
7851,1022
7852,1022
7853,1022
7854,0
7855,0
7856,0
7857,0
7858,0
7859,0
7860,1022
7861,1021
7862,1022
7863,1022
7864,1021
7865,1022
7866,1022
7867,0
7868,0
7869,0
7870,0
7871,0
7872,0
7873,1022
7874,1022
7875,1022
7876,1022
7877,1022
7878,1022
7879,1021
7880,0
7881,0
7882,0
7883,0
7884,0
7885,0
7886,1022
7887,1022
7888,1022
7889,1022
7890,1022
7891,1022
7892,1022
7893,0
7894,0
7895,0
7896,0
7897,0
7898,0
7899,1022
7900,1022
7901,1022
7902,1022
7903,1022
7904,1022
7905,1022
7906,0
7907,0
7908,0
7909,0
7910,0
7911,0
7912,1021
7913,1022
7914,1022
7915,1022
7916,1022
7917,1022
7918,0
7919,0
7920,0
7921,0
7922,0
7923,0
7924,0
7925,1022
7926,1022
7927,1022
7928,1022
7929,1022
7930,1022
7931,0
7932,0
7933,0
7934,0
7935,0
7936,0
7937,0
7938,1022
7939,1022
7940,1021
7941,1021
7942,1021
7943,1022
7944,0
7945,0
7946,0
7947,0
7948,0
7949,0
7950,0
7951,1022
7952,1022
7953,1022
7954,1022
7955,1022
7956,1022
7957,0
7958,0
7959,0
7960,0
7961,0
7962,0
7963,0
7964,1022
7965,1022
7966,1022
7967,1022
7968,1022
7969,1022
7970,0
7971,0
7972,0
7973,0
7974,0
7975,0
7976,0
7977,1022
7978,1022
7979,1022
7980,1022
7981,1022
7982,1022
7983,0
7984,0
7985,0
7986,0
7987,0
7988,0
7989,0
7990,1022
7991,1022
7992,1022
7993,1022
7994,1022
7995,1022
7996,0
7997,0
7998,0
7999,0
8000,0
8001,0
8002,0
8003,1022
8004,1022
8005,1022
8006,1022
8007,1022
8008,1021
8009,0
8010,0
8011,0
8012,0
8013,0
8014,0
8015,1022
8016,1022
8017,1022
8018,1022
8019,1022
8020,1022
8021,1022
8022,0
8023,0
8024,0
8025,0
8026,0
8027,0
8028,1022
8029,1022
8030,1022
8031,1022
8032,1022
8033,1022
8034,1022
8035,0
8036,0
8037,0
8038,0
8039,0
8040,0
8041,1022
8042,1022
8043,1022
8044,1022
8045,1022
8046,1021
8047,1022
8048,0
8049,0
8050,0
8051,0
8052,0
8053,0
8054,1022
8055,1022
8056,1022
8057,1022
8058,1022
8059,1022
8060,1022
8061,0
8062,0
8063,0
8064,0
8065,0
8066,0
8067,1022
8068,1022
8069,1022
8070,1022
8071,1022
8072,1022
8073,1022
8074,0
8075,0
8076,0
8077,0
8078,0
8079,0
8080,1022
8081,1022
8082,1022
8083,1022
8084,1022
8085,1022
8086,1021
8087,0
8088,0
8089,0
8090,0
8091,0
8092,0
8093,1022
8094,1022
8095,1022
8096,1022
8097,1022
8098,1022
8099,0
8100,0
8101,0
8102,0
8103,0
8104,0
8105,0
8106,1022
8107,1022
8108,1022
8109,1022
8110,1022
8111,1021
8112,0
8113,0
8114,0
8115,0
8116,0
8117,0
8118,0
8119,1022
8120,1022
8121,1022
8122,1022
8123,1021
8124,1022
8125,0
8126,0
8127,0
8128,0
8129,0
8130,0
8131,0
8132,1022
8133,1022
8134,1022
8135,1022
8136,1022
8137,1022
8138,0
8139,0
8140,0
8141,0
8142,0
8143,0
8144,0
8145,1022
8146,1022
8147,1022
8148,1022
8149,1022
8150,1022
8151,0
8152,0
8153,0
8154,0
8155,0
8156,0
8157,0
8158,1022
8159,1022
8160,1022
8161,1022
8162,1022
8163,1021
8164,0
8165,0
8166,0
8167,0
8168,0
8169,0
8170,0
8171,1022
8172,1022
8173,1022
8174,1022
8175,1022
8176,1023
8177,0
8178,0
8179,0
8180,0
8181,0
8182,0
8183,0
8184,1022
8185,1022
8186,1022
8187,1021
8188,1022
8189,1022
8190,0
8191,0
8192,0
8193,0
8194,0
8195,0
8196,1022
8197,1022
8198,1022
8199,1022
8200,1022
8201,1022
8202,1022
8203,0
8204,0
8205,0
8206,0
8207,0
8208,0
8209,1021
8210,1022
8211,1022
8212,1022
8213,1023
8214,1022
8215,1022
8216,0
8217,0
8218,0
8219,0
8220,0
8221,0
8222,1022
8223,1022
8224,1021
8225,1022
8226,1022
8227,1021
8228,1022
8229,0
8230,0
8231,0
8232,0
8233,0
8234,0
8235,1022
8236,1022
8237,1022
8238,1021
8239,1022
8240,1022
8241,1022
8242,0
8243,0
8244,0
8245,0
8246,0
8247,0
8248,1022
8249,1021
8250,1022
8251,1022
8252,1022
8253,1022
8254,1022
8255,0
8256,0
8257,0
8258,0
8259,0
8260,0
8261,1022
8262,1022
8263,1022
8264,1022
8265,1022
8266,1022
8267,1021
8268,0
8269,0
8270,0
8271,0
8272,0
8273,0
8274,1022
8275,1022
8276,1022
8277,1022
8278,1022
8279,1022
8280,0
8281,0
8282,0
8283,0
8284,0
8285,0
8286,0
8287,1022
8288,1022
8289,1022
8290,1022
8291,1022
8292,1021
8293,0
8294,0
8295,0
8296,0
8297,0
8298,0
8299,0
8300,1022
8301,1022
8302,1022
8303,1022
8304,1022
8305,1022
8306,0
8307,0
8308,0
8309,0
8310,0
8311,0
8312,0
8313,1022
8314,1022
8315,1022
8316,1021
8317,1022
8318,1022
8319,0
8320,0
8321,0
8322,0
8323,0
8324,0
8325,0
8326,1022
8327,1022
8328,1022
8329,1022
8330,1022
8331,1021
8332,0
8333,0
8334,0
8335,0
8336,0
8337,0
8338,0
8339,1022
8340,1022
8341,1022
8342,1022
8343,1022
8344,1022
8345,0
8346,0
8347,0
8348,0
8349,0
8350,0
8351,0
8352,1022
8353,1021
8354,1021
8355,1020
8356,1022
8357,1022
8358,0
8359,0
8360,0
8361,0
8362,0
8363,0
8364,1022
8365,1022
8366,1022
8367,1022
8368,1022
8369,1022
8370,1022
8371,0
8372,0
8373,0
8374,0
8375,0
8376,0
8377,1022
8378,1022
8379,1022
8380,1022
8381,1022
8382,1022
8383,1022
8384,0
8385,0
8386,0
8387,0
8388,0
8389,0
8390,1021
8391,1022
8392,1022
8393,1022
8394,1022
8395,1022
8396,1022
8397,0
8398,0
8399,0
8400,0
8401,0
8402,0
8403,1022
8404,1022
8405,1022
8406,1022
8407,1022
8408,1022
8409,1022
8410,0
8411,0
8412,0
8413,0
8414,0
8415,0
8416,1022
8417,1022
8418,1022
8419,1022
8420,1022
8421,1022
8422,1022
8423,0
8424,0
8425,0
8426,0
8427,0
8428,0
8429,1022
8430,1022
8431,1022
8432,1022
8433,1021
8434,1022
8435,1022
8436,0
8437,0
8438,0
8439,0
8440,0
8441,0
8442,1022
8443,1022
8444,1021
8445,1022
8446,1022
8447,1022
8448,1021
8449,0
8450,0
8451,0
8452,0
8453,0
8454,0
8455,1022
8456,1022
8457,1022
8458,1022
8459,1022
8460,1022
8461,0
8462,0
8463,0
8464,0
8465,0
8466,0
8467,0
8468,1022
8469,1022
8470,1021
8471,1022
8472,1022
8473,1022
8474,0
8475,0
8476,0
8477,0
8478,0
8479,0
8480,0
8481,1022
8482,1022
8483,1022
8484,1022
8485,1022
8486,1022
8487,0
8488,0
8489,0
8490,0
8491,0
8492,0
8493,0
8494,1022
8495,1022
8496,1022
8497,1022
8498,1022
8499,1022
8500,0
8501,0
8502,0
8503,0
8504,0
8505,0
8506,0
8507,1022
8508,1022
8509,1022
8510,1022
8511,1022
8512,1022
8513,0
8514,0
8515,0
8516,0
8517,0
8518,0
8519,0
8520,1022
8521,1021
8522,1022
8523,1022
8524,1022
8525,1022
8526,0
8527,0
8528,0
8529,0
8530,0
8531,0
8532,0
8533,1022
8534,1022
8535,1022
8536,1022
8537,1022
8538,1021
8539,0
8540,0
8541,0
8542,0
8543,0
8544,0
8545,0
8546,1021
8547,1022
8548,1022
8549,1022
8550,1021
8551,1022
8552,0
8553,0
8554,0
8555,0
8556,0
8557,0
8558,1022
8559,1022
8560,1022
8561,1022
8562,1022
8563,1022
8564,1022
8565,0
8566,0
8567,0
8568,0
8569,0
8570,0
8571,1022
8572,1022
8573,1022
8574,1022
8575,1022
8576,1022
8577,1022
8578,0
8579,0
8580,0
8581,0
8582,0
8583,0
8584,1022
8585,1022
8586,1022
8587,1022
8588,1022
8589,1022
8590,1022
8591,0
8592,0
8593,0
8594,0
8595,0
8596,0
8597,1022
8598,1022
8599,1022
8600,1022
8601,1022
8602,1023
8603,1022
8604,0
8605,0
8606,0
8607,0
8608,0
8609,0
8610,1022
8611,1022
8612,1022
8613,1022
8614,1022
8615,1022
8616,1021
8617,0
8618,0
8619,0
8620,0
8621,0
8622,0
8623,1021
8624,1021
8625,1021
8626,1022
8627,1021
8628,1022
8629,1022
8630,0
8631,0
8632,0
8633,0
8634,0
8635,0
8636,1022
8637,1022
8638,1022
8639,1022
8640,1022
8641,1022
8642,0
8643,0
8644,0
8645,0
8646,0
8647,0
8648,0
8649,1022
8650,1022
8651,1022
8652,1021
8653,1022
8654,1022
8655,0
8656,0
8657,0
8658,0
8659,0
8660,0
8661,0
8662,1022
8663,1022
8664,1022
8665,1022
8666,1022
8667,1022
8668,0
8669,0
8670,0
8671,0
8672,0
8673,0
8674,0
8675,1022
8676,1022
8677,1021
8678,1022
8679,1022
8680,1022
8681,0
8682,0
8683,0
8684,0
8685,0
8686,0
8687,0
8688,1022
8689,1022
8690,1022
8691,1022
8692,1022
8693,1022
8694,0
8695,0
8696,0
8697,0
8698,0
8699,0
8700,0
8701,1021
8702,1022
8703,1022
8704,1021
8705,1022
8706,1022
8707,0
8708,0
8709,0
8710,0
8711,0
8712,0
8713,0
8714,1022
8715,1022
8716,1022
8717,1022
8718,1022
8719,1022
8720,0
8721,0
8722,0
8723,0
8724,0
8725,0
8726,1022
8727,1022
8728,1022
8729,1022
8730,1022
8731,1022
8732,1022
8733,0
8734,0
8735,0
8736,0
8737,0
8738,0
8739,1022
8740,1022
8741,1022
8742,1022
8743,1022
8744,1022
8745,1021
8746,0
8747,0
8748,0
8749,0
8750,0
8751,0
8752,1022
8753,1022
8754,1022
8755,1022
8756,1022
8757,1022
8758,1022
8759,0
8760,0
8761,0
8762,0
8763,0
8764,0
8765,1022
8766,1022
8767,1022
8768,1022
8769,1022
8770,1022
8771,1022
8772,0
8773,0
8774,0
8775,0
8776,0
8777,0
8778,1022
8779,1022
8780,1021
8781,1022
8782,1022
8783,1022
8784,1022
8785,0
8786,0
8787,0
8788,0
8789,0
8790,0
8791,1022
8792,1022
8793,1022
8794,1022
8795,1022
8796,1022
8797,1022
8798,0
8799,0
8800,0
8801,0
8802,0
8803,0
8804,1022
8805,1022
8806,1022
8807,1022
8808,1022
8809,1023
8810,1022
8811,0
8812,0
8813,0
8814,0
8815,0
8816,0
8817,1022
8818,1022
8819,1022
8820,1022
8821,1022
8822,1022
8823,0
8824,0
8825,0
8826,0
8827,0
8828,0
8829,0
8830,1021
8831,1022
8832,1022
8833,1022
8834,1022
8835,1022
8836,0
8837,0
8838,0
8839,0
8840,0
8841,0
8842,0
8843,1022
8844,1022
8845,1022
8846,1022
8847,1022
8848,1022
8849,0
8850,0
8851,0
8852,0
8853,0
8854,0
8855,0
8856,1022
8857,1021
8858,1021
8859,1022
8860,1022
8861,1022
8862,0
8863,0
8864,0
8865,0
8866,0
8867,0
8868,0
8869,1022
8870,1022
8871,1022
8872,1022
8873,1022
8874,1023
8875,0
8876,0
8877,0
8878,0
8879,0
8880,0
8881,0
8882,1022
8883,1022
8884,1022
8885,1022
8886,1022
8887,1022
8888,0
8889,0
8890,0
8891,0
8892,0
8893,0
8894,0
8895,1022
8896,1022
8897,1022
8898,1022
8899,1022
8900,1022
8901,0
8902,0
8903,0
8904,0
8905,0
8906,0
8907,0
8908,1022
8909,1022
8910,1022
8911,1022
8912,1022
8913,1022
8914,0
8915,0
8916,0
8917,0
8918,0
8919,0
8920,1022
8921,1022
8922,1022
8923,1022
8924,1022
8925,1022
8926,1022
8927,0
8928,0
8929,0
8930,0
8931,0
8932,0
8933,1022
8934,1022
8935,1022
8936,1022
8937,1022
8938,1022
8939,1022
8940,0
8941,0
8942,0
8943,0
8944,0
8945,0
8946,1022
8947,1022
8948,1022
8949,1022
8950,1022
8951,1022
8952,1022
8953,0
8954,0
8955,0
8956,0
8957,0
8958,0
8959,1022
8960,1022
8961,1022
8962,1022
8963,1022
8964,1022
8965,1021
8966,0
8967,0
8968,0
8969,0
8970,0
8971,0
8972,1022
8973,1021
8974,1022
8975,1021
8976,1022
8977,1022
8978,1022
8979,0
8980,0
8981,0
8982,0
8983,0
8984,0
8985,1022
8986,1022
8987,1022
8988,1022
8989,1022
8990,1022
8991,1022
8992,0
8993,0
8994,0
8995,0
8996,0
8997,0
8998,1021
8999,1022
9000,1022
9001,1022
9002,1021
9003,1022
9004,0
9005,0
9006,0
9007,0
9008,0
9009,0
9010,0
9011,1022
9012,1022
9013,1022
9014,1022
9015,1022
9016,1022
9017,0
9018,0
9019,0
9020,0
9021,0
9022,0
9023,0
9024,1022
9025,1021
9026,1022
9027,1022
9028,1022
9029,1021
9030,0
9031,0
9032,0
9033,0
9034,0
9035,0
9036,0
9037,1022
9038,1022
9039,1022
9040,1022
9041,1023
9042,1022
9043,0
9044,0
9045,0
9046,0
9047,0
9048,0
9049,0
9050,1022
9051,1022
9052,1022
9053,1022
9054,1022
9055,1022
9056,0
9057,0
9058,0
9059,0
9060,0
9061,0
9062,0
9063,1022
9064,1022
9065,1022
9066,1022
9067,1022
9068,1022
9069,0
9070,0
9071,0
9072,0
9073,0
9074,0
9075,0
9076,1022
9077,1022
9078,1021
9079,1022
9080,1022
9081,1022
9082,0
9083,0
9084,0
9085,0
9086,0
9087,0
9088,1022
9089,1022
9090,1022
9091,1022
9092,1022
9093,1022
9094,1022
9095,0
9096,0
9097,0
9098,0
9099,0
9100,0
9101,1022
9102,1022
9103,1022
9104,1022
9105,1022
9106,1022
9107,1022
9108,0
9109,0
9110,0
9111,0
9112,0
9113,0
9114,1023
9115,1022
9116,1022
9117,1022
9118,1022
9119,1022
9120,1022
9121,0
9122,0
9123,0
9124,0
9125,0
9126,0
9127,1022
9128,1022
9129,1022
9130,1022
9131,1022
9132,1021
9133,1022
9134,0
9135,0
9136,0
9137,0
9138,0
9139,0
9140,1022
9141,1022
9142,1022
9143,1022
9144,1022
9145,1022
9146,1022
9147,0
9148,0
9149,0
9150,0
9151,0
9152,0
9153,1022
9154,1022
9155,1022
9156,1022
9157,1022
9158,1022
9159,1022
9160,0
9161,0
9162,0
9163,0
9164,0
9165,0
9166,1022
9167,1022
9168,1022
9169,1022
9170,1022
9171,1022
9172,0
9173,0
9174,0
9175,0
9176,0
9177,0
9178,0
9179,1022
9180,1022
9181,1022
9182,1022
9183,1022
9184,1022
9185,0
9186,0
9187,0
9188,0
9189,0
9190,0
9191,0
9192,1022
9193,1022
9194,1022
9195,1022
9196,1022
9197,1022
9198,0
9199,0
9200,0
9201,0
9202,0
9203,0
9204,0
9205,1022
9206,1022
9207,1022
9208,1022
9209,1022
9210,1022
9211,0
9212,0
9213,0
9214,0
9215,0
9216,0
9217,0
9218,1022
9219,1022
9220,1022
9221,1022
9222,1022
9223,1022
9224,0
9225,0
9226,0
9227,0
9228,0
9229,0
9230,0
9231,1022
9232,1022
9233,1022
9234,1022
9235,1022
9236,1022
9237,0
9238,0
9239,0
9240,0
9241,0
9242,0
9243,0
9244,1022
9245,1022
9246,1022
9247,1021
9248,1022
9249,1022
9250,0
9251,0
9252,0
9253,0
9254,0
9255,0
9256,0
9257,1022
9258,1022
9259,1022
9260,1022
9261,1022
9262,1022
9263,0
9264,0
9265,0
9266,0
9267,0
9268,0
9269,1022
9270,1022
9271,1022
9272,1022
9273,1022
9274,1022
9275,1022
9276,0
9277,0
9278,0
9279,0
9280,0
9281,0
9282,1022
9283,1022
9284,1022
9285,1022
9286,1022
9287,1022
9288,1022
9289,0
9290,0
9291,0
9292,0
9293,0
9294,0
9295,1022
9296,1022
9297,1022
9298,1021
9299,1022
9300,1022
9301,1022
9302,0
9303,0
9304,0
9305,0
9306,0
9307,0
9308,1022
9309,1022
9310,1023
9311,1022
9312,1022
9313,1022
9314,1022
9315,0
9316,0
9317,0
9318,0
9319,0
9320,0
9321,1022
9322,1022
9323,1022
9324,1022
9325,1022
9326,1022
9327,1022
9328,0
9329,0
9330,0
9331,0
9332,0
9333,0
9334,1022
9335,1022
9336,1022
9337,1022
9338,1022
9339,1022
9340,1022
9341,0
9342,0
9343,0
9344,0
9345,0
9346,0
9347,1022
9348,1022
9349,1022
9350,1022
9351,1022
9352,1022
9353,0
9354,0
9355,0
9356,0
9357,0
9358,0
9359,0
9360,1022
9361,1022
9362,1022
9363,1022
9364,1022
9365,1022
9366,0
9367,0
9368,0
9369,0
9370,0
9371,0
9372,0
9373,1022
9374,1022
9375,1022
9376,1022
9377,1022
9378,1022
9379,0
9380,0
9381,0
9382,0
9383,0
9384,0
9385,0
9386,1022
9387,1022
9388,1022
9389,1022
9390,1022
9391,1022
9392,0
9393,0
9394,0
9395,0
9396,0
9397,0
9398,0
9399,1022
9400,1022
9401,1022
9402,1022
9403,1022
9404,1022
9405,0
9406,0
9407,0
9408,0
9409,0
9410,0
9411,0
9412,1022
9413,1022
9414,1022
9415,1022
9416,1022
9417,1022
9418,0
9419,0
9420,0
9421,0
9422,0
9423,0
9424,0
9425,1022
9426,1022
9427,1021
9428,1022
9429,1022
9430,1022
9431,0
9432,0
9433,0
9434,0
9435,0
9436,0
9437,0
9438,1022
9439,1022
9440,1022
9441,1022
9442,1022
9443,1022
9444,0
9445,0
9446,0
9447,0
9448,0
9449,0
9450,1022
9451,1022
9452,1022
9453,1022
9454,1021
9455,1022
9456,1022
9457,0
9458,0
9459,0
9460,0
9461,0
9462,0
9463,1022
9464,1022
9465,1022
9466,1022
9467,1022
9468,1022
9469,1022
9470,0
9471,0
9472,0
9473,0
9474,0
9475,0
9476,1022
9477,1022
9478,1022
9479,1022
9480,1022
9481,1022
9482,1022
9483,0
9484,0
9485,0
9486,0
9487,0
9488,0
9489,1022
9490,1022
9491,1022
9492,1022
9493,1022
9494,1021
9495,1022
9496,0
9497,0
9498,0
9499,0
9500,0
9501,0
9502,1022
9503,1022
9504,1022
9505,1022
9506,1022
9507,1022
9508,1022
9509,0
9510,0
9511,0
9512,0
9513,0
9514,0
9515,1022
9516,1022
9517,1022
9518,1022
9519,1022
9520,1022
9521,1021
9522,0
9523,0
9524,0
9525,0
9526,0
9527,0
9528,1022
9529,1022
9530,1022
9531,1022
9532,1022
9533,1022
9534,0
9535,0
9536,0
9537,0
9538,0
9539,0
9540,0
9541,1022
9542,1021
9543,1021
9544,1022
9545,1022
9546,1021
9547,0
9548,0
9549,0
9550,0
9551,0
9552,0
9553,0
9554,1022
9555,1022
9556,1022
9557,1022
9558,1022
9559,1022
9560,0
9561,0
9562,0
9563,0
9564,0
9565,0
9566,0
9567,1022
9568,1022
9569,1022
9570,1022
9571,1021
9572,1022
9573,0
9574,0
9575,0
9576,0
9577,0
9578,0
9579,0
9580,1022
9581,1022
9582,1022
9583,1022
9584,1022
9585,1022
9586,0
9587,0
9588,0
9589,0
9590,0
9591,0
9592,0
9593,1022
9594,1021
9595,1022
9596,1022
9597,1022
9598,1022
9599,0
9600,0
9601,0
9602,0
9603,0
9604,0
9605,0
9606,1022
9607,1022
9608,1022
9609,1022
9610,1022
9611,1022
9612,0
9613,0
9614,0
9615,0
9616,0
9617,0
9618,1021
9619,1022
9620,1022
9621,1022
9622,1022
9623,1022
9624,1022
9625,0
9626,0
9627,0
9628,0
9629,0
9630,0
9631,1022
9632,1022
9633,1022
9634,1022
9635,1022
9636,1022
9637,1022
9638,0
9639,0
9640,0
9641,0
9642,0
9643,0
9644,1022
9645,1022
9646,1022
9647,1022
9648,1022
9649,1022
9650,1022
9651,0
9652,0
9653,0
9654,0
9655,0
9656,0
9657,1022
9658,1021
9659,1021
9660,1022
9661,1022
9662,1022
9663,1022
9664,0
9665,0
9666,0
9667,0
9668,0
9669,0
9670,1022
9671,1022
9672,1022
9673,1022
9674,1022
9675,1022
9676,1022
9677,0
9678,0
9679,0
9680,0
9681,0
9682,0
9683,1022
9684,1022
9685,1022
9686,1022
9687,1022
9688,1022
9689,1022
9690,0
9691,0
9692,0
9693,0
9694,0
9695,0
9696,1021
9697,1022
9698,1022
9699,1022
9700,1022
9701,1022
9702,1021
9703,0
9704,0
9705,0
9706,0
9707,0
9708,0
9709,1022
9710,1022
9711,1023
9712,1022
9713,1022
9714,1022
9715,0
9716,0
9717,0
9718,0
9719,0
9720,0
9721,0
9722,1022
9723,1022
9724,1022
9725,1022
9726,1021
9727,1022
9728,0
9729,0
9730,0
9731,0
9732,0
9733,0
9734,0
9735,1022
9736,1022
9737,1022
9738,1022
9739,1022
9740,1021
9741,0
9742,0
9743,0
9744,0
9745,0
9746,0
9747,0
9748,1021
9749,1022
9750,1021
9751,1022
9752,1022
9753,1023
9754,0
9755,0
9756,0
9757,0
9758,0
9759,0
9760,0
9761,1021
9762,1022
9763,1022
9764,1022
9765,1022
9766,1022
9767,0
9768,0
9769,0
9770,0
9771,0
9772,0
9773,0
9774,1022
9775,1022
9776,1022
9777,1022
9778,1022
9779,1022
9780,0
9781,0
9782,0
9783,0
9784,0
9785,0
9786,0
9787,1022
9788,1022
9789,1021
9790,1022
9791,1022
9792,1022
9793,0
9794,0
9795,0
9796,0
9797,0
9798,0
9799,0
9800,1022
9801,1022
9802,1022
9803,1022
9804,1022
9805,1022
9806,0
9807,0
9808,0
9809,0
9810,0
9811,0
9812,1022
9813,1022
9814,1022
9815,1022
9816,1022
9817,1022
9818,1022
9819,0
9820,0
9821,0
9822,0
9823,0
9824,0
9825,1022
9826,1022
9827,1022
9828,1022
9829,1022
9830,1022
9831,1022
9832,0
9833,0
9834,0
9835,0
9836,0
9837,0
9838,1022
9839,1022
9840,1022
9841,1022
9842,1022
9843,1022
9844,1022
9845,0
9846,0
9847,0
9848,0
9849,0
9850,0
9851,1022
9852,1022
9853,1022
9854,1021
9855,1022
9856,1022
9857,1022
9858,0
9859,0
9860,0
9861,0
9862,0
9863,0
9864,1022
9865,1022
9866,1022
9867,1022
9868,1022
9869,1021
9870,1022
9871,0
9872,0
9873,0
9874,0
9875,0
9876,0
9877,1022
9878,1022
9879,1022
9880,1022
9881,1022
9882,1022
9883,1022
9884,0
9885,0
9886,0
9887,0
9888,0
9889,0
9890,1022
9891,1022
9892,1022
9893,1022
9894,1022
9895,1022
9896,0
9897,0
9898,0
9899,0
9900,0
9901,0
9902,0
9903,1022
9904,1021
9905,1022
9906,1022
9907,1022
9908,1022
9909,0
9910,0
9911,0
9912,0
9913,0
9914,0
9915,0
9916,1022
9917,1021
9918,1022
9919,1022
9920,1022
9921,1022
9922,0
9923,0
9924,0
9925,0
9926,0
9927,0
9928,0
9929,1022
9930,1022
9931,1022
9932,1022
9933,1022
9934,1022
9935,0
9936,0
9937,0
9938,0
9939,0
9940,0
9941,0
9942,1022
9943,1022
9944,1022
9945,1022
9946,1022
9947,1022
9948,0
9949,0
9950,0
9951,0
9952,0
9953,0
9954,0
9955,1022
9956,1023
9957,1022
9958,1022
9959,1022
9960,1023
9961,0
9962,0
9963,0
9964,0
9965,0
9966,0
9967,0
9968,1022
9969,1022
9970,1021
9971,1022
9972,1022
9973,1022
9974,0
9975,0
9976,0
9977,0
9978,0
9979,0
9980,0
9981,1022
9982,1021
9983,1023
9984,1022
9985,1022
9986,1022
9987,0
9988,0
9989,0
9990,0
9991,0
9992,0
9993,1021
9994,1021
9995,1022
9996,1022
9997,1022
9998,1022
9999,1022
10000,0
