1,1022
2,1022
3,1022
4,1022
5,1022
6,1021
7,1022
8,1022
9,0
10,0
11,0
12,0
13,0
14,0
15,0
16,0
17,0
18,1023
19,1022
20,1022
21,1022
22,1022
23,1022
24,1021
25,1022
26,1022
27,0
28,0
29,0
30,0
31,0
32,0
33,0
34,0
35,1022
36,1022
37,1022
38,1022
39,1022
40,1022
41,1022
42,1022
43,1022
44,0
45,0
46,0
47,0
48,0
49,0
50,0
51,0
52,0
53,1021
54,1022
55,1022
56,1022
57,1021
58,1022
59,1022
60,1022
61,1022
62,0
63,0
64,0
65,0
66,0
67,0
68,0
69,0
70,0
71,1022
72,1022
73,1022
74,1022
75,1022
76,1022
77,1021
78,1022
79,0
80,0
81,0
82,0
83,0
84,0
85,0
86,0
87,0
88,1022
89,1022
90,1022
91,1022
92,1022
93,1022
94,1022
95,1022
96,1022
97,0
98,0
99,0
100,0
101,0
102,0
103,0
104,0
105,0
106,1022
107,1021
108,1022
109,1022
110,1022
111,1022
112,1022
113,1022
114,0
115,0
116,0
117,0
118,0
119,0
120,0
121,0
122,0
123,1022
124,1022
125,1022
126,1022
127,1022
128,1022
129,1022
130,1022
131,1022
132,0
133,0
134,0
135,0
136,0
137,0
138,0
139,0
140,0
141,1022
142,1022
143,1022
144,1022
145,1022
146,1022
147,1022
148,1022
149,0
150,0
151,0
152,0
153,0
154,0
155,0
156,0
157,0
158,1022
159,1022
160,1022
161,1022
162,1022
163,1022
164,1022
165,1022
166,1022
167,0
168,0
169,0
170,0
171,0
172,0
173,0
174,0
175,0
176,1022
177,1022
178,1022
179,1022
180,1022
181,1022
182,1022
183,1022
184,1022
185,0
186,0
187,0
188,0
189,0
190,0
191,0
192,0
193,1022
194,1022
195,1022
196,1022
197,1022
198,1022
199,1022
200,1022
201,1022
202,0
203,0
204,0
205,0
206,0
207,0
208,0
209,0
210,0
211,1023
212,1022
213,1022
214,1022
215,1022
216,1022
217,1022
218,1022
219,1022
220,0
221,0
222,0
223,0
224,0
225,0
226,0
227,0
228,1022
229,1021
230,1023
231,1022
232,1021
233,1022
234,1022
235,1022
236,1021
237,0
238,0
239,0
240,0
241,0
242,0
243,0
244,0
245,0
246,1022
247,1022
248,1022
249,1023
250,1022
251,1022
252,1022
253,1021
254,1022
255,0
256,0
257,0
258,0
259,0
260,0
261,0
262,0
263,1022
264,1021
265,1022
266,1022
267,1022
268,1023
269,1022
270,1022
271,1022
272,0
273,0
274,0
275,0
276,0
277,0
278,0
279,0
280,0
281,1023
282,1022
283,1022
284,1022
285,1022
286,1022
287,1022
288,1022
289,1022
290,0
291,0
292,0
293,0
294,0
295,0
296,0
297,0
298,0
299,1022
300,1022
301,1022
302,1022
303,1022
304,1022
305,1022
306,1022
307,0
308,0
309,0
310,0
311,0
312,0
313,0
314,0
315,0
316,1022
317,1022
318,1022
319,1022
320,1022
321,1022
322,1022
323,1022
324,1023
325,0
326,0
327,0
328,0
329,0
330,0
331,0
332,0
333,0
334,1022
335,1022
336,1022
337,1021
338,1022
339,1022
340,1021
341,1022
342,0
343,0
344,0
345,0
346,0
347,0
348,0
349,0
350,0
351,1022
352,1022
353,1022
354,1022
355,1022
356,1022
357,1022
358,1022
359,1022
360,0
361,0
362,0
363,0
364,0
365,0
366,0
367,0
368,0
369,1022
370,1022
371,1023
372,1022
373,1022
374,1022
375,1022
376,1022
377,0
378,0
379,0
380,0
381,0
382,0
383,0
384,0
385,0
386,1022
387,1022
388,1021
389,1022
390,1022
391,1022
392,1022
393,1022
394,1022
395,0
396,0
397,0
398,0
399,0
400,0
401,0
402,0
403,0
404,1022
405,1022
406,1022
407,1022
408,1022
409,1022
410,1022
411,1022
412,0
413,0
414,0
415,0
416,0
417,0
418,0
419,0
420,0
421,1022
422,1022
423,1022
424,1022
425,1022
426,1022
427,1023
428,1022
429,1022
430,0
431,0
432,0
433,0
434,0
435,0
436,0
437,0
438,0
439,1022
440,1022
441,1022
442,1022
443,1022
444,1022
445,1022
446,1022
447,1022
448,0
449,0
450,0
451,0
452,0
453,0
454,0
455,0
456,1022
457,1022
458,1021
459,1022
460,1022
461,1022
462,1022
463,1022
464,1020
465,0
466,0
467,0
468,0
469,0
470,0
471,0
472,0
473,0
474,1022
475,1021
476,1022
477,1022
478,1021
479,1022
480,1022
481,1022
482,1022
483,0
484,0
485,0
486,0
487,0
488,0
489,0
490,0
491,1022
492,1022
493,1022
494,1022
495,1022
496,1022
497,1022
498,1022
499,1022
500,0
501,0
502,0
503,0
504,0
505,0
506,0
507,0
508,0
509,1022
510,1022
511,1022
512,1022
513,1022
514,1022
515,1022
516,1022
517,1022
518,0
519,0
520,0
521,0
522,0
523,0
524,0
525,0
526,1021
527,1022
528,1022
529,1021
530,1022
531,1022
532,1022
533,1022
534,1022
535,0
536,0
537,0
538,0
539,0
540,0
541,0
542,0
543,0
544,1022
545,1022
546,1022
547,1022
548,1022
549,1022
550,1022
551,1022
552,1022
553,0
554,0
555,0
556,0
557,0
558,0
559,0
560,0
561,0
562,1022
563,1022
564,1022
565,1022
566,1022
567,1022
568,1022
569,1022
570,0
571,0
572,0
573,0
574,0
575,0
576,0
577,0
578,0
579,1021
580,1022
581,1022
582,1022
583,1023
584,1022
585,1022
586,1022
587,1022
588,0
589,0
590,0
591,0
592,0
593,0
594,0
595,0
596,0
597,1022
598,1022
599,1022
600,1022
601,1022
602,1022
603,1022
604,1022
605,0
606,0
607,0
608,0
609,0
610,0
611,0
612,0
613,0
614,1021
615,1022
616,1022
617,1022
618,1022
619,1022
620,1023
621,1021
622,1022
623,0
624,0
625,0
626,0
627,0
628,0
629,0
630,0
631,0
632,1021
633,1022
634,1022
635,1022
636,1022
637,1022
638,1022
639,1023
640,0
641,0
642,0
643,0
644,0
645,0
646,0
647,0
648,0
649,1022
650,1022
651,1022
652,1022
653,1022
654,1022
655,1022
656,1022
657,1022
658,0
659,0
660,0
661,0
662,0
663,0
664,0
665,0
666,0
667,1021
668,1022
669,1022
670,1021
671,1022
672,1022
673,1022
674,1022
675,1022
676,0
677,0
678,0
679,0
680,0
681,0
682,0
683,0
684,1022
685,1022
686,1022
687,1022
688,1022
689,1022
690,1022
691,1022
692,1021
693,0
694,0
695,0
696,0
697,0
698,0
699,0
700,0
701,0
702,1022
703,1022
704,1022
705,1022
706,1022
707,1023
708,1022
709,1022
710,1022
711,0
712,0
713,0
714,0
715,0
716,0
717,0
718,0
719,1022
720,1022
721,1022
722,1022
723,1022
724,1022
725,1022
726,1022
727,1021
728,0
729,0
730,0
731,0
732,0
733,0
734,0
735,0
736,0
737,1022
738,1022
739,1022
740,1022
741,1021
742,1022
743,1022
744,1022
745,1022
746,0
747,0
748,0
749,0
750,0
751,0
752,0
753,0
754,1022
755,1022
756,1022
757,1022
758,1022
759,1022
760,1022
761,1021
762,1022
763,0
764,0
765,0
766,0
767,0
768,0
769,0
770,0
771,0
772,1022
773,1022
774,1022
775,1023
776,1022
777,1021
778,1022
779,1022
780,1022
781,0
782,0
783,0
784,0
785,0
786,0
787,0
788,0
789,0
790,1021
791,1022
792,1022
793,1022
794,1022
795,1022
796,1022
797,1021
798,0
799,0
800,0
801,0
802,0
803,0
804,0
805,0
806,0
807,1022
808,1022
809,1022
810,1022
811,1022
812,1022
813,1022
814,1022
815,1022
816,0
817,0
818,0
819,0
820,0
821,0
822,0
823,0
824,0
825,1022
826,1022
827,1022
828,1022
829,1022
830,1022
831,1021
832,1022
833,0
834,0
835,0
836,0
837,0
838,0
839,0
840,0
841,0
842,1022
843,1022
844,1022
845,1022
846,1022
847,1022
848,1022
849,1022
850,1022
851,0
852,0
853,0
854,0
855,0
856,0
857,0
858,0
859,0
860,1022
861,1022
862,1022
863,1022
864,1021
865,1022
866,1022
867,1022
868,0
869,0
870,0
871,0
872,0
873,0
874,0
875,0
876,0
877,1022
878,1022
879,1022
880,1022
881,1022
882,1022
883,1022
884,1022
885,1022
886,0
887,0
888,0
889,0
890,0
891,0
892,0
893,0
894,0
895,1022
896,1022
897,1022
898,1022
899,1022
900,1022
901,1021
902,1022
903,0
904,0
905,0
906,0
907,0
908,0
909,0
910,0
911,0
912,1022
913,1022
914,1022
915,1021
916,1022
917,1022
918,1022
919,1022
920,1022
921,0
922,0
923,0
924,0
925,0
926,0
927,0
928,0
929,0
930,1022
931,1022
932,1022
933,1022
934,1021
935,1023
936,1022
937,1022
938,1022
939,0
940,0
941,0
942,0
943,0
944,0
945,0
946,0
947,1022
948,1022
949,1022
950,1022
951,1022
952,1022
953,1022
954,1023
955,1022
956,0
957,0
958,0
959,0
960,0
961,0
962,0
963,0
964,0
965,1021
966,1022
967,1022
968,1022
969,1022
970,1022
971,1022
972,1021
973,1022
974,0
975,0
976,0
977,0
978,0
979,0
980,0
981,0
982,1022
983,1022
984,1022
985,1022
986,1022
987,1022
988,1022
989,1022
990,1022
991,0
992,0
993,0
994,0
995,0
996,0
997,0
998,0
999,0
1000,1022
1001,1022
1002,1022
1003,1022
1004,1022
1005,1022
1006,1022
1007,1022
1008,1022
1009,0
1010,0
1011,0
1012,0
1013,0
1014,0
1015,0
1016,0
1017,1022
1018,1022
1019,1022
1020,1022
1021,1022
1022,1022
1023,1022
1024,1022
1025,1022
1026,0
1027,0
1028,0
1029,0
1030,0
1031,0
1032,0
1033,0
1034,0
1035,1021
1036,1021
1037,1021
1038,1021
1039,1022
1040,1022
1041,1021
1042,1022
1043,1021
1044,0
1045,0
1046,0
1047,0
1048,0
1049,0
1050,0
1051,0
1052,0
1053,1022
1054,1022
1055,1022
1056,1022
1057,1022
1058,1022
1059,1022
1060,1022
1061,0
1062,0
1063,0
1064,0
1065,0
1066,0
1067,0
1068,0
1069,0
1070,1022
1071,1022
1072,1022
1073,1022
1074,1022
1075,1022
1076,1022
1077,1022
1078,1022
1079,0
1080,0
1081,0
1082,0
1083,0
1084,0
1085,0
1086,0
1087,0
1088,1022
1089,1022
1090,1022
1091,1022
1092,1022
1093,1022
1094,1022
1095,1022
1096,0
1097,0
1098,0
1099,0
1100,0
1101,0
1102,0
1103,0
1104,0
1105,1022
1106,1022
1107,1022
1108,1022
1109,1022
1110,1022
1111,1022
1112,1022
1113,1022
1114,0
1115,0
1116,0
1117,0
1118,0
1119,0
1120,0
1121,0
1122,0
1123,1022
1124,1022
1125,1022
1126,1022
1127,1022
1128,1022
1129,1022
1130,1022
1131,1022
1132,0
1133,0
1134,0
1135,0
1136,0
1137,0
1138,0
1139,0
1140,1022
1141,1022
1142,1022
1143,1022
1144,1022
1145,1022
1146,1022
1147,1022
1148,1022
1149,0
1150,0
1151,0
1152,0
1153,0
1154,0
1155,0
1156,0
1157,0
1158,1022
1159,1022
1160,1022
1161,1022
1162,1021
1163,1023
1164,1021
1165,1021
1166,1022
1167,0
1168,0
1169,0
1170,0
1171,0
1172,0
1173,0
1174,0
1175,1022
1176,1022
1177,1021
1178,1022
1179,1022
1180,1022
1181,1022
1182,1022
1183,1022
1184,0
1185,0
1186,0
1187,0
1188,0
1189,0
1190,0
1191,0
1192,0
1193,1022
1194,1022
1195,1022
1196,1022
1197,1022
1198,1022
1199,1022
1200,1022
1201,1022
1202,0
1203,0
1204,0
1205,0
1206,0
1207,0
1208,0
1209,0
1210,1022
1211,1022
1212,1022
1213,1022
1214,1022
1215,1022
1216,1022
1217,1022
1218,1022
1219,0
1220,0
1221,0
1222,0
1223,0
1224,0
1225,0
1226,0
1227,0
1228,1022
1229,1022
1230,1022
1231,1022
1232,1022
1233,1022
1234,1022
1235,1022
1236,1022
1237,0
1238,0
1239,0
1240,0
1241,0
1242,0
1243,0
1244,0
1245,1022
1246,1022
1247,1022
1248,1022
1249,1022
1250,1022
1251,1022
1252,1022
1253,1022
1254,0
1255,0
1256,0
1257,0
1258,0
1259,0
1260,0
1261,0
1262,0
1263,1023
1264,1022
1265,1022
1266,1022
1267,1021
1268,1022
1269,1022
1270,1022
1271,1022
1272,0
1273,0
1274,0
1275,0
1276,0
1277,0
1278,0
1279,0
1280,0
1281,1022
1282,1022
1283,1022
1284,1022
1285,1022
1286,1022
1287,1022
1288,1022
1289,0
1290,0
1291,0
1292,0
1293,0
1294,0
1295,0
1296,0
1297,0
1298,1022
1299,1022
1300,1022
1301,1022
1302,1022
1303,1022
1304,1022
1305,1022
1306,1022
1307,0
1308,0
1309,0
1310,0
1311,0
1312,0
1313,0
1314,0
1315,0
1316,1022
1317,1022
1318,1022
1319,1022
1320,1022
1321,1022
1322,1022
1323,1022
1324,0
1325,0
1326,0
1327,0
1328,0
1329,0
1330,0
1331,0
1332,0
1333,1022
1334,1022
1335,1022
1336,1021
1337,1022
1338,1021
1339,1021
1340,1021
1341,1022
1342,0
1343,0
1344,0
1345,0
1346,0
1347,0
1348,0
1349,0
1350,0
1351,1022
1352,1022
1353,1022
1354,1022
1355,1022
1356,1022
1357,1022
1358,1022
1359,0
1360,0
1361,0
1362,0
1363,0
1364,0
1365,0
1366,0
1367,0
1368,1022
1369,1022
1370,1022
1371,1022
1372,1022
1373,1022
1374,1021
1375,1022
1376,1022
1377,0
1378,0
1379,0
1380,0
1381,0
1382,0
1383,0
1384,0
1385,0
1386,1022
1387,1022
1388,1022
1389,1022
1390,1022
1391,1022
1392,1022
1393,1022
1394,1021
1395,0
1396,0
1397,0
1398,0
1399,0
1400,0
1401,0
1402,0
1403,1022
1404,1022
1405,1022
1406,1022
1407,1022
1408,1022
1409,1022
1410,1022
1411,1022
1412,0
1413,0
1414,0
1415,0
1416,0
1417,0
1418,0
1419,0
1420,0
1421,1022
1422,1022
1423,1022
1424,1022
1425,1022
1426,1022
1427,1022
1428,1022
1429,1022
1430,0
1431,0
1432,0
1433,0
1434,0
1435,0
1436,0
1437,0
1438,1022
1439,1022
1440,1022
1441,1022
1442,1022
1443,1023
1444,1022
1445,1022
1446,1022
1447,0
1448,0
1449,0
1450,0
1451,0
1452,0
1453,0
1454,0
1455,0
1456,1022
1457,1022
1458,1022
1459,1022
1460,1022
1461,1022
1462,1022
1463,1022
1464,1022
1465,0
1466,0
1467,0
1468,0
1469,0
1470,0
1471,0
1472,0
1473,1022
1474,1022
1475,1022
1476,1022
1477,1022
1478,1022
1479,1022
1480,1022
1481,1022
1482,0
1483,0
1484,0
1485,0
1486,0
1487,0
1488,0
1489,0
1490,0
1491,1022
1492,1022
1493,1022
1494,1022
1495,1022
1496,1022
1497,1022
1498,1022
1499,1022
1500,0
1501,0
1502,0
1503,0
1504,0
1505,0
1506,0
1507,0
1508,0
1509,1022
1510,1022
1511,1023
1512,1022
1513,1021
1514,1022
1515,1021
1516,1021
1517,0
1518,0
1519,0
1520,0
1521,0
1522,0
1523,0
1524,0
1525,0
1526,1022
1527,1022
1528,1022
1529,1022
1530,1022
1531,1022
1532,1022
1533,1022
1534,1022
1535,0
1536,0
1537,0
1538,0
1539,0
1540,0
1541,0
1542,0
1543,0
1544,1022
1545,1021
1546,1021
1547,1022
1548,1021
1549,1022
1550,1022
1551,1022
1552,0
1553,0
1554,0
1555,0
1556,0
1557,0
1558,0
1559,0
1560,0
1561,1022
1562,1022
1563,1022
1564,1022
1565,1022
1566,1022
1567,1022
1568,1021
1569,1022
1570,0
1571,0
1572,0
1573,0
1574,0
1575,0
1576,0
1577,0
1578,0
1579,1022
1580,1023
1581,1022
1582,1022
1583,1022
1584,1022
1585,1022
1586,1022
1587,0
1588,0
1589,0
1590,0
1591,0
1592,0
1593,0
1594,0
1595,0
1596,1021
1597,1021
1598,1021
1599,1021
1600,1022
1601,1022
1602,1022
1603,1022
1604,1022
1605,0
1606,0
1607,0
1608,0
1609,0
1610,0
1611,0
1612,0
1613,0
1614,1022
1615,1022
1616,1022
1617,1022
1618,1022
1619,1022
1620,1022
1621,1022
1622,0
1623,0
1624,0
1625,0
1626,0
1627,0
1628,0
1629,0
1630,0
1631,1022
1632,1022
1633,1022
1634,1022
1635,1022
1636,1022
1637,1022
1638,1022
1639,1022
1640,0
1641,0
1642,0
1643,0
1644,0
1645,0
1646,0
1647,0
1648,0
1649,1022
1650,1022
1651,1022
1652,1022
1653,1022
1654,1022
1655,1022
1656,1022
1657,1022
1658,0
1659,0
1660,0
1661,0
1662,0
1663,0
1664,0
1665,0
1666,1022
1667,1022
1668,1022
1669,1022
1670,1022
1671,1022
1672,1022
1673,1022
1674,1022
1675,0
1676,0
1677,0
1678,0
1679,0
1680,0
1681,0
1682,0
1683,0
1684,1022
1685,1023
1686,1022
1687,1022
1688,1021
1689,1022
1690,1021
1691,1021
1692,1022
1693,0
1694,0
1695,0
1696,0
1697,0
1698,0
1699,0
1700,0
1701,1022
1702,1022
1703,1022
1704,1022
1705,1022
1706,1022
1707,1022
1708,1022
1709,1022
1710,0
1711,0
1712,0
1713,0
1714,0
1715,0
1716,0
1717,0
1718,0
1719,1022
1720,1022
1721,1022
1722,1022
1723,1022
1724,1022
1725,1022
1726,1022
1727,1022
1728,0
1729,0
1730,0
1731,0
1732,0
1733,0
1734,0
1735,0
1736,1022
1737,1022
1738,1022
1739,1022
1740,1022
1741,1022
1742,1022
1743,1022
1744,1022
1745,0
1746,0
1747,0
1748,0
1749,0
1750,0
1751,0
1752,0
1753,0
1754,1022
1755,1022
1756,1022
1757,1022
1758,1022
1759,1022
1760,1022
1761,1022
1762,1022
1763,0
1764,0
1765,0
1766,0
1767,0
1768,0
1769,0
1770,0
1771,0
1772,1022
1773,1022
1774,1022
1775,1021
1776,1022
1777,1022
1778,1022
1779,1022
1780,0
1781,0
1782,0
1783,0
1784,0
1785,0
1786,0
1787,0
1788,0
1789,1022
1790,1022
1791,1022
1792,1022
1793,1022
1794,1022
1795,1022
1796,1022
1797,1022
1798,0
1799,0
1800,0
1801,0
1802,0
1803,0
1804,0
1805,0
1806,0
1807,1022
1808,1022
1809,1022
1810,1022
1811,1022
1812,1022
1813,1022
1814,1022
1815,0
1816,0
1817,0
1818,0
1819,0
1820,0
1821,0
1822,0
1823,0
1824,1023
1825,1022
1826,1022
1827,1022
1828,1022
1829,1022
1830,1022
1831,1022
1832,1022
1833,0
1834,0
1835,0
1836,0
1837,0
1838,0
1839,0
1840,0
1841,0
1842,1022
1843,1022
1844,1022
1845,1021
1846,1021
1847,1022
1848,1022
1849,1022
1850,0
1851,0
1852,0
1853,0
1854,0
1855,0
1856,0
1857,0
1858,0
1859,1022
1860,1023
1861,1022
1862,1022
1863,1022
1864,1021
1865,1022
1866,1022
1867,1021
1868,0
1869,0
1870,0
1871,0
1872,0
1873,0
1874,0
1875,0
1876,0
1877,1022
1878,1022
1879,1022
1880,1022
1881,1022
1882,1022
1883,1022
1884,1022
1885,1022
1886,0
1887,0
1888,0
1889,0
1890,0
1891,0
1892,0
1893,0
1894,1022
1895,1022
1896,1022
1897,1023
1898,1022
1899,1023
1900,1022
1901,1023
1902,1022
1903,0
1904,0
1905,0
1906,0
1907,0
1908,0
1909,0
1910,0
1911,0
1912,1022
1913,1022
1914,1022
1915,1022
1916,1022
1917,1022
1918,1022
1919,1022
1920,1022
1921,0
1922,0
1923,0
1924,0
1925,0
1926,0
1927,0
1928,0
1929,1022
1930,1022
1931,1022
1932,1022
1933,1022
1934,1022
1935,1022
1936,1022
1937,1022
1938,0
1939,0
1940,0
1941,0
1942,0
1943,0
1944,0
1945,0
1946,0
1947,1022
1948,1022
1949,1022
1950,1022
1951,1022
1952,1022
1953,1022
1954,1022
1955,1022
1956,0
1957,0
1958,0
1959,0
1960,0
1961,0
1962,0
1963,0
1964,1022
1965,1022
1966,1022
1967,1022
1968,1022
1969,1021
1970,1022
1971,1022
1972,1022
1973,0
1974,0
1975,0
1976,0
1977,0
1978,0
1979,0
1980,0
1981,0
1982,1022
1983,1022
1984,1022
1985,1022
1986,1022
1987,1022
1988,1022
1989,1022
1990,1022
1991,0
1992,0
1993,0
1994,0
1995,0
1996,0
1997,0
1998,0
1999,1022
2000,1022
2001,1022
2002,1022
2003,1022
2004,1022
2005,1022
2006,1022
2007,1022
2008,0
2009,0
2010,0
2011,0
2012,0
2013,0
2014,0
2015,0
2016,0
2017,1022
2018,1022
2019,1022
2020,1022
2021,1021
2022,1022
2023,1022
2024,1022
2025,1022
2026,0
2027,0
2028,0
2029,0
2030,0
2031,0
2032,0
2033,0
2034,0
2035,1022
2036,1022
2037,1022
2038,1022
2039,1022
2040,1022
2041,1022
2042,1022
2043,0
2044,0
2045,0
2046,0
2047,0
2048,0
2049,0
2050,0
2051,0
2052,1021
2053,1022
2054,1022
2055,1022
2056,1022
2057,1022
2058,1022
2059,1022
2060,1022
2061,0
2062,0
2063,0
2064,0
2065,0
2066,0
2067,0
2068,0
2069,0
2070,1022
2071,1022
2072,1022
2073,1022
2074,1022
2075,1022
2076,1022
2077,1022
2078,0
2079,0
2080,0
2081,0
2082,0
2083,0
2084,0
2085,0
2086,0
2087,1022
2088,1022
2089,1022
2090,1021
2091,1022
2092,1021
2093,1022
2094,1022
2095,1022
2096,0
2097,0
2098,0
2099,0
2100,0
2101,0
2102,0
2103,0
2104,0
2105,1023
2106,1022
2107,1022
2108,1022
2109,1022
2110,1022
2111,1021
2112,1021
2113,1022
2114,0
2115,0
2116,0
2117,0
2118,0
2119,0
2120,0
2121,0
2122,1022
2123,1022
2124,1022
2125,1022
2126,1022
2127,1022
2128,1022
2129,1022
2130,1022
2131,0
2132,0
2133,0
2134,0
2135,0
2136,0
2137,0
2138,0
2139,0
2140,1021
2141,1022
2142,1021
2143,1022
2144,1022
2145,1022
2146,1023
2147,1022
2148,1022
2149,0
2150,0
2151,0
2152,0
2153,0
2154,0
2155,0
2156,0
2157,1022
2158,1022
2159,1022
2160,1023
2161,1022
2162,1022
2163,1022
2164,1022
2165,1023
2166,0
2167,0
2168,0
2169,0
2170,0
2171,0
2172,0
2173,0
2174,0
2175,1022
2176,1023
2177,1022
2178,1022
2179,1022
2180,1022
2181,1022
2182,1022
2183,1021
2184,0
2185,0
2186,0
2187,0
2188,0
2189,0
2190,0
2191,0
2192,1022
2193,1022
2194,1022
2195,1022
2196,1022
2197,1021
2198,1022
2199,1022
2200,1022
2201,0
2202,0
2203,0
2204,0
2205,0
2206,0
2207,0
2208,0
2209,0
2210,1022
2211,1022
2212,1022
2213,1021
2214,1021
2215,1022
2216,1021
2217,1022
2218,1021
2219,0
2220,0
2221,0
2222,0
2223,0
2224,0
2225,0
2226,0
2227,0
2228,1022
2229,1022
2230,1022
2231,1022
2232,1022
2233,1022
2234,1022
2235,1022
2236,0
2237,0
2238,0
2239,0
2240,0
2241,0
2242,0
2243,0
2244,0
2245,1022
2246,1022
2247,1022
2248,1022
2249,1022
2250,1022
2251,1022
2252,1022
2253,1022
2254,0
2255,0
2256,0
2257,0
2258,0
2259,0
2260,0
2261,0
2262,0
2263,1022
2264,1022
2265,1022
2266,1021
2267,1022
2268,1022
2269,1022
2270,1022
2271,0
2272,0
2273,0
2274,0
2275,0
2276,0
2277,0
2278,0
2279,0
2280,1022
2281,1022
2282,1022
2283,1022
2284,1022
2285,1022
2286,1022
2287,1022
2288,1022
2289,0
2290,0
2291,0
2292,0
2293,0
2294,0
2295,0
2296,0
2297,0
2298,1022
2299,1022
2300,1022
2301,1022
2302,1022
2303,1022
2304,1022
2305,1022
2306,0
2307,0
2308,0
2309,0
2310,0
2311,0
2312,0
2313,0
2314,0
2315,1021
2316,1022
2317,1021
2318,1022
2319,1022
2320,1022
2321,1022
2322,1022
2323,1022
2324,0
2325,0
2326,0
2327,0
2328,0
2329,0
2330,0
2331,0
2332,0
2333,1022
2334,1022
2335,1022
2336,1022
2337,1022
2338,1022
2339,1022
2340,1022
2341,0
2342,0
2343,0
2344,0
2345,0
2346,0
2347,0
2348,0
2349,0
2350,1021
2351,1022
2352,1022
2353,1022
2354,1022
2355,1022
2356,1022
2357,1022
2358,1022
2359,0
2360,0
2361,0
2362,0
2363,0
2364,0
2365,0
2366,0
2367,0
2368,1023
2369,1023
2370,1022
2371,1022
2372,1022
2373,1022
2374,1022
2375,1022
2376,1022
2377,0
2378,0
2379,0
2380,0
2381,0
2382,0
2383,0
2384,0
2385,1022
2386,1022
2387,1022
2388,1022
2389,1022
2390,1022
2391,1022
2392,1022
2393,1022
2394,0
2395,0
2396,0
2397,0
2398,0
2399,0
2400,0
2401,0
2402,0
2403,1021
2404,1021
2405,1021
2406,1021
2407,1021
2408,1022
2409,1021
2410,1021
2411,1022
2412,0
2413,0
2414,0
2415,0
2416,0
2417,0
2418,0
2419,0
2420,1022
2421,1022
2422,1022
2423,1022
2424,1022
2425,1022
2426,1022
2427,1022
2428,1022
2429,0
2430,0
2431,0
2432,0
2433,0
2434,0
2435,0
2436,0
2437,0
2438,1022
2439,1022
2440,1022
2441,1022
2442,1022
2443,1022
2444,1022
2445,1022
2446,1022
2447,0
2448,0
2449,0
2450,0
2451,0
2452,0
2453,0
2454,0
2455,1022
2456,1021
2457,1022
2458,1022
2459,1022
2460,1021
2461,1022
2462,1022
2463,1022
2464,0
2465,0
2466,0
2467,0
2468,0
2469,0
2470,0
2471,0
2472,0
2473,1022
2474,1021
2475,1021
2476,1021
2477,1022
2478,1021
2479,1022
2480,1022
2481,1022
2482,0
2483,0
2484,0
2485,0
2486,0
2487,0
2488,0
2489,0
2490,0
2491,1022
2492,1022
2493,1022
2494,1023
2495,1022
2496,1022
2497,1021
2498,1022
2499,0
2500,0
2501,0
2502,0
2503,0
2504,0
2505,0
2506,0
2507,0
2508,1022
2509,1022
2510,1022
2511,1022
2512,1022
2513,1022
2514,1022
2515,1022
2516,1022
2517,0
2518,0
2519,0
2520,0
2521,0
2522,0
2523,0
2524,0
2525,0
2526,1022
2527,1022
2528,1022
2529,1022
2530,1022
2531,1022
2532,1022
2533,1022
2534,0
2535,0
2536,0
2537,0
2538,0
2539,0
2540,0
2541,0
2542,0
2543,1022
2544,1022
2545,1022
2546,1022
2547,1022
2548,1022
2549,1022
2550,1022
2551,1022
2552,0
2553,0
2554,0
2555,0
2556,0
2557,0
2558,0
2559,0
2560,0
2561,1021
2562,1022
2563,1022
2564,1022
2565,1022
2566,1022
2567,1022
2568,1022
2569,0
2570,0
2571,0
2572,0
2573,0
2574,0
2575,0
2576,0
2577,0
2578,1022
2579,1022
2580,1022
2581,1022
2582,1022
2583,1022
2584,1022
2585,1022
2586,1022
2587,0
2588,0
2589,0
2590,0
2591,0
2592,0
2593,0
2594,0
2595,0
2596,1022
2597,1022
2598,1022
2599,1022
2600,1022
2601,1022
2602,1022
2603,1021
2604,0
2605,0
2606,0
2607,0
2608,0
2609,0
2610,0
2611,0
2612,0
2613,1022
2614,1022
2615,1022
2616,1022
2617,1022
2618,1022
2619,1022
2620,1022
2621,1022
2622,0
2623,0
2624,0
2625,0
2626,0
2627,0
2628,0
2629,0
2630,0
2631,1022
2632,1022
2633,1022
2634,1022
2635,1022
2636,1022
2637,1022
2638,1022
2639,1022
2640,0
2641,0
2642,0
2643,0
2644,0
2645,0
2646,0
2647,0
2648,1022
2649,1022
2650,1022
2651,1022
2652,1022
2653,1022
2654,1022
2655,1021
2656,1021
2657,0
2658,0
2659,0
2660,0
2661,0
2662,0
2663,0
2664,0
2665,0
2666,1022
2667,1022
2668,1022
2669,1022
2670,1022
2671,1022
2672,1022
2673,1022
2674,1022
2675,0
2676,0
2677,0
2678,0
2679,0
2680,0
2681,0
2682,0
2683,1022
2684,1022
2685,1022
2686,1022
2687,1022
2688,1022
2689,1022
2690,1022
2691,1021
2692,0
2693,0
2694,0
2695,0
2696,0
2697,0
2698,0
2699,0
2700,0
2701,1022
2702,1022
2703,1022
2704,1022
2705,1021
2706,1022
2707,1022
2708,1022
2709,1022
2710,0
2711,0
2712,0
2713,0
2714,0
2715,0
2716,0
2717,0
2718,1022
2719,1022
2720,1022
2721,1022
2722,1022
2723,1022
2724,1022
2725,1022
2726,1022
2727,0
2728,0
2729,0
2730,0
2731,0
2732,0
2733,0
2734,0
2735,0
2736,1022
2737,1022
2738,1022
2739,1022
2740,1021
2741,1022
2742,1022
2743,1023
2744,1022
2745,0
2746,0
2747,0
2748,0
2749,0
2750,0
2751,0
2752,0
2753,0
2754,1023
2755,1021
2756,1022
2757,1022
2758,1022
2759,1022
2760,1022
2761,1022
2762,0
2763,0
2764,0
2765,0
2766,0
2767,0
2768,0
2769,0
2770,0
2771,1022
2772,1022
2773,1022
2774,1022
2775,1022
2776,1022
2777,1022
2778,1022
2779,1022
2780,0
2781,0
2782,0
2783,0
2784,0
2785,0
2786,0
2787,0
2788,0
2789,1022
2790,1022
2791,1022
2792,1022
2793,1022
2794,1021
2795,1022
2796,1022
2797,0
2798,0
2799,0
2800,0
2801,0
2802,0
2803,0
2804,0
2805,0
2806,1022
2807,1023
2808,1022
2809,1022
2810,1022
2811,1021
2812,1022
2813,1022
2814,1022
2815,0
2816,0
2817,0
2818,0
2819,0
2820,0
2821,0
2822,0
2823,0
2824,1022
2825,1022
2826,1022
2827,1022
2828,1022
2829,1022
2830,1022
2831,1022
2832,0
2833,0
2834,0
2835,0
2836,0
2837,0
2838,0
2839,0
2840,0
2841,1022
2842,1021
2843,1022
2844,1022
2845,1022
2846,1022
2847,1022
2848,1022
2849,1022
2850,0
2851,0
2852,0
2853,0
2854,0
2855,0
2856,0
2857,0
2858,0
2859,1022
2860,1022
2861,1022
2862,1022
2863,1022
2864,1022
2865,1022
2866,1022
2867,1022
2868,0
2869,0
2870,0
2871,0
2872,0
2873,0
2874,0
2875,0
2876,1022
2877,1021
2878,1022
2879,1022
2880,1022
2881,1022
2882,1022
2883,1022
2884,1022
2885,0
2886,0
2887,0
2888,0
2889,0
2890,0
2891,0
2892,0
2893,0
2894,1021
2895,1022
2896,1022
2897,1022
2898,1022
2899,1022
2900,1022
2901,1022
2902,1022
2903,0
2904,0
2905,0
2906,0
2907,0
2908,0
2909,0
2910,0
2911,1022
2912,1022
2913,1022
2914,1022
2915,1022
2916,1022
2917,1022
2918,1022
2919,1022
2920,0
2921,0
2922,0
2923,0
2924,0
2925,0
2926,0
2927,0
2928,0
2929,1022
2930,1022
2931,1022
2932,1022
2933,1022
2934,1022
2935,1022
2936,1022
2937,1022
2938,0
2939,0
2940,0
2941,0
2942,0
2943,0
2944,0
2945,0
2946,1022
2947,1021
2948,1022
2949,1022
2950,1022
2951,1022
2952,1022
2953,1022
2954,1022
2955,0
2956,0
2957,0
2958,0
2959,0
2960,0
2961,0
2962,0
2963,0
2964,1022
2965,1021
2966,1022
2967,1022
2968,1022
2969,1022
2970,1022
2971,1022
2972,1021
2973,0
2974,0
2975,0
2976,0
2977,0
2978,0
2979,0
2980,0
2981,0
2982,1022
2983,1022
2984,1022
2985,1022
2986,1022
2987,1022
2988,1022
2989,1022
2990,0
2991,0
2992,0
2993,0
2994,0
2995,0
2996,0
2997,0
2998,0
2999,1022
3000,1022
3001,1022
3002,1022
3003,1022
3004,1022
3005,1022
3006,1022
3007,1022
3008,0
3009,0
3010,0
3011,0
3012,0
3013,0
3014,0
3015,0
3016,0
3017,1022
3018,1022
3019,1022
3020,1022
3021,1022
3022,1022
3023,1022
3024,1022
3025,0
3026,0
3027,0
3028,0
3029,0
3030,0
3031,0
3032,0
3033,0
3034,1022
3035,1022
3036,1022
3037,1022
3038,1022
3039,1022
3040,1022
3041,1021
3042,1022
3043,0
3044,0
3045,0
3046,0
3047,0
3048,0
3049,0
3050,0
3051,0
3052,1022
3053,1022
3054,1022
3055,1022
3056,1022
3057,1022
3058,1021
3059,1021
3060,0
3061,0
3062,0
3063,0
3064,0
3065,0
3066,0
3067,0
3068,0
3069,1022
3070,1022
3071,1022
3072,1022
3073,1022
3074,1022
3075,1022
3076,1022
3077,1021
3078,0
3079,0
3080,0
3081,0
3082,0
3083,0
3084,0
3085,0
3086,0
3087,1022
3088,1022
3089,1022
3090,1022
3091,1022
3092,1022
3093,1022
3094,1022
3095,1022
3096,0
3097,0
3098,0
3099,0
3100,0
3101,0
3102,0
3103,0
3104,1022
3105,1022
3106,1022
3107,1022
3108,1022
3109,1022
3110,1022
3111,1022
3112,1022
3113,0
3114,0
3115,0
3116,0
3117,0
3118,0
3119,0
3120,0
3121,0
3122,1022
3123,1022
3124,1022
3125,1022
3126,1022
3127,1022
3128,1022
3129,1022
3130,1022
3131,0
3132,0
3133,0
3134,0
3135,0
3136,0
3137,0
3138,0
3139,1021
3140,1021
3141,1022
3142,1022
3143,1022
3144,1022
3145,1022
3146,1022
3147,1022
3148,0
3149,0
3150,0
3151,0
3152,0
3153,0
3154,0
3155,0
3156,0
3157,1022
3158,1022
3159,1022
3160,1022
3161,1023
3162,1022
3163,1022
3164,1022
3165,1022
3166,0
3167,0
3168,0
3169,0
3170,0
3171,0
3172,0
3173,0
3174,1022
3175,1022
3176,1022
3177,1023
3178,1022
3179,1022
3180,1022
3181,1022
3182,1022
3183,0
3184,0
3185,0
3186,0
3187,0
3188,0
3189,0
3190,0
3191,0
3192,1022
3193,1022
3194,1022
3195,1022
3196,1022
3197,1022
3198,1022
3199,1022
3200,1022
3201,0
3202,0
3203,0
3204,0
3205,0
3206,0
3207,0
3208,0
3209,1021
3210,1021
3211,1021
3212,1021
3213,1022
3214,1022
3215,1022
3216,1022
3217,1022
3218,0
3219,0
3220,0
3221,0
3222,0
3223,0
3224,0
3225,0
3226,0
3227,1022
3228,1022
3229,1022
3230,1022
3231,1022
3232,1023
3233,1022
3234,1022
3235,1022
3236,0
3237,0
3238,0
3239,0
3240,0
3241,0
3242,0
3243,0
3244,0
3245,1022
3246,1021
3247,1022
3248,1022
3249,1022
3250,1022
3251,1022
3252,1022
3253,0
3254,0
3255,0
3256,0
3257,0
3258,0
3259,0
3260,0
3261,0
3262,1022
3263,1022
3264,1021
3265,1021
3266,1021
3267,1022
3268,1022
3269,1022
3270,1022
3271,0
3272,0
3273,0
3274,0
3275,0
3276,0
3277,0
3278,0
3279,0
3280,1022
3281,1022
3282,1022
3283,1022
3284,1022
3285,1022
3286,1022
3287,1022
3288,0
3289,0
3290,0
3291,0
3292,0
3293,0
3294,0
3295,0
3296,0
3297,1022
3298,1022
3299,1022
3300,1022
3301,1022
3302,1022
3303,1022
3304,1022
3305,1022
3306,0
3307,0
3308,0
3309,0
3310,0
3311,0
3312,0
3313,0
3314,0
3315,1022
3316,1022
3317,1022
3318,1022
3319,1022
3320,1022
3321,1022
3322,1022
3323,0
3324,0
3325,0
3326,0
3327,0
3328,0
3329,0
3330,0
3331,0
3332,1021
3333,1022
3334,1022
3335,1022
3336,1022
3337,1022
3338,1022
3339,1022
3340,1022
3341,0
3342,0
3343,0
3344,0
3345,0
3346,0
3347,0
3348,0
3349,0
3350,1022
3351,1022
3352,1022
3353,1022
3354,1022
3355,1022
3356,1022
3357,1022
3358,1022
3359,0
3360,0
3361,0
3362,0
3363,0
3364,0
3365,0
3366,0
3367,1022
3368,1022
3369,1022
3370,1022
3371,1022
3372,1022
3373,1022
3374,1022
3375,1022
3376,0
3377,0
3378,0
3379,0
3380,0
3381,0
3382,0
3383,0
3384,0
3385,1022
3386,1022
3387,1022
3388,1022
3389,1022
3390,1022
3391,1022
3392,1022
3393,1022
3394,0
3395,0
3396,0
3397,0
3398,0
3399,0
3400,0
3401,0
3402,1022
3403,1022
3404,1022
3405,1022
3406,1022
3407,1022
3408,1022
3409,1022
3410,1022
3411,0
3412,0
3413,0
3414,0
3415,0
3416,0
3417,0
3418,0
3419,0
3420,1022
3421,1022
3422,1021
3423,1022
3424,1022
3425,1022
3426,1022
3427,1022
3428,1022
3429,0
3430,0
3431,0
3432,0
3433,0
3434,0
3435,0
3436,0
3437,1022
3438,1022
3439,1022
3440,1022
3441,1022
3442,1022
3443,1022
3444,1022
3445,1022
3446,0
3447,0
3448,0
3449,0
3450,0
3451,0
3452,0
3453,0
3454,0
3455,1022
3456,1022
3457,1021
3458,1023
3459,1022
3460,1022
3461,1021
3462,1022
3463,1022
3464,0
3465,0
3466,0
3467,0
3468,0
3469,0
3470,0
3471,0
3472,0
3473,1022
3474,1022
3475,1022
3476,1021
3477,1022
3478,1022
3479,1022
3480,1022
3481,0
3482,0
3483,0
3484,0
3485,0
3486,0
3487,0
3488,0
3489,0
3490,1022
3491,1022
3492,1022
3493,1022
3494,1022
3495,1022
3496,1022
3497,1022
3498,1022
3499,0
3500,0
3501,0
3502,0
3503,0
3504,0
3505,0
3506,0
3507,0
3508,1022
3509,1022
3510,1022
3511,1022
3512,1022
3513,1022
3514,1023
3515,1022
3516,0
3517,0
3518,0
3519,0
3520,0
3521,0
3522,0
3523,0
3524,0
3525,1022
3526,1022
3527,1022
3528,1022
3529,1022
3530,1022
3531,1022
3532,1022
3533,1023
3534,0
3535,0
3536,0
3537,0
3538,0
3539,0
3540,0
3541,0
3542,0
3543,1022
3544,1022
3545,1022
3546,1022
3547,1022
3548,1022
3549,1021
3550,1022
3551,0
3552,0
3553,0
3554,0
3555,0
3556,0
3557,0
3558,0
3559,0
3560,1022
3561,1022
3562,1022
3563,1022
3564,1022
3565,1022
3566,1022
3567,1022
3568,1022
3569,0
3570,0
3571,0
3572,0
3573,0
3574,0
3575,0
3576,0
3577,0
3578,1022
3579,1022
3580,1022
3581,1022
3582,1022
3583,1022
3584,1022
3585,1022
3586,0
3587,0
3588,0
3589,0
3590,0
3591,0
3592,0
3593,0
3594,0
3595,1022
3596,1022
3597,1022
3598,1022
3599,1022
3600,1022
3601,1022
3602,1022
3603,1022
3604,0
3605,0
3606,0
3607,0
3608,0
3609,0
3610,0
3611,0
3612,0
3613,1022
3614,1022
3615,1023
3616,1022
3617,1021
3618,1022
3619,1022
3620,1021
3621,1021
3622,0
3623,0
3624,0
3625,0
3626,0
3627,0
3628,0
3629,0
3630,1022
3631,1022
3632,1022
3633,1022
3634,1022
3635,1022
3636,1022
3637,1022
3638,1022
3639,0
3640,0
3641,0
3642,0
3643,0
3644,0
3645,0
3646,0
3647,0
3648,1022
3649,1022
3650,1022
3651,1022
3652,1022
3653,1023
3654,1022
3655,1022
3656,1022
3657,0
3658,0
3659,0
3660,0
3661,0
3662,0
3663,0
3664,0
3665,1021
3666,1022
3667,1021
3668,1022
3669,1022
3670,1021
3671,1022
3672,1022
3673,1022
3674,0
3675,0
3676,0
3677,0
3678,0
3679,0
3680,0
3681,0
3682,0
3683,1022
3684,1022
3685,1022
3686,1022
3687,1022
3688,1022
3689,1022
3690,1022
3691,1022
3692,0
3693,0
3694,0
3695,0
3696,0
3697,0
3698,0
3699,0
3700,0
3701,1022
3702,1022
3703,1022
3704,1022
3705,1022
3706,1022
3707,1022
3708,1022
3709,0
3710,0
3711,0
3712,0
3713,0
3714,0
3715,0
3716,0
3717,0
3718,1021
3719,1022
3720,1022
3721,1022
3722,1022
3723,1022
3724,1022
3725,1022
3726,1022
3727,0
3728,0
3729,0
3730,0
3731,0
3732,0
3733,0
3734,0
3735,0
3736,1022
3737,1022
3738,1022
3739,1022
3740,1022
3741,1022
3742,1022
3743,1022
3744,0
3745,0
3746,0
3747,0
3748,0
3749,0
3750,0
3751,0
3752,0
3753,1022
3754,1023
3755,1022
3756,1022
3757,1022
3758,1022
3759,1022
3760,1022
3761,1022
3762,0
3763,0
3764,0
3765,0
3766,0
3767,0
3768,0
3769,0
3770,0
3771,1022
3772,1022
3773,1022
3774,1022
3775,1022
3776,1022
3777,1022
3778,1022
3779,0
3780,0
3781,0
3782,0
3783,0
3784,0
3785,0
3786,0
3787,0
3788,1022
3789,1022
3790,1022
3791,1022
3792,1022
3793,1022
3794,1022
3795,1022
3796,1022
3797,0
3798,0
3799,0
3800,0
3801,0
3802,0
3803,0
3804,0
3805,0
3806,1022
3807,1022
3808,1022
3809,1022
3810,1022
3811,1022
3812,1022
3813,1022
3814,0
3815,0
3816,0
3817,0
3818,0
3819,0
3820,0
3821,0
3822,0
3823,1022
3824,1022
3825,1022
3826,1022
3827,1022
3828,1022
3829,1022
3830,1022
3831,1022
3832,0
3833,0
3834,0
3835,0
3836,0
3837,0
3838,0
3839,0
3840,0
3841,1022
3842,1022
3843,1022
3844,1022
3845,1022
3846,1022
3847,1021
3848,1022
3849,1022
3850,0
3851,0
3852,0
3853,0
3854,0
3855,0
3856,0
3857,0
3858,1022
3859,1022
3860,1022
3861,1022
3862,1022
3863,1022
3864,1022
3865,1022
3866,1022
3867,0
3868,0
3869,0
3870,0
3871,0
3872,0
3873,0
3874,0
3875,0
3876,1021
3877,1022
3878,1022
3879,1022
3880,1022
3881,1022
3882,1022
3883,1022
3884,1022
3885,0
3886,0
3887,0
3888,0
3889,0
3890,0
3891,0
3892,0
3893,1022
3894,1022
3895,1022
3896,1022
3897,1022
3898,1022
3899,1022
3900,1022
3901,1022
3902,0
3903,0
3904,0
3905,0
3906,0
3907,0
3908,0
3909,0
3910,0
3911,1022
3912,1022
3913,1022
3914,1022
3915,1022
3916,1022
3917,1022
3918,1022
3919,1022
3920,0
3921,0
3922,0
3923,0
3924,0
3925,0
3926,0
3927,0
3928,1022
3929,1022
3930,1022
3931,1022
3932,1022
3933,1022
3934,1022
3935,1022
3936,1022
3937,0
3938,0
3939,0
3940,0
3941,0
3942,0
3943,0
3944,0
3945,0
3946,1022
3947,1022
3948,1022
3949,1022
3950,1022
3951,1022
3952,1022
3953,1022
3954,1022
3955,0
3956,0
3957,0
3958,0
3959,0
3960,0
3961,0
3962,0
3963,0
3964,1021
3965,1021
3966,1022
3967,1022
3968,1021
3969,1022
3970,1022
3971,1022
3972,0
3973,0
3974,0
3975,0
3976,0
3977,0
3978,0
3979,0
3980,0
3981,1021
3982,1022
3983,1022
3984,1022
3985,1022
3986,1022
3987,1022
3988,1022
3989,1022
3990,0
3991,0
3992,0
3993,0
3994,0
3995,0
3996,0
3997,0
3998,0
3999,1022
4000,1022
4001,1022
4002,1022
4003,1022
4004,1022
4005,1022
4006,1022
4007,0
4008,0
4009,0
4010,0
4011,0
4012,0
4013,0
4014,0
4015,0
4016,1021
4017,1022
4018,1022
4019,1022
4020,1022
4021,1022
4022,1022
4023,1022
4024,1022
4025,0
4026,0
4027,0
4028,0
4029,0
4030,0
4031,0
4032,0
4033,0
4034,1022
4035,1022
4036,1022
4037,1021
4038,1022
4039,1021
4040,1022
4041,1022
4042,0
4043,0
4044,0
4045,0
4046,0
4047,0
4048,0
4049,0
4050,0
4051,1022
4052,1022
4053,1022
4054,1022
4055,1022
4056,1022
4057,1022
4058,1022
4059,1022
4060,0
4061,0
4062,0
4063,0
4064,0
4065,0
4066,0
4067,0
4068,0
4069,1022
4070,1022
4071,1022
4072,1022
4073,1022
4074,1022
4075,1022
4076,1022
4077,1022
4078,0
4079,0
4080,0
4081,0
4082,0
4083,0
4084,0
4085,0
4086,1022
4087,1022
4088,1022
4089,1022
4090,1022
4091,1022
4092,1022
4093,1022
4094,1022
4095,0
4096,0
4097,0
4098,0
4099,0
4100,0
4101,0
4102,0
4103,0
4104,1022
4105,1021
4106,1022
4107,1022
4108,1023
4109,1022
4110,1022
4111,1022
4112,1022
4113,0
4114,0
4115,0
4116,0
4117,0
4118,0
4119,0
4120,0
4121,1022
4122,1021
4123,1022
4124,1021
4125,1022
4126,1022
4127,1022
4128,1022
4129,1022
4130,0
4131,0
4132,0
4133,0
4134,0
4135,0
4136,0
4137,0
4138,0
4139,1021
4140,1022
4141,1022
4142,1021
4143,1022
4144,1022
4145,1022
4146,1022
4147,1021
4148,0
4149,0
4150,0
4151,0
4152,0
4153,0
4154,0
4155,0
4156,1021
4157,1022
4158,1022
4159,1022
4160,1022
4161,1022
4162,1022
4163,1022
4164,1022
4165,0
4166,0
4167,0
4168,0
4169,0
4170,0
4171,0
4172,0
4173,0
4174,1021
4175,1022
4176,1022
4177,1022
4178,1022
4179,1022
4180,1021
4181,1022
4182,1022
4183,0
4184,0
4185,0
4186,0
4187,0
4188,0
4189,0
4190,0
4191,0
4192,1021
4193,1022
4194,1021
4195,1021
4196,1022
4197,1022
4198,1021
4199,1022
4200,0
4201,0
4202,0
4203,0
4204,0
4205,0
4206,0
4207,0
4208,0
4209,1022
4210,1022
4211,1022
4212,1022
4213,1022
4214,1022
4215,1022
4216,1022
4217,1022
4218,0
4219,0
4220,0
4221,0
4222,0
4223,0
4224,0
4225,0
4226,0
4227,1022
4228,1022
4229,1022
4230,1022
4231,1022
4232,1022
4233,1022
4234,1022
4235,0
4236,0
4237,0
4238,0
4239,0
4240,0
4241,0
4242,0
4243,0
4244,1022
4245,1022
4246,1022
4247,1022
4248,1022
4249,1022
4250,1022
4251,1022
4252,1022
4253,0
4254,0
4255,0
4256,0
4257,0
4258,0
4259,0
4260,0
4261,0
4262,1022
4263,1022
4264,1022
4265,1023
4266,1022
4267,1023
4268,1021
4269,1022
4270,0
4271,0
4272,0
4273,0
4274,0
4275,0
4276,0
4277,0
4278,0
4279,1022
4280,1022
4281,1022
4282,1022
4283,1022
4284,1022
4285,1022
4286,1022
4287,1022
4288,0
4289,0
4290,0
4291,0
4292,0
4293,0
4294,0
4295,0
4296,0
4297,1022
4298,1022
4299,1022
4300,1022
4301,1022
4302,1022
4303,1022
4304,1022
4305,0
4306,0
4307,0
4308,0
4309,0
4310,0
4311,0
4312,0
4313,0
4314,1022
4315,1022
4316,1022
4317,1022
4318,1022
4319,1022
4320,1021
4321,1022
4322,1022
4323,0
4324,0
4325,0
4326,0
4327,0
4328,0
4329,0
4330,0
4331,0
4332,1022
4333,1022
4334,1022
4335,1022
4336,1022
4337,1022
4338,1022
4339,1022
4340,1022
4341,0
4342,0
4343,0
4344,0
4345,0
4346,0
4347,0
4348,0
4349,1022
4350,1022
4351,1022
4352,1022
4353,1022
4354,1022
4355,1021
4356,1022
4357,1021
4358,0
4359,0
4360,0
4361,0
4362,0
4363,0
4364,0
4365,0
4366,0
4367,1022
4368,1022
4369,1022
4370,1022
4371,1022
4372,1022
4373,1022
4374,1022
4375,1022
4376,0
4377,0
4378,0
4379,0
4380,0
4381,0
4382,0
4383,0
4384,1022
4385,1022
4386,1022
4387,1022
4388,1022
4389,1022
4390,1022
4391,1022
4392,1022
4393,0
4394,0
4395,0
4396,0
4397,0
4398,0
4399,0
4400,0
4401,0
4402,1021
4403,1022
4404,1022
4405,1022
4406,1022
4407,1022
4408,1022
4409,1022
4410,1022
4411,0
4412,0
4413,0
4414,0
4415,0
4416,0
4417,0
4418,0
4419,1022
4420,1022
4421,1022
4422,1022
4423,1022
4424,1022
4425,1022
4426,1022
4427,1022
4428,0
4429,0
4430,0
4431,0
4432,0
4433,0
4434,0
4435,0
4436,0
4437,1022
4438,1022
4439,1022
4440,1022
4441,1022
4442,1022
4443,1022
4444,1022
4445,1022
4446,0
4447,0
4448,0
4449,0
4450,0
4451,0
4452,0
4453,0
4454,0
4455,1022
4456,1022
4457,1022
4458,1022
4459,1022
4460,1022
4461,1022
4462,1022
4463,0
4464,0
4465,0
4466,0
4467,0
4468,0
4469,0
4470,0
4471,0
4472,1022
4473,1022
4474,1022
4475,1022
4476,1022
4477,1022
4478,1022
4479,1022
4480,1022
4481,0
4482,0
4483,0
4484,0
4485,0
4486,0
4487,0
4488,0
4489,0
4490,1022
4491,1022
4492,1022
4493,1022
4494,1022
4495,1022
4496,1022
4497,1022
4498,0
4499,0
4500,0
4501,0
4502,0
4503,0
4504,0
4505,0
4506,0
4507,1023
4508,1022
4509,1022
4510,1022
4511,1022
4512,1022
4513,1022
4514,1022
4515,1022
4516,0
4517,0
4518,0
4519,0
4520,0
4521,0
4522,0
4523,0
4524,0
4525,1022
4526,1022
4527,1021
4528,1022
4529,1022
4530,1021
4531,1021
4532,1022
4533,0
4534,0
4535,0
4536,0
4537,0
4538,0
4539,0
4540,0
4541,0
4542,1022
4543,1022
4544,1022
4545,1022
4546,1022
4547,1022
4548,1022
4549,1022
4550,1022
4551,0
4552,0
4553,0
4554,0
4555,0
4556,0
4557,0
4558,0
4559,0
4560,1022
4561,1022
4562,1022
4563,1022
4564,1022
4565,1022
4566,1022
4567,1022
4568,1022
4569,0
4570,0
4571,0
4572,0
4573,0
4574,0
4575,0
4576,0
4577,1022
4578,1022
4579,1022
4580,1022
4581,1022
4582,1022
4583,1022
4584,1022
4585,1022
4586,0
4587,0
4588,0
4589,0
4590,0
4591,0
4592,0
4593,0
4594,0
4595,1022
4596,1022
4597,1022
4598,1022
4599,1021
4600,1021
4601,1021
4602,1022
4603,1022
4604,0
4605,0
4606,0
4607,0
4608,0
4609,0
4610,0
4611,0
4612,1022
4613,1022
4614,1022
4615,1022
4616,1022
4617,1022
4618,1022
4619,1022
4620,1022
4621,0
4622,0
4623,0
4624,0
4625,0
4626,0
4627,0
4628,0
4629,0
4630,1022
4631,1022
4632,1023
4633,1022
4634,1022
4635,1022
4636,1022
4637,1022
4638,1022
4639,0
4640,0
4641,0
4642,0
4643,0
4644,0
4645,0
4646,0
4647,1022
4648,1022
4649,1022
4650,1022
4651,1022
4652,1022
4653,1022
4654,1022
4655,1022
4656,0
4657,0
4658,0
4659,0
4660,0
4661,0
4662,0
4663,0
4664,0
4665,1022
4666,1022
4667,1022
4668,1022
4669,1022
4670,1022
4671,1022
4672,1022
4673,1022
4674,0
4675,0
4676,0
4677,0
4678,0
4679,0
4680,0
4681,0
4682,0
4683,1022
4684,1022
4685,1022
4686,1022
4687,1022
4688,1021
4689,1022
4690,1022
4691,0
4692,0
4693,0
4694,0
4695,0
4696,0
4697,0
4698,0
4699,0
4700,1022
4701,1022
4702,1022
4703,1022
4704,1022
4705,1023
4706,1022
4707,1022
4708,1022
4709,0
4710,0
4711,0
4712,0
4713,0
4714,0
4715,0
4716,0
4717,0
4718,1022
4719,1022
4720,1022
4721,1022
4722,1022
4723,1022
4724,1022
4725,1022
4726,0
4727,0
4728,0
4729,0
4730,0
4731,0
4732,0
4733,0
4734,0
4735,1021
4736,1022
4737,1022
4738,1022
4739,1022
4740,1022
4741,1021
4742,1022
4743,1022
4744,0
4745,0
4746,0
4747,0
4748,0
4749,0
4750,0
4751,0
4752,0
4753,1022
4754,1022
4755,1021
4756,1022
4757,1021
4758,1022
4759,1022
4760,1022
4761,0
4762,0
4763,0
4764,0
4765,0
4766,0
4767,0
4768,0
4769,0
4770,1022
4771,1022
4772,1022
4773,1022
4774,1022
4775,1021
4776,1022
4777,1022
4778,1022
4779,0
4780,0
4781,0
4782,0
4783,0
4784,0
4785,0
4786,0
4787,0
4788,1022
4789,1022
4790,1022
4791,1022
4792,1022
4793,1022
4794,1022
4795,1022
4796,1022
4797,0
4798,0
4799,0
4800,0
4801,0
4802,0
4803,0
4804,0
4805,1022
4806,1022
4807,1022
4808,1022
4809,1022
4810,1022
4811,1022
4812,1022
4813,1022
4814,0
4815,0
4816,0
4817,0
4818,0
4819,0
4820,0
4821,0
4822,0
4823,1022
4824,1022
4825,1022
4826,1021
4827,1022
4828,1022
4829,1021
4830,1022
4831,1022
4832,0
4833,0
4834,0
4835,0
4836,0
4837,0
4838,0
4839,0
4840,1022
4841,1022
4842,1022
4843,1022
4844,1022
4845,1022
4846,1022
4847,1022
4848,1022
4849,0
4850,0
4851,0
4852,0
4853,0
4854,0
4855,0
4856,0
4857,0
4858,1022
4859,1022
4860,1021
4861,1021
4862,1022
4863,1022
4864,1022
4865,1022
4866,1022
4867,0
4868,0
4869,0
4870,0
4871,0
4872,0
4873,0
4874,0
4875,1021
4876,1021
4877,1022
4878,1022
4879,1022
4880,1022
4881,1022
4882,1022
4883,1022
4884,0
4885,0
4886,0
4887,0
4888,0
4889,0
4890,0
4891,0
4892,0
4893,1022
4894,1022
4895,1022
4896,1022
4897,1022
4898,1022
4899,1022
4900,1022
4901,1022
4902,0
4903,0
4904,0
4905,0
4906,0
4907,0
4908,0
4909,0
4910,1022
4911,1022
4912,1022
4913,1022
4914,1022
4915,1022
4916,1022
4917,1022
4918,1022
4919,0
4920,0
4921,0
4922,0
4923,0
4924,0
4925,0
4926,0
4927,0
4928,1022
4929,1022
4930,1022
4931,1022
4932,1022
4933,1021
4934,1022
4935,1022
4936,1022
4937,0
4938,0
4939,0
4940,0
4941,0
4942,0
4943,0
4944,0
4945,0
4946,1022
4947,1022
4948,1022
4949,1022
4950,1022
4951,1022
4952,1022
4953,1022
4954,0
4955,0
4956,0
4957,0
4958,0
4959,0
4960,0
4961,0
4962,0
4963,1022
4964,1022
4965,1022
4966,1022
4967,1022
4968,1022
4969,1021
4970,1022
4971,1022
4972,0
4973,0
4974,0
4975,0
4976,0
4977,0
4978,0
4979,0
4980,0
4981,1022
4982,1022
4983,1022
4984,1022
4985,1022
4986,1022
4987,1022
4988,1022
4989,0
4990,0
4991,0
4992,0
4993,0
4994,0
4995,0
4996,0
4997,0
4998,1022
4999,1022
5000,1022
5001,1021
5002,1022
5003,0
5004,0
5005,0
5006,0
5007,0
5008,1022
5009,1022
5010,1022
5011,1022
5012,0
5013,0
5014,0
5015,0
5016,0
5017,1022
5018,1022
5019,1022
5020,1022
5021,1022
5022,0
5023,0
5024,0
5025,0
5026,1022
5027,1021
5028,1022
5029,1022
5030,1022
5031,0
5032,0
5033,0
5034,0
5035,0
5036,1022
5037,1022
5038,1022
5039,1023
5040,0
5041,0
5042,0
5043,0
5044,0
5045,1022
5046,1022
5047,1022
5048,1022
5049,1023
5050,0
5051,0
5052,0
5053,0
5054,1022
5055,1022
5056,1022
5057,1022
5058,1022
5059,0
5060,0
5061,0
5062,0
5063,0
5064,1022
5065,1022
5066,1022
5067,1022
5068,0
5069,0
5070,0
5071,0
5072,0
5073,1022
5074,1022
5075,1022
5076,1021
5077,1022
5078,0
5079,0
5080,0
5081,0
5082,1022
5083,1022
5084,1023
5085,1022
5086,1022
5087,0
5088,0
5089,0
5090,0
5091,0
5092,1022
5093,1022
5094,1022
5095,1022
5096,0
5097,0
5098,0
5099,0
5100,0
5101,1022
5102,1022
5103,1022
5104,1022
5105,1022
5106,0
5107,0
5108,0
5109,0
5110,1022
5111,1022
5112,1022
5113,1022
5114,1022
5115,0
5116,0
5117,0
5118,0
5119,0
5120,1021
5121,1022
5122,1021
5123,1022
5124,0
5125,0
5126,0
5127,0
5128,0
5129,1021
5130,1022
5131,1022
5132,1022
5133,1022
5134,0
5135,0
5136,0
5137,0
5138,1021
5139,1022
5140,1022
5141,1022
5142,1022
5143,0
5144,0
5145,0
5146,0
5147,0
5148,1022
5149,1022
5150,1022
5151,1022
5152,0
5153,0
5154,0
5155,0
5156,0
5157,1022
5158,1022
5159,1022
5160,1022
5161,1022
5162,0
5163,0
5164,0
5165,0
5166,1022
5167,1022
5168,1022
5169,1022
5170,1022
5171,0
5172,0
5173,0
5174,0
5175,0
5176,1022
5177,1022
5178,1022
5179,1022
5180,0
5181,0
5182,0
5183,0
5184,0
5185,1022
5186,1022
5187,1022
5188,1022
5189,1021
5190,0
5191,0
5192,0
5193,0
5194,1022
5195,1022
5196,1022
5197,1022
5198,1022
5199,0
5200,0
5201,0
5202,0
5203,0
5204,1022
5205,1022
5206,1022
5207,1022
5208,0
5209,0
5210,0
5211,0
5212,0
5213,1022
5214,1022
5215,1022
5216,1022
5217,1022
5218,0
5219,0
5220,0
5221,0
5222,1022
5223,1022
5224,1022
5225,1022
5226,1021
5227,0
5228,0
5229,0
5230,0
5231,0
5232,1022
5233,1022
5234,1023
5235,1022
5236,0
5237,0
5238,0
5239,0
5240,0
5241,1022
5242,1022
5243,1021
5244,1022
5245,1022
5246,0
5247,0
5248,0
5249,0
5250,1021
5251,1022
5252,1022
5253,1022
5254,1022
5255,0
5256,0
5257,0
5258,0
5259,0
5260,1022
5261,1022
5262,1022
5263,1022
5264,0
5265,0
5266,0
5267,0
5268,0
5269,1021
5270,1021
5271,1022
5272,1022
5273,1021
5274,0
5275,0
5276,0
5277,0
5278,0
5279,1022
5280,1022
5281,1022
5282,1021
5283,0
5284,0
5285,0
5286,0
5287,0
5288,1022
5289,1022
5290,1022
5291,1022
5292,0
5293,0
5294,0
5295,0
5296,0
5297,1022
5298,1022
5299,1022
5300,1022
5301,1022
5302,0
5303,0
5304,0
5305,0
5306,0
5307,1022
5308,1022
5309,1021
5310,1022
5311,0
5312,0
5313,0
5314,0
5315,0
5316,1023
5317,1022
5318,1022
5319,1022
5320,1021
5321,0
5322,0
5323,0
5324,0
5325,1022
5326,1022
5327,1021
5328,1022
5329,1022
5330,0
5331,0
5332,0
5333,0
5334,0
5335,1021
5336,1021
5337,1021
5338,1021
5339,0
5340,0
5341,0
5342,0
5343,0
5344,1022
5345,1022
5346,1021
5347,1022
5348,1022
5349,0
5350,0
5351,0
5352,0
5353,1022
5354,1022
5355,1022
5356,1022
5357,1022
5358,0
5359,0
5360,0
5361,0
5362,0
5363,1022
5364,1022
5365,1022
5366,1022
5367,0
5368,0
5369,0
5370,0
5371,0
5372,1022
5373,1022
5374,1022
5375,1023
5376,1022
5377,0
5378,0
5379,0
5380,0
5381,1022
5382,1022
5383,1022
5384,1022
5385,1022
5386,0
5387,0
5388,0
5389,0
5390,0
5391,1022
5392,1022
5393,1022
5394,1021
5395,0
5396,0
5397,0
5398,0
5399,0
5400,1022
5401,1022
5402,1022
5403,1022
5404,1022
5405,0
5406,0
5407,0
5408,0
5409,1022
5410,1022
5411,1022
5412,1022
5413,1022
5414,0
5415,0
5416,0
5417,0
5418,0
5419,1022
5420,1022
5421,1022
5422,1021
5423,0
5424,0
5425,0
5426,0
5427,0
5428,1022
5429,1022
5430,1022
5431,1022
5432,1022
5433,0
5434,0
5435,0
5436,0
5437,1022
5438,1021
5439,1022
5440,1022
5441,1022
5442,0
5443,0
5444,0
5445,0
5446,0
5447,1021
5448,1022
5449,1022
5450,1021
5451,0
5452,0
5453,0
5454,0
5455,0
5456,1022
5457,1022
5458,1022
5459,1022
5460,1022
5461,0
5462,0
5463,0
5464,0
5465,1021
5466,1021
5467,1022
5468,1021
5469,1022
5470,0
5471,0
5472,0
5473,0
5474,0
5475,1021
5476,1023
5477,1022
5478,1022
5479,0
5480,0
5481,0
5482,0
5483,0
5484,1022
5485,1022
5486,1021
5487,1022
5488,1022
5489,0
5490,0
5491,0
5492,0
5493,1022
5494,1022
5495,1022
5496,1022
5497,1023
5498,0
5499,0
5500,0
5501,0
5502,0
5503,1022
5504,1022
5505,1022
5506,1022
5507,0
5508,0
5509,0
5510,0
5511,0
5512,1022
5513,1022
5514,1022
5515,1022
5516,1022
5517,0
5518,0
5519,0
5520,0
5521,1022
5522,1021
5523,1022
5524,1022
5525,1022
5526,0
5527,0
5528,0
5529,0
5530,0
5531,1022
5532,1022
5533,1022
5534,1021
5535,0
5536,0
5537,0
5538,0
5539,0
5540,1022
5541,1022
5542,1021
5543,1022
5544,1022
5545,0
5546,0
5547,0
5548,0
5549,1022
5550,1022
5551,1022
5552,1022
5553,1022
5554,0
5555,0
5556,0
5557,0
5558,0
5559,1022
5560,1022
5561,1022
5562,1022
5563,0
5564,0
5565,0
5566,0
5567,0
5568,1022
5569,1022
5570,1022
5571,1022
5572,1021
5573,0
5574,0
5575,0
5576,0
5577,1022
5578,1022
5579,1022
5580,1022
5581,1022
5582,0
5583,0
5584,0
5585,0
5586,0
5587,1022
5588,1022
5589,1022
5590,1022
5591,0
5592,0
5593,0
5594,0
5595,0
5596,1022
5597,1022
5598,1022
5599,1022
5600,1022
5601,0
5602,0
5603,0
5604,0
5605,0
5606,1021
5607,1023
5608,1022
5609,1022
5610,0
5611,0
5612,0
5613,0
5614,0
5615,1022
5616,1022
5617,1022
5618,1022
5619,1022
5620,0
5621,0
5622,0
5623,0
5624,1022
5625,1022
5626,1022
5627,1022
5628,1021
5629,0
5630,0
5631,0
5632,0
5633,0
5634,1022
5635,1022
5636,1022
5637,1022
5638,0
5639,0
5640,0
5641,0
5642,0
5643,1022
5644,1022
5645,1022
5646,1022
5647,1022
5648,0
5649,0
5650,0
5651,0
5652,1022
5653,1022
5654,1022
5655,1022
5656,1022
5657,0
5658,0
5659,0
5660,0
5661,0
5662,1022
5663,1022
5664,1022
5665,1022
5666,0
5667,0
5668,0
5669,0
5670,0
5671,1022
5672,1022
5673,1022
5674,1022
5675,1022
5676,0
5677,0
5678,0
5679,0
5680,1022
5681,1022
5682,1022
5683,1022
5684,1022
5685,0
5686,0
5687,0
5688,0
5689,0
5690,1022
5691,1022
5692,1022
5693,1022
5694,0
5695,0
5696,0
5697,0
5698,0
5699,1022
5700,1022
5701,1022
5702,1022
5703,1021
5704,0
5705,0
5706,0
5707,0
5708,1022
5709,1022
5710,1022
5711,1021
5712,1022
5713,0
5714,0
5715,0
5716,0
5717,0
5718,1022
5719,1022
5720,1022
5721,1022
5722,0
5723,0
5724,0
5725,0
5726,0
5727,1022
5728,1022
5729,1022
5730,1022
5731,1022
5732,0
5733,0
5734,0
5735,0
5736,1022
5737,1022
5738,1022
5739,1022
5740,1022
5741,0
5742,0
5743,0
5744,0
5745,0
5746,1022
5747,1022
5748,1022
5749,1022
5750,0
5751,0
5752,0
5753,0
5754,0
5755,1022
5756,1022
5757,1022
5758,1022
5759,1022
5760,0
5761,0
5762,0
5763,0
5764,1022
5765,1022
5766,1022
5767,1022
5768,1022
5769,0
5770,0
5771,0
5772,0
5773,0
5774,1022
5775,1022
5776,1022
5777,1022
5778,0
5779,0
5780,0
5781,0
5782,0
5783,1022
5784,1022
5785,1022
5786,1022
5787,1022
5788,0
5789,0
5790,0
5791,0
5792,1022
5793,1022
5794,1022
5795,1022
5796,1021
5797,0
5798,0
5799,0
5800,0
5801,0
5802,1022
5803,1022
5804,1022
5805,1022
5806,0
5807,0
5808,0
5809,0
5810,0
5811,1022
5812,1021
5813,1022
5814,1022
5815,1022
5816,0
5817,0
5818,0
5819,0
5820,1022
5821,1022
5822,1021
5823,1022
5824,1023
5825,0
5826,0
5827,0
5828,0
5829,0
5830,1022
5831,1022
5832,1022
5833,1022
5834,0
5835,0
5836,0
5837,0
5838,0
5839,1021
5840,1022
5841,1022
5842,1022
5843,1022
5844,0
5845,0
5846,0
5847,0
5848,1022
5849,1022
5850,1022
5851,1022
5852,1022
5853,0
5854,0
5855,0
5856,0
5857,0
5858,1022
5859,1022
5860,1021
5861,1022
5862,0
5863,0
5864,0
5865,0
5866,0
5867,1022
5868,1021
5869,1022
5870,1022
5871,1022
5872,0
5873,0
5874,0
5875,0
5876,0
5877,1022
5878,1023
5879,1023
5880,1022
5881,0
5882,0
5883,0
5884,0
5885,0
5886,1022
5887,1022
5888,1021
5889,1022
5890,1021
5891,0
5892,0
5893,0
5894,0
5895,1022
5896,1022
5897,1022
5898,1022
5899,1022
5900,0
5901,0
5902,0
5903,0
5904,0
5905,1022
5906,1022
5907,1022
5908,1022
5909,0
5910,0
5911,0
5912,0
5913,0
5914,1022
5915,1022
5916,1022
5917,1021
5918,1022
5919,0
5920,0
5921,0
5922,0
5923,1022
5924,1022
5925,1022
5926,1022
5927,1022
5928,0
5929,0
5930,0
5931,0
5932,0
5933,1021
5934,1022
5935,1022
5936,1022
5937,0
5938,0
5939,0
5940,0
5941,0
5942,1022
5943,1023
5944,1022
5945,1022
5946,1022
5947,0
5948,0
5949,0
5950,0
5951,1022
5952,1022
5953,1022
5954,1022
5955,1022
5956,0
5957,0
5958,0
5959,0
5960,0
5961,1022
5962,1022
5963,1022
5964,1022
5965,0
5966,0
5967,0
5968,0
5969,0
5970,1021
5971,1022
5972,1022
5973,1022
5974,1022
5975,0
5976,0
5977,0
5978,0
5979,1022
5980,1022
5981,1022
5982,1022
5983,1022
5984,0
5985,0
5986,0
5987,0
5988,0
5989,1021
5990,1022
5991,1021
5992,1021
5993,0
5994,0
5995,0
5996,0
5997,0
5998,1022
5999,1022
6000,1022
6001,1022
6002,1022
6003,0
6004,0
6005,0
6006,0
6007,1022
6008,1022
6009,1022
6010,1022
6011,1022
6012,0
6013,0
6014,0
6015,0
6016,0
6017,1021
6018,1022
6019,1022
6020,1022
6021,0
6022,0
6023,0
6024,0
6025,0
6026,1022
6027,1022
6028,1022
6029,1022
6030,1022
6031,0
6032,0
6033,0
6034,0
6035,1022
6036,1022
6037,1022
6038,1022
6039,1022
6040,0
6041,0
6042,0
6043,0
6044,0
6045,1022
6046,1021
6047,1022
6048,1022
6049,0
6050,0
6051,0
6052,0
6053,0
6054,1022
6055,1022
6056,1022
6057,1022
6058,1022
6059,0
6060,0
6061,0
6062,0
6063,1022
6064,1022
6065,1022
6066,1022
6067,1021
6068,0
6069,0
6070,0
6071,0
6072,0
6073,1022
6074,1022
6075,1022
6076,1022
6077,0
6078,0
6079,0
6080,0
6081,0
6082,1022
6083,1022
6084,1022
6085,1021
6086,1022
6087,0
6088,0
6089,0
6090,0
6091,1022
6092,1022
6093,1022
6094,1022
6095,1022
6096,0
6097,0
6098,0
6099,0
6100,0
6101,1022
6102,1022
6103,1022
6104,1022
6105,0
6106,0
6107,0
6108,0
6109,0
6110,1022
6111,1022
6112,1022
6113,1022
6114,1022
6115,0
6116,0
6117,0
6118,0
6119,1022
6120,1022
6121,1022
6122,1021
6123,1022
6124,0
6125,0
6126,0
6127,0
6128,0
6129,1022
6130,1022
6131,1022
6132,1022
6133,0
6134,0
6135,0
6136,0
6137,0
6138,1022
6139,1022
6140,1022
6141,1022
6142,1022
6143,0
6144,0
6145,0
6146,0
6147,1022
6148,1022
6149,1022
6150,1022
6151,1022
6152,0
6153,0
6154,0
6155,0
6156,0
6157,1023
6158,1022
6159,1021
6160,1022
6161,1022
6162,0
6163,0
6164,0
6165,0
6166,1022
6167,1022
6168,1022
6169,1022
6170,1021
6171,0
6172,0
6173,0
6174,0
6175,0
6176,1022
6177,1021
6178,1022
6179,1022
6180,0
6181,0
6182,0
6183,0
6184,0
6185,1022
6186,1022
6187,1022
6188,1022
6189,1022
6190,0
6191,0
6192,0
6193,0
6194,1022
6195,1021
6196,1022
6197,1022
6198,1022
6199,0
6200,0
6201,0
6202,0
6203,0
6204,1022
6205,1022
6206,1022
6207,1022
6208,0
6209,0
6210,0
6211,0
6212,0
6213,1022
6214,1022
6215,1022
6216,1023
6217,1022
6218,0
6219,0
6220,0
6221,0
6222,1022
6223,1021
6224,1022
6225,1022
6226,1022
6227,0
6228,0
6229,0
6230,0
6231,0
6232,1022
6233,1022
6234,1023
6235,1022
6236,0
6237,0
6238,0
6239,0
6240,0
6241,1022
6242,1021
6243,1022
6244,1021
6245,1022
6246,0
6247,0
6248,0
6249,0
6250,1022
6251,1021
6252,1022
6253,1021
6254,1022
6255,0
6256,0
6257,0
6258,0
6259,0
6260,1021
6261,1022
6262,1022
6263,1022
6264,0
6265,0
6266,0
6267,0
6268,0
6269,1022
6270,1022
6271,1022
6272,1022
6273,1022
6274,0
6275,0
6276,0
6277,0
6278,1022
6279,1022
6280,1022
6281,1022
6282,1022
6283,0
6284,0
6285,0
6286,0
6287,0
6288,1022
6289,1022
6290,1022
6291,1022
6292,0
6293,0
6294,0
6295,0
6296,0
6297,1022
6298,1023
6299,1022
6300,1022
6301,1022
6302,0
6303,0
6304,0
6305,0
6306,1022
6307,1022
6308,1022
6309,1022
6310,1022
6311,0
6312,0
6313,0
6314,0
6315,0
6316,1022
6317,1021
6318,1022
6319,1022
6320,0
6321,0
6322,0
6323,0
6324,0
6325,1022
6326,1022
6327,1022
6328,1022
6329,1022
6330,0
6331,0
6332,0
6333,0
6334,1022
6335,1022
6336,1022
6337,1022
6338,1022
6339,0
6340,0
6341,0
6342,0
6343,0
6344,1022
6345,1022
6346,1022
6347,1021
6348,0
6349,0
6350,0
6351,0
6352,0
6353,1022
6354,1022
6355,1022
6356,1022
6357,1022
6358,0
6359,0
6360,0
6361,0
6362,1022
6363,1022
6364,1022
6365,1022
6366,1022
6367,0
6368,0
6369,0
6370,0
6371,0
6372,1022
6373,1022
6374,1022
6375,1021
6376,0
6377,0
6378,0
6379,0
6380,0
6381,1022
6382,1022
6383,1022
6384,1022
6385,1022
6386,0
6387,0
6388,0
6389,0
6390,1021
6391,1022
6392,1022
6393,1022
6394,1023
6395,0
6396,0
6397,0
6398,0
6399,0
6400,1022
6401,1022
6402,1022
6403,1022
6404,0
6405,0
6406,0
6407,0
6408,0
6409,1022
6410,1022
6411,1022
6412,1022
6413,1022
6414,0
6415,0
6416,0
6417,0
6418,1021
6419,1022
6420,1022
6421,1022
6422,1022
6423,0
6424,0
6425,0
6426,0
6427,0
6428,1022
6429,1022
6430,1022
6431,1022
6432,0
6433,0
6434,0
6435,0
6436,0
6437,1022
6438,1022
6439,1022
6440,1021
6441,1021
6442,0
6443,0
6444,0
6445,0
6446,0
6447,1023
6448,1022
6449,1022
6450,1022
6451,0
6452,0
6453,0
6454,0
6455,0
6456,1022
6457,1022
6458,1022
6459,1022
6460,0
6461,0
6462,0
6463,0
6464,0
6465,1021
6466,1022
6467,1022
6468,1022
6469,1022
6470,0
6471,0
6472,0
6473,0
6474,0
6475,1022
6476,1022
6477,1022
6478,1022
6479,0
6480,0
6481,0
6482,0
6483,0
6484,1022
6485,1022
6486,1022
6487,1022
6488,1022
6489,0
6490,0
6491,0
6492,0
6493,1022
6494,1022
6495,1021
6496,1022
6497,1022
6498,0
6499,0
6500,0
6501,0
6502,0
6503,1022
6504,1022
6505,1022
6506,1022
6507,0
6508,0
6509,0
6510,0
6511,0
6512,1022
6513,1022
6514,1022
6515,1022
6516,1022
6517,0
6518,0
6519,0
6520,0
6521,1022
6522,1022
6523,1022
6524,1022
6525,1022
6526,0
6527,0
6528,0
6529,0
6530,0
6531,1022
6532,1022
6533,1022
6534,1022
6535,0
6536,0
6537,0
6538,0
6539,0
6540,1022
6541,1023
6542,1022
6543,1022
6544,1022
6545,0
6546,0
6547,0
6548,0
6549,1021
6550,1022
6551,1022
6552,1023
6553,1022
6554,0
6555,0
6556,0
6557,0
6558,0
6559,1022
6560,1022
6561,1022
6562,1022
6563,0
6564,0
6565,0
6566,0
6567,0
6568,1022
6569,1022
6570,1022
6571,1021
6572,1022
6573,0
6574,0
6575,0
6576,0
6577,1022
6578,1022
6579,1022
6580,1022
6581,1021
6582,0
6583,0
6584,0
6585,0
6586,0
6587,1022
6588,1022
6589,1022
6590,1022
6591,0
6592,0
6593,0
6594,0
6595,0
6596,1022
6597,1022
6598,1022
6599,1022
6600,1023
6601,0
6602,0
6603,0
6604,0
6605,1021
6606,1022
6607,1022
6608,1021
6609,1022
6610,0
6611,0
6612,0
6613,0
6614,0
6615,1022
6616,1022
6617,1021
6618,1022
6619,0
6620,0
6621,0
6622,0
6623,0
6624,1023
6625,1022
6626,1022
6627,1022
6628,1021
6629,0
6630,0
6631,0
6632,0
6633,1022
6634,1022
6635,1022
6636,1022
6637,1022
6638,0
6639,0
6640,0
6641,0
6642,0
6643,1022
6644,1021
6645,1022
6646,1022
6647,0
6648,0
6649,0
6650,0
6651,0
6652,1022
6653,1022
6654,1022
6655,1022
6656,1022
6657,0
6658,0
6659,0
6660,0
6661,1022
6662,1022
6663,1022
6664,1022
6665,1022
6666,0
6667,0
6668,0
6669,0
6670,0
6671,1022
6672,1022
6673,1021
6674,1022
6675,0
6676,0
6677,0
6678,0
6679,0
6680,1022
6681,1022
6682,1022
6683,1022
6684,1022
6685,0
6686,0
6687,0
6688,0
6689,1022
6690,1022
6691,1022
6692,1021
6693,1022
6694,0
6695,0
6696,0
6697,0
6698,0
6699,1022
6700,1022
6701,1022
6702,1022
6703,0
6704,0
6705,0
6706,0
6707,0
6708,1021
6709,1022
6710,1022
6711,1022
6712,1022
6713,0
6714,0
6715,0
6716,0
6717,1022
6718,1022
6719,1022
6720,1022
6721,1021
6722,0
6723,0
6724,0
6725,0
6726,0
6727,1022
6728,1022
6729,1022
6730,1022
6731,0
6732,0
6733,0
6734,0
6735,0
6736,1022
6737,1022
6738,1022
6739,1022
6740,1022
6741,0
6742,0
6743,0
6744,0
6745,0
6746,1022
6747,1022
6748,1022
6749,1022
6750,0
6751,0
6752,0
6753,0
6754,0
6755,1022
6756,1022
6757,1022
6758,1022
6759,1021
6760,0
6761,0
6762,0
6763,0
6764,1022
6765,1022
6766,1022
6767,1022
6768,1022
6769,0
6770,0
6771,0
6772,0
6773,0
6774,1022
6775,1022
6776,1022
6777,1022
6778,0
6779,0
6780,0
6781,0
6782,0
6783,1022
6784,1022
6785,1022
6786,1022
6787,1022
6788,0
6789,0
6790,0
6791,0
6792,1022
6793,1022
6794,1022
6795,1022
6796,1021
6797,0
6798,0
6799,0
6800,0
6801,0
6802,1022
6803,1022
6804,1022
6805,1022
6806,0
6807,0
6808,0
6809,0
6810,0
6811,1022
6812,1022
6813,1022
6814,1022
6815,1022
6816,0
6817,0
6818,0
6819,0
6820,1022
6821,1022
6822,1021
6823,1022
6824,1022
6825,0
6826,0
6827,0
6828,0
6829,0
6830,1022
6831,1022
6832,1022
6833,1022
6834,0
6835,0
6836,0
6837,0
6838,0
6839,1022
6840,1022
6841,1022
6842,1022
6843,1022
6844,0
6845,0
6846,0
6847,0
6848,1022
6849,1022
6850,1022
6851,1022
6852,1022
6853,0
6854,0
6855,0
6856,0
6857,0
6858,1022
6859,1022
6860,1021
6861,1022
6862,0
6863,0
6864,0
6865,0
6866,0
6867,1022
6868,1022
6869,1022
6870,1022
6871,1022
6872,0
6873,0
6874,0
6875,0
6876,1022
6877,1022
6878,1021
6879,1022
6880,1022
6881,0
6882,0
6883,0
6884,0
6885,0
6886,1022
6887,1022
6888,1022
6889,1022
6890,0
6891,0
6892,0
6893,0
6894,0
6895,1022
6896,1022
6897,1022
6898,1022
6899,1022
6900,0
6901,0
6902,0
6903,0
6904,1022
6905,1022
6906,1022
6907,1022
6908,1022
6909,0
6910,0
6911,0
6912,0
6913,0
6914,1022
6915,1022
6916,1022
6917,1022
6918,0
6919,0
6920,0
6921,0
6922,0
6923,1021
6924,1022
6925,1022
6926,1022
6927,1022
6928,0
6929,0
6930,0
6931,0
6932,1022
6933,1022
6934,1021
6935,1022
6936,1022
6937,0
6938,0
6939,0
6940,0
6941,0
6942,1022
6943,1022
6944,1021
6945,1022
6946,0
6947,0
6948,0
6949,0
6950,0
6951,1022
6952,1022
6953,1021
6954,1022
6955,1022
6956,0
6957,0
6958,0
6959,0
6960,1021
6961,1022
6962,1022
6963,1022
6964,1022
6965,0
6966,0
6967,0
6968,0
6969,0
6970,1022
6971,1022
6972,1022
6973,1023
6974,0
6975,0
6976,0
6977,0
6978,0
6979,1022
6980,1022
6981,1022
6982,1022
6983,1022
6984,0
6985,0
6986,0
6987,0
6988,1022
6989,1022
6990,1022
6991,1022
6992,1022
6993,0
6994,0
6995,0
6996,0
6997,0
6998,1022
6999,1022
7000,1022
7001,1022
7002,0
7003,0
7004,0
7005,0
7006,0
7007,1022
7008,1022
7009,1022
7010,1022
7011,1021
7012,0
7013,0
7014,0
7015,0
7016,1022
7017,1022
7018,1022
7019,1022
7020,1022
7021,0
7022,0
7023,0
7024,0
7025,0
7026,1022
7027,1022
7028,1021
7029,1022
7030,0
7031,0
7032,0
7033,0
7034,0
7035,1022
7036,1022
7037,1022
7038,1022
7039,1021
7040,0
7041,0
7042,0
7043,0
7044,1018
7045,1022
7046,1021
7047,1022
7048,1022
7049,0
7050,0
7051,0
7052,0
7053,0
7054,1022
7055,1022
7056,1022
7057,1021
7058,1022
7059,0
7060,0
7061,0
7062,0
7063,1022
7064,1022
7065,1022
7066,1022
7067,1022
7068,0
7069,0
7070,0
7071,0
7072,0
7073,1022
7074,1022
7075,1021
7076,1022
7077,0
7078,0
7079,0
7080,0
7081,0
7082,1022
7083,1022
7084,1022
7085,1022
7086,1021
7087,0
7088,0
7089,0
7090,0
7091,1022
7092,1022
7093,1021
7094,1022
7095,1022
7096,0
7097,0
7098,0
7099,0
7100,0
7101,1022
7102,1022
7103,1022
7104,1022
7105,0
7106,0
7107,0
7108,0
7109,0
7110,1022
7111,1022
7112,1022
7113,1022
7114,1022
7115,0
7116,0
7117,0
7118,0
7119,1022
7120,1021
7121,1022
7122,1022
7123,1022
7124,0
7125,0
7126,0
7127,0
7128,0
7129,1022
7130,1022
7131,1022
7132,1022
7133,0
7134,0
7135,0
7136,0
7137,0
7138,1022
7139,1022
7140,1022
7141,1022
7142,1022
7143,0
7144,0
7145,0
7146,0
7147,1021
7148,1022
7149,1022
7150,1021
7151,1022
7152,0
7153,0
7154,0
7155,0
7156,0
7157,1022
7158,1021
7159,1022
7160,1022
7161,0
7162,0
7163,0
7164,0
7165,0
7166,1022
7167,1022
7168,1022
7169,1022
7170,1022
7171,0
7172,0
7173,0
7174,0
7175,1022
7176,1022
7177,1022
7178,1022
7179,1022
7180,0
7181,0
7182,0
7183,0
7184,0
7185,1022
7186,1022
7187,1022
7188,1022
7189,0
7190,0
7191,0
7192,0
7193,0
7194,1022
7195,1022
7196,1022
7197,1022
7198,1022
7199,0
7200,0
7201,0
7202,0
7203,1022
7204,1022
7205,1022
7206,1022
7207,1022
7208,0
7209,0
7210,0
7211,0
7212,0
7213,1021
7214,1023
7215,1022
7216,1022
7217,0
7218,0
7219,0
7220,0
7221,0
7222,1022
7223,1022
7224,1022
7225,1022
7226,1022
7227,0
7228,0
7229,0
7230,0
7231,1021
7232,1022
7233,1022
7234,1022
7235,1022
7236,0
7237,0
7238,0
7239,0
7240,0
7241,1022
7242,1022
7243,1022
7244,1023
7245,0
7246,0
7247,0
7248,0
7249,0
7250,1022
7251,1022
7252,1022
7253,1022
7254,1022
7255,0
7256,0
7257,0
7258,0
7259,1022
7260,1022
7261,1022
7262,1022
7263,1022
7264,0
7265,0
7266,0
7267,0
7268,0
7269,1022
7270,1022
7271,1022
7272,1022
7273,0
7274,0
7275,0
7276,0
7277,0
7278,1022
7279,1022
7280,1022
7281,1022
7282,1022
7283,0
7284,0
7285,0
7286,0
7287,1022
7288,1022
7289,1022
7290,1022
7291,1022
7292,0
7293,0
7294,0
7295,0
7296,0
7297,1022
7298,1022
7299,1022
7300,1022
7301,0
7302,0
7303,0
7304,0
7305,0
7306,1022
7307,1022
7308,1022
7309,1022
7310,1022
7311,0
7312,0
7313,0
7314,0
7315,1022
7316,1022
7317,1022
7318,1023
7319,1022
7320,0
7321,0
7322,0
7323,0
7324,0
7325,1022
7326,1022
7327,1021
7328,1022
7329,0
7330,0
7331,0
7332,0
7333,0
7334,1022
7335,1022
7336,1022
7337,1021
7338,1022
7339,0
7340,0
7341,0
7342,0
7343,1022
7344,1022
7345,1022
7346,1022
7347,1022
7348,0
7349,0
7350,0
7351,0
7352,0
7353,1022
7354,1022
7355,1022
7356,1022
7357,1022
7358,0
7359,0
7360,0
7361,0
7362,1022
7363,1022
7364,1022
7365,1022
7366,1022
7367,0
7368,0
7369,0
7370,0
7371,0
7372,1022
7373,1022
7374,1022
7375,1022
7376,0
7377,0
7378,0
7379,0
7380,0
7381,1022
7382,1021
7383,1022
7384,1022
7385,1022
7386,0
7387,0
7388,0
7389,0
7390,1022
7391,1022
7392,1023
7393,1022
7394,1022
7395,0
7396,0
7397,0
7398,0
7399,0
7400,1022
7401,1022
7402,1022
7403,1022
7404,0
7405,0
7406,0
7407,0
7408,0
7409,1022
7410,1021
7411,1022
7412,1022
7413,1022
7414,0
7415,0
7416,0
7417,0
7418,1022
7419,1022
7420,1022
7421,1022
7422,1022
7423,0
7424,0
7425,0
7426,0
7427,0
7428,1022
7429,1022
7430,1022
7431,1022
7432,0
7433,0
7434,0
7435,0
7436,0
7437,1022
7438,1022
7439,1022
7440,1022
7441,1022
7442,0
7443,0
7444,0
7445,0
7446,1022
7447,1022
7448,1022
7449,1022
7450,1022
7451,0
7452,0
7453,0
7454,0
7455,0
7456,1021
7457,1022
7458,1022
7459,1022
7460,0
7461,0
7462,0
7463,0
7464,0
7465,1022
7466,1022
7467,1022
7468,1022
7469,1022
7470,0
7471,0
7472,0
7473,0
7474,1022
7475,1022
7476,1022
7477,1022
7478,1022
7479,0
7480,0
7481,0
7482,0
7483,0
7484,1022
7485,1022
7486,1022
7487,1021
7488,0
7489,0
7490,0
7491,0
7492,0
7493,1022
7494,1022
7495,1022
7496,1022
7497,1022
7498,0
7499,0
7500,0
7501,0
7502,1022
7503,1022
7504,1022
7505,1021
7506,1022
7507,0
7508,0
7509,0
7510,0
7511,0
7512,1022
7513,1022
7514,1022
7515,1022
7516,0
7517,0
7518,0
7519,0
7520,0
7521,1022
7522,1022
7523,1022
7524,1022
7525,1022
7526,0
7527,0
7528,0
7529,0
7530,1022
7531,1021
7532,1023
7533,1022
7534,1022
7535,0
7536,0
7537,0
7538,0
7539,0
7540,1022
7541,1022
7542,1022
7543,1022
7544,0
7545,0
7546,0
7547,0
7548,0
7549,1022
7550,1022
7551,1022
7552,1022
7553,1022
7554,0
7555,0
7556,0
7557,0
7558,1022
7559,1022
7560,1022
7561,1022
7562,1022
7563,0
7564,0
7565,0
7566,0
7567,0
7568,1022
7569,1022
7570,1022
7571,1022
7572,0
7573,0
7574,0
7575,0
7576,0
7577,1021
7578,1022
7579,1022
7580,1022
7581,1022
7582,0
7583,0
7584,0
7585,0
7586,1021
7587,1023
7588,1022
7589,1022
7590,1022
7591,0
7592,0
7593,0
7594,0
7595,0
7596,1022
7597,1022
7598,1022
7599,1022
7600,0
7601,0
7602,0
7603,0
7604,0
7605,1021
7606,1022
7607,1022
7608,1022
7609,1022
7610,0
7611,0
7612,0
7613,0
7614,1021
7615,1022
7616,1022
7617,1022
7618,1022
7619,0
7620,0
7621,0
7622,0
7623,0
7624,1022
7625,1022
7626,1022
7627,1022
7628,0
7629,0
7630,0
7631,0
7632,0
7633,1022
7634,1022
7635,1022
7636,1022
7637,1022
7638,0
7639,0
7640,0
7641,0
7642,0
7643,1022
7644,1022
7645,1022
7646,1022
7647,0
7648,0
7649,0
7650,0
7651,0
7652,1022
7653,1022
7654,1022
7655,1022
7656,1022
7657,0
7658,0
7659,0
7660,0
7661,1022
7662,1022
7663,1022
7664,1022
7665,1022
7666,0
7667,0
7668,0
7669,0
7670,0
7671,1022
7672,1022
7673,1021
7674,1022
7675,0
7676,0
7677,0
7678,0
7679,0
7680,1022
7681,1022
7682,1022
7683,1022
7684,1022
7685,0
7686,0
7687,0
7688,0
7689,1022
7690,1022
7691,1022
7692,1022
7693,1022
7694,0
7695,0
7696,0
7697,0
7698,0
7699,1022
7700,1022
7701,1022
7702,1022
7703,0
7704,0
7705,0
7706,0
7707,0
7708,1022
7709,1022
7710,1022
7711,1022
7712,1022
7713,0
7714,0
7715,0
7716,0
7717,1022
7718,1022
7719,1022
7720,1022
7721,1022
7722,0
7723,0
7724,0
7725,0
7726,0
7727,1022
7728,1022
7729,1022
7730,1022
7731,0
7732,0
7733,0
7734,0
7735,0
7736,1022
7737,1022
7738,1022
7739,1022
7740,1022
7741,0
7742,0
7743,0
7744,0
7745,1022
7746,1022
7747,1022
7748,1022
7749,1022
7750,0
7751,0
7752,0
7753,0
7754,0
7755,1022
7756,1021
7757,1022
7758,1022
7759,0
7760,0
7761,0
7762,0
7763,0
7764,1022
7765,1022
7766,1022
7767,1022
7768,1022
7769,0
7770,0
7771,0
7772,0
7773,1022
7774,1022
7775,1021
7776,1022
7777,1023
7778,0
7779,0
7780,0
7781,0
7782,0
7783,1022
7784,1022
7785,1022
7786,1021
7787,0
7788,0
7789,0
7790,0
7791,0
7792,1022
7793,1022
7794,1022
7795,1022
7796,1022
7797,0
7798,0
7799,0
7800,0
7801,1022
7802,1022
7803,1022
7804,1022
7805,1022
7806,0
7807,0
7808,0
7809,0
7810,0
7811,1022
7812,1022
7813,1022
7814,1022
7815,0
7816,0
7817,0
7818,0
7819,0
7820,1022
7821,1022
7822,1022
7823,1022
7824,1022
7825,0
7826,0
7827,0
7828,0
7829,1022
7830,1021
7831,1022
7832,1022
7833,1023
7834,0
7835,0
7836,0
7837,0
7838,0
7839,1021
7840,1022
7841,1022
7842,1022
7843,0
7844,0
7845,0
7846,0
7847,0
7848,1022
7849,1022
7850,1022
7851,1022
7852,1022
7853,0
7854,0
7855,0
7856,0
7857,1022
7858,1022
7859,1022
7860,1021
7861,1022
7862,0
7863,0
7864,0
7865,0
7866,0
7867,1022
7868,1022
7869,1022
7870,1022
7871,0
7872,0
7873,0
7874,0
7875,0
7876,1022
7877,1021
7878,1022
7879,1022
7880,1022
7881,0
7882,0
7883,0
7884,0
7885,1021
7886,1022
7887,1022
7888,1022
7889,1022
7890,0
7891,0
7892,0
7893,0
7894,0
7895,1022
7896,1022
7897,1021
7898,1022
7899,0
7900,0
7901,0
7902,0
7903,0
7904,1022
7905,1022
7906,1022
7907,1021
7908,1022
7909,0
7910,0
7911,0
7912,0
7913,0
7914,1022
7915,1022
7916,1022
7917,1022
7918,0
7919,0
7920,0
7921,0
7922,0
7923,1022
7924,1022
7925,1022
7926,1022
7927,0
7928,0
7929,0
7930,0
7931,0
7932,1022
7933,1023
7934,1022
7935,1022
7936,1022
7937,0
7938,0
7939,0
7940,0
7941,0
7942,1022
7943,1022
7944,1022
7945,1022
7946,0
7947,0
7948,0
7949,0
7950,0
7951,1022
7952,1022
7953,1022
7954,1022
7955,1022
7956,0
7957,0
7958,0
7959,0
7960,1022
7961,1022
7962,1022
7963,1022
7964,1022
7965,0
7966,0
7967,0
7968,0
7969,0
7970,1022
7971,1022
7972,1022
7973,1021
7974,0
7975,0
7976,0
7977,0
7978,0
7979,1022
7980,1022
7981,1022
7982,1022
7983,1022
7984,0
7985,0
7986,0
7987,0
7988,1022
7989,1022
7990,1022
7991,1022
7992,1022
7993,0
7994,0
7995,0
7996,0
7997,0
7998,1021
7999,1022
8000,1022
8001,1022
8002,0
8003,0
8004,0
8005,0
8006,0
8007,1022
8008,1022
8009,1022
8010,1022
8011,1022
8012,0
8013,0
8014,0
8015,0
8016,1021
8017,1022
8018,1022
8019,1022
8020,1022
8021,0
8022,0
8023,0
8024,0
8025,0
8026,1022
8027,1022
8028,1022
8029,1022
8030,0
8031,0
8032,0
8033,0
8034,0
8035,1022
8036,1022
8037,1022
8038,1022
8039,1022
8040,0
8041,0
8042,0
8043,0
8044,1022
8045,1022
8046,1022
8047,1021
8048,1022
8049,0
8050,0
8051,0
8052,0
8053,0
8054,1023
8055,1021
8056,1022
8057,1022
8058,0
8059,0
8060,0
8061,0
8062,0
8063,1022
8064,1022
8065,1022
8066,1022
8067,1022
8068,0
8069,0
8070,0
8071,0
8072,1022
8073,1022
8074,1022
8075,1022
8076,1022
8077,0
8078,0
8079,0
8080,0
8081,0
8082,1022
8083,1022
8084,1022
8085,1022
8086,0
8087,0
8088,0
8089,0
8090,0
8091,1022
8092,1022
8093,1022
8094,1022
8095,1021
8096,0
8097,0
8098,0
8099,0
8100,1022
8101,1022
8102,1022
8103,1021
8104,1022
8105,0
8106,0
8107,0
8108,0
8109,0
8110,1021
8111,1022
8112,1022
8113,1022
8114,0
8115,0
8116,0
8117,0
8118,0
8119,1022
8120,1022
8121,1022
8122,1022
8123,1022
8124,0
8125,0
8126,0
8127,0
8128,1021
8129,1022
8130,1022
8131,1022
8132,1022
8133,0
8134,0
8135,0
8136,0
8137,0
8138,1021
8139,1022
8140,1022
8141,1022
8142,0
8143,0
8144,0
8145,0
8146,0
8147,1022
8148,1022
8149,1021
8150,1022
8151,1022
8152,0
8153,0
8154,0
8155,0
8156,1022
8157,1022
8158,1023
8159,1022
8160,1022
8161,0
8162,0
8163,0
8164,0
8165,0
8166,1022
8167,1022
8168,1022
8169,1022
8170,0
8171,0
8172,0
8173,0
8174,0
8175,1022
8176,1022
8177,1022
8178,1022
8179,1022
8180,0
8181,0
8182,0
8183,0
8184,1023
8185,1022
8186,1022
8187,1022
8188,1022
8189,0
8190,0
8191,0
8192,0
8193,0
8194,1021
8195,1022
8196,1022
8197,1022
8198,0
8199,0
8200,0
8201,0
8202,0
8203,1022
8204,1022
8205,1022
8206,1022
8207,1022
8208,0
8209,0
8210,0
8211,0
8212,1022
8213,1022
8214,1022
8215,1022
8216,1022
8217,0
8218,0
8219,0
8220,0
8221,0
8222,1022
8223,1022
8224,1022
8225,1021
8226,1022
8227,0
8228,0
8229,0
8230,0
8231,1021
8232,1021
8233,1022
8234,1021
8235,1022
8236,0
8237,0
8238,0
8239,0
8240,0
8241,1022
8242,1022
8243,1022
8244,1022
8245,0
8246,0
8247,0
8248,0
8249,0
8250,1021
8251,1022
8252,1022
8253,1022
8254,1022
8255,0
8256,0
8257,0
8258,0
8259,1022
8260,1022
8261,1022
8262,1022
8263,1022
8264,0
8265,0
8266,0
8267,0
8268,0
8269,1022
8270,1022
8271,1022
8272,1022
8273,0
8274,0
8275,0
8276,0
8277,0
8278,1022
8279,1022
8280,1022
8281,1022
8282,1022
8283,0
8284,0
8285,0
8286,0
8287,1022
8288,1022
8289,1022
8290,1022
8291,1022
8292,0
8293,0
8294,0
8295,0
8296,0
8297,1022
8298,1022
8299,1022
8300,1022
8301,0
8302,0
8303,0
8304,0
8305,0
8306,1022
8307,1023
8308,1022
8309,1022
8310,1022
8311,0
8312,0
8313,0
8314,0
8315,1022
8316,1022
8317,1021
8318,1022
8319,1022
8320,0
8321,0
8322,0
8323,0
8324,0
8325,1022
8326,1022
8327,1022
8328,1022
8329,0
8330,0
8331,0
8332,0
8333,0
8334,1022
8335,1022
8336,1022
8337,1022
8338,1022
8339,0
8340,0
8341,0
8342,0
8343,1022
8344,1021
8345,1022
8346,1021
8347,1022
8348,0
8349,0
8350,0
8351,0
8352,0
8353,1022
8354,1022
8355,1022
8356,1022
8357,0
8358,0
8359,0
8360,0
8361,0
8362,1022
8363,1022
8364,1022
8365,1023
8366,1022
8367,0
8368,0
8369,0
8370,0
8371,1022
8372,1022
8373,1022
8374,1022
8375,1022
8376,0
8377,0
8378,0
8379,0
8380,0
8381,1022
8382,1022
8383,1022
8384,1022
8385,0
8386,0
8387,0
8388,0
8389,0
8390,1022
8391,1022
8392,1023
8393,1022
8394,1022
8395,0
8396,0
8397,0
8398,0
8399,1022
8400,1022
8401,1022
8402,1022
8403,1022
8404,0
8405,0
8406,0
8407,0
8408,0
8409,1021
8410,1021
8411,1021
8412,1021
8413,0
8414,0
8415,0
8416,0
8417,0
8418,1022
8419,1022
8420,1022
8421,1022
8422,1022
8423,0
8424,0
8425,0
8426,0
8427,1022
8428,1022
8429,1022
8430,1022
8431,1022
8432,0
8433,0
8434,0
8435,0
8436,0
8437,1022
8438,1022
8439,1022
8440,1021
8441,0
8442,0
8443,0
8444,0
8445,0
8446,1022
8447,1022
8448,1022
8449,1021
8450,1022
8451,0
8452,0
8453,0
8454,0
8455,1022
8456,1022
8457,1022
8458,1022
8459,1022
8460,0
8461,0
8462,0
8463,0
8464,0
8465,1022
8466,1021
8467,1022
8468,1022
8469,0
8470,0
8471,0
8472,0
8473,0
8474,1022
8475,1022
8476,1022
8477,1022
8478,1022
8479,0
8480,0
8481,0
8482,0
8483,1022
8484,1022
8485,1022
8486,1021
8487,1022
8488,0
8489,0
8490,0
8491,0
8492,0
8493,1021
8494,1021
8495,1022
8496,1022
8497,1022
8498,0
8499,0
8500,0
8501,0
8502,1022
8503,1022
8504,1022
8505,1022
8506,1022
8507,0
8508,0
8509,0
8510,0
8511,1021
8512,1021
8513,1022
8514,1022
8515,1022
8516,0
8517,0
8518,0
8519,0
8520,0
8521,1022
8522,1022
8523,1022
8524,1022
8525,1022
8526,0
8527,0
8528,0
8529,0
8530,1022
8531,1022
8532,1022
8533,1022
8534,1022
8535,0
8536,0
8537,0
8538,0
8539,0
8540,1022
8541,1022
8542,1022
8543,1022
8544,0
8545,0
8546,0
8547,0
8548,0
8549,1022
8550,1022
8551,1022
8552,1022
8553,1022
8554,0
8555,0
8556,0
8557,0
8558,1022
8559,1022
8560,1022
8561,1022
8562,1022
8563,0
8564,0
8565,0
8566,0
8567,0
8568,1022
8569,1021
8570,1022
8571,1022
8572,0
8573,0
8574,0
8575,0
8576,0
8577,1022
8578,1022
8579,1022
8580,1023
8581,1022
8582,0
8583,0
8584,0
8585,0
8586,1022
8587,1022
8588,1022
8589,1022
8590,1022
8591,0
8592,0
8593,0
8594,0
8595,0
8596,1022
8597,1022
8598,1022
8599,1022
8600,0
8601,0
8602,0
8603,0
8604,0
8605,1022
8606,1022
8607,1022
8608,1022
8609,1022
8610,0
8611,0
8612,0
8613,0
8614,1021
8615,1022
8616,1022
8617,1021
8618,1022
8619,0
8620,0
8621,0
8622,0
8623,0
8624,1022
8625,1022
8626,1022
8627,1022
8628,0
8629,0
8630,0
8631,0
8632,0
8633,1022
8634,1022
8635,1022
8636,1022
8637,1022
8638,0
8639,0
8640,0
8641,0
8642,1022
8643,1022
8644,1021
8645,1022
8646,1022
8647,0
8648,0
8649,0
8650,0
8651,0
8652,1022
8653,1022
8654,1022
8655,1022
8656,0
8657,0
8658,0
8659,0
8660,0
8661,1022
8662,1022
8663,1022
8664,1022
8665,1022
8666,0
8667,0
8668,0
8669,0
8670,1022
8671,1022
8672,1022
8673,1022
8674,1022
8675,0
8676,0
8677,0
8678,0
8679,0
8680,1022
8681,1022
8682,1022
8683,1022
8684,0
8685,0
8686,0
8687,0
8688,0
8689,1022
8690,1022
8691,1022
8692,1022
8693,1022
8694,0
8695,0
8696,0
8697,0
8698,1022
8699,1022
8700,1022
8701,1022
8702,1023
8703,0
8704,0
8705,0
8706,0
8707,0
8708,1022
8709,1022
8710,1022
8711,1022
8712,0
8713,0
8714,0
8715,0
8716,0
8717,1022
8718,1022
8719,1022
8720,1022
8721,1022
8722,0
8723,0
8724,0
8725,0
8726,1021
8727,1023
8728,1022
8729,1022
8730,1022
8731,0
8732,0
8733,0
8734,0
8735,0
8736,1022
8737,1022
8738,1022
8739,1022
8740,0
8741,0
8742,0
8743,0
8744,0
8745,1022
8746,1022
8747,1022
8748,1022
8749,1022
8750,0
8751,0
8752,0
8753,0
8754,1022
8755,1022
8756,1022
8757,1022
8758,1022
8759,0
8760,0
8761,0
8762,0
8763,0
8764,1022
8765,1022
8766,1022
8767,1022
8768,0
8769,0
8770,0
8771,0
8772,0
8773,1022
8774,1022
8775,1022
8776,1022
8777,1022
8778,0
8779,0
8780,0
8781,0
8782,0
8783,1022
8784,1022
8785,1022
8786,1022
8787,0
8788,0
8789,0
8790,0
8791,0
8792,1022
8793,1022
8794,1022
8795,1022
8796,0
8797,0
8798,0
8799,0
8800,0
8801,1022
8802,1022
8803,1022
8804,1022
8805,1022
8806,0
8807,0
8808,0
8809,0
8810,1022
8811,1022
8812,1022
8813,1022
8814,1022
8815,0
8816,0
8817,0
8818,0
8819,0
8820,1022
8821,1022
8822,1022
8823,1022
8824,1022
8825,0
8826,0
8827,0
8828,0
8829,1022
8830,1022
8831,1022
8832,1022
8833,1022
8834,0
8835,0
8836,0
8837,0
8838,0
8839,1022
8840,1022
8841,1022
8842,1022
8843,0
8844,0
8845,0
8846,0
8847,0
8848,1022
8849,1022
8850,1022
8851,1022
8852,1022
8853,0
8854,0
8855,0
8856,0
8857,1022
8858,1022
8859,1022
8860,1022
8861,1022
8862,0
8863,0
8864,0
8865,0
8866,0
8867,1022
8868,1022
8869,1022
8870,1022
8871,0
8872,0
8873,0
8874,0
8875,0
8876,1022
8877,1022
8878,1021
8879,1022
8880,1022
8881,0
8882,0
8883,0
8884,0
8885,1022
8886,1022
8887,1022
8888,1022
8889,1022
8890,0
8891,0
8892,0
8893,0
8894,0
8895,1022
8896,1022
8897,1022
8898,1022
8899,0
8900,0
8901,0
8902,0
8903,0
8904,1022
8905,1022
8906,1022
8907,1022
8908,1022
8909,0
8910,0
8911,0
8912,0
8913,1022
8914,1022
8915,1022
8916,1022
8917,1021
8918,0
8919,0
8920,0
8921,0
8922,0
8923,1022
8924,1022
8925,1022
8926,1022
8927,0
8928,0
8929,0
8930,0
8931,0
8932,1022
8933,1022
8934,1022
8935,1022
8936,1022
8937,0
8938,0
8939,0
8940,0
8941,1022
8942,1022
8943,1023
8944,1022
8945,1022
8946,0
8947,0
8948,0
8949,0
8950,0
8951,1022
8952,1022
8953,1022
8954,1022
8955,0
8956,0
8957,0
8958,0
8959,0
8960,1022
8961,1022
8962,1022
8963,1022
8964,1021
8965,0
8966,0
8967,0
8968,0
8969,1022
8970,1022
8971,1022
8972,1022
8973,1022
8974,0
8975,0
8976,0
8977,0
8978,0
8979,1022
8980,1022
8981,1022
8982,1023
8983,0
8984,0
8985,0
8986,0
8987,0
8988,1022
8989,1021
8990,1022
8991,1021
8992,1022
8993,0
8994,0
8995,0
8996,0
8997,1023
8998,1022
8999,1022
9000,1021
9001,1022
9002,0
9003,0
9004,0
9005,0
9006,0
9007,1022
9008,1022
9009,1022
9010,1022
9011,0
9012,0
9013,0
9014,0
9015,0
9016,1022
9017,1022
9018,1022
9019,1022
9020,1022
9021,0
9022,0
9023,0
9024,0
9025,1022
9026,1022
9027,1022
9028,1021
9029,1022
9030,0
9031,0
9032,0
9033,0
9034,0
9035,1021
9036,1022
9037,1022
9038,1022
9039,0
9040,0
9041,0
9042,0
9043,0
9044,1022
9045,1022
9046,1022
9047,1022
9048,1022
9049,0
9050,0
9051,0
9052,0
9053,1021
9054,1022
9055,1022
9056,1022
9057,1022
9058,0
9059,0
9060,0
9061,0
9062,0
9063,1022
9064,1022
9065,1022
9066,1022
9067,1022
9068,0
9069,0
9070,0
9071,0
9072,1022
9073,1022
9074,1022
9075,1021
9076,1022
9077,0
9078,0
9079,0
9080,0
9081,0
9082,1022
9083,1022
9084,1022
9085,1022
9086,0
9087,0
9088,0
9089,0
9090,0
9091,1022
9092,1022
9093,1022
9094,1022
9095,1022
9096,0
9097,0
9098,0
9099,0
9100,1022
9101,1022
9102,1021
9103,1022
9104,1022
9105,0
9106,0
9107,0
9108,0
9109,0
9110,1022
9111,1022
9112,1022
9113,1022
9114,0
9115,0
9116,0
9117,0
9118,0
9119,1022
9120,1022
9121,1022
9122,1021
9123,1022
9124,0
9125,0
9126,0
9127,0
9128,1022
9129,1022
9130,1022
9131,1022
9132,1022
9133,0
9134,0
9135,0
9136,0
9137,0
9138,1022
9139,1021
9140,1022
9141,1022
9142,0
9143,0
9144,0
9145,0
9146,0
9147,1022
9148,1022
9149,1023
9150,1022
9151,1022
9152,0
9153,0
9154,0
9155,0
9156,1022
9157,1022
9158,1022
9159,1022
9160,1022
9161,0
9162,0
9163,0
9164,0
9165,0
9166,1022
9167,1022
9168,1022
9169,1022
9170,0
9171,0
9172,0
9173,0
9174,0
9175,1021
9176,1022
9177,1022
9178,1022
9179,1022
9180,0
9181,0
9182,0
9183,0
9184,1022
9185,1022
9186,1022
9187,1022
9188,1022
9189,0
9190,0
9191,0
9192,0
9193,0
9194,1022
9195,1022
9196,1022
9197,1022
9198,0
9199,0
9200,0
9201,0
9202,0
9203,1022
9204,1022
9205,1022
9206,1022
9207,1021
9208,0
9209,0
9210,0
9211,0
9212,1022
9213,1022
9214,1022
9215,1022
9216,1022
9217,0
9218,0
9219,0
9220,0
9221,0
9222,1022
9223,1022
9224,1022
9225,1022
9226,0
9227,0
9228,0
9229,0
9230,0
9231,1022
9232,1022
9233,1022
9234,1022
9235,1022
9236,0
9237,0
9238,0
9239,0
9240,1022
9241,1022
9242,1022
9243,1022
9244,1022
9245,0
9246,0
9247,0
9248,0
9249,0
9250,1022
9251,1021
9252,1022
9253,1021
9254,0
9255,0
9256,0
9257,0
9258,0
9259,1022
9260,1022
9261,1022
9262,1022
9263,1022
9264,0
9265,0
9266,0
9267,0
9268,1022
9269,1022
9270,1022
9271,1022
9272,1023
9273,0
9274,0
9275,0
9276,0
9277,0
9278,1022
9279,1022
9280,1021
9281,1022
9282,0
9283,0
9284,0
9285,0
9286,0
9287,1022
9288,1022
9289,1022
9290,1023
9291,1021
9292,0
9293,0
9294,0
9295,0
9296,1022
9297,1023
9298,1022
9299,1022
9300,1022
9301,0
9302,0
9303,0
9304,0
9305,0
9306,1022
9307,1022
9308,1022
9309,1022
9310,0
9311,0
9312,0
9313,0
9314,0
9315,1022
9316,1022
9317,1022
9318,1022
9319,1021
9320,0
9321,0
9322,0
9323,0
9324,1022
9325,1021
9326,1022
9327,1022
9328,1022
9329,0
9330,0
9331,0
9332,0
9333,0
9334,1022
9335,1022
9336,1022
9337,1022
9338,0
9339,0
9340,0
9341,0
9342,0
9343,1022
9344,1022
9345,1022
9346,1022
9347,1022
9348,0
9349,0
9350,0
9351,0
9352,1022
9353,1022
9354,1022
9355,1022
9356,1021
9357,0
9358,0
9359,0
9360,0
9361,0
9362,1022
9363,1022
9364,1022
9365,1022
9366,0
9367,0
9368,0
9369,0
9370,0
9371,1022
9372,1021
9373,1022
9374,1022
9375,1022
9376,0
9377,0
9378,0
9379,0
9380,1021
9381,1022
9382,1022
9383,1022
9384,1022
9385,0
9386,0
9387,0
9388,0
9389,0
9390,1022
9391,1022
9392,1022
9393,1022
9394,1022
9395,0
9396,0
9397,0
9398,0
9399,1022
9400,1022
9401,1022
9402,1021
9403,1022
9404,0
9405,0
9406,0
9407,0
9408,0
9409,1022
9410,1022
9411,1022
9412,1022
9413,0
9414,0
9415,0
9416,0
9417,0
9418,1022
9419,1022
9420,1022
9421,1022
9422,1022
9423,0
9424,0
9425,0
9426,0
9427,1022
9428,1021
9429,1022
9430,1022
9431,1022
9432,0
9433,0
9434,0
9435,0
9436,0
9437,1022
9438,1022
9439,1022
9440,1022
9441,0
9442,0
9443,0
9444,0
9445,0
9446,1022
9447,1022
9448,1022
9449,1022
9450,1022
9451,0
9452,0
9453,0
9454,0
9455,1022
9456,1022
9457,1022
9458,1022
9459,1022
9460,0
9461,0
9462,0
9463,0
9464,0
9465,1022
9466,1022
9467,1022
9468,1022
9469,0
9470,0
9471,0
9472,0
9473,0
9474,1022
9475,1022
9476,1022
9477,1022
9478,1022
9479,0
9480,0
9481,0
9482,0
9483,1022
9484,1022
9485,1022
9486,1023
9487,1022
9488,0
9489,0
9490,0
9491,0
9492,0
9493,1022
9494,1021
9495,1022
9496,1022
9497,0
9498,0
9499,0
9500,0
9501,0
9502,1022
9503,1022
9504,1022
9505,1021
9506,1022
9507,0
9508,0
9509,0
9510,0
9511,1022
9512,1023
9513,1022
9514,1022
9515,1022
9516,0
9517,0
9518,0
9519,0
9520,0
9521,1022
9522,1022
9523,1022
9524,1022
9525,0
9526,0
9527,0
9528,0
9529,0
9530,1022
9531,1023
9532,1022
9533,1021
9534,1022
9535,0
9536,0
9537,0
9538,0
9539,1022
9540,1022
9541,1022
9542,1022
9543,1023
9544,0
9545,0
9546,0
9547,0
9548,0
9549,1021
9550,1022
9551,1023
9552,1022
9553,0
9554,0
9555,0
9556,0
9557,0
9558,1022
9559,1022
9560,1022
9561,1022
9562,1021
9563,0
9564,0
9565,0
9566,0
9567,1022
9568,1022
9569,1023
9570,1022
9571,1022
9572,0
9573,0
9574,0
9575,0
9576,0
9577,1022
9578,1022
9579,1022
9580,1022
9581,0
9582,0
9583,0
9584,0
9585,0
9586,1022
9587,1021
9588,1022
9589,1022
9590,1022
9591,0
9592,0
9593,0
9594,0
9595,1022
9596,1022
9597,1022
9598,1022
9599,1022
9600,0
9601,0
9602,0
9603,0
9604,0
9605,1022
9606,1022
9607,1022
9608,1022
9609,0
9610,0
9611,0
9612,0
9613,0
9614,1022
9615,1022
9616,1022
9617,1022
9618,1022
9619,0
9620,0
9621,0
9622,0
9623,1022
9624,1022
9625,1022
9626,1022
9627,1022
9628,0
9629,0
9630,0
9631,0
9632,0
9633,1022
9634,1021
9635,1022
9636,1022
9637,0
9638,0
9639,0
9640,0
9641,0
9642,1022
9643,1022
9644,1022
9645,1022
9646,1022
9647,0
9648,0
9649,0
9650,0
9651,1022
9652,1022
9653,1022
9654,1022
9655,1022
9656,0
9657,0
9658,0
9659,0
9660,0
9661,1022
9662,1022
9663,1022
9664,1022
9665,0
9666,0
9667,0
9668,0
9669,0
9670,1022
9671,1022
9672,1022
9673,1022
9674,1022
9675,0
9676,0
9677,0
9678,0
9679,1022
9680,1022
9681,1022
9682,1022
9683,1021
9684,0
9685,0
9686,0
9687,0
9688,0
9689,1022
9690,1022
9691,1022
9692,1022
9693,1022
9694,0
9695,0
9696,0
9697,0
9698,1022
9699,1022
9700,1022
9701,1022
9702,1022
9703,0
9704,0
9705,0
9706,0
9707,0
9708,1022
9709,1022
9710,1022
9711,1022
9712,0
9713,0
9714,0
9715,0
9716,0
9717,1022
9718,1022
9719,1022
9720,1022
9721,1022
9722,0
9723,0
9724,0
9725,0
9726,1022
9727,1022
9728,1022
9729,1022
9730,1022
9731,0
9732,0
9733,0
9734,0
9735,0
9736,1022
9737,1022
9738,1022
9739,1022
9740,0
9741,0
9742,0
9743,0
9744,0
9745,1022
9746,1022
9747,1022
9748,1022
9749,1022
9750,0
9751,0
9752,0
9753,0
9754,1022
9755,1022
9756,1022
9757,1022
9758,1022
9759,0
9760,0
9761,0
9762,0
9763,0
9764,1022
9765,1022
9766,1022
9767,1022
9768,0
9769,0
9770,0
9771,0
9772,0
9773,1022
9774,1022
9775,1021
9776,1022
9777,1022
9778,0
9779,0
9780,0
9781,0
9782,1022
9783,1021
9784,1022
9785,1022
9786,1022
9787,0
9788,0
9789,0
9790,0
9791,0
9792,1022
9793,1022
9794,1022
9795,1022
9796,0
9797,0
9798,0
9799,0
9800,0
9801,1022
9802,1021
9803,1022
9804,1022
9805,1022
9806,0
9807,0
9808,0
9809,0
9810,1022
9811,1023
9812,1021
9813,1022
9814,1022
9815,0
9816,0
9817,0
9818,0
9819,0
9820,1022
9821,1022
9822,1022
9823,1022
9824,0
9825,0
9826,0
9827,0
9828,0
9829,1022
9830,1022
9831,1021
9832,1022
9833,1022
9834,0
9835,0
9836,0
9837,0
9838,1022
9839,1022
9840,1022
9841,1022
9842,1021
9843,0
9844,0
9845,0
9846,0
9847,0
9848,1022
9849,1022
9850,1022
9851,1021
9852,0
9853,0
9854,0
9855,0
9856,0
9857,1022
9858,1022
9859,1022
9860,1022
9861,1022
9862,0
9863,0
9864,0
9865,0
9866,1022
9867,1022
9868,1022
9869,1022
9870,1022
9871,0
9872,0
9873,0
9874,0
9875,0
9876,1022
9877,1022
9878,1022
9879,1022
9880,0
9881,0
9882,0
9883,0
9884,0
9885,1022
9886,1022
9887,1022
9888,1021
9889,1022
9890,0
9891,0
9892,0
9893,0
9894,1022
9895,1021
9896,1022
9897,1022
9898,1022
9899,0
9900,0
9901,0
9902,0
9903,0
9904,1022
9905,1022
9906,1022
9907,1022
9908,0
9909,0
9910,0
9911,0
9912,0
9913,1022
9914,1022
9915,1022
9916,1022
9917,1022
9918,0
9919,0
9920,0
9921,0
9922,1022
9923,1022
9924,1022
9925,1022
9926,1022
9927,0
9928,0
9929,0
9930,0
9931,0
9932,1022
9933,1022
9934,1022
9935,1022
9936,0
9937,0
9938,0
9939,0
9940,0
9941,1022
9942,1022
9943,1022
9944,1022
9945,1022
9946,0
9947,0
9948,0
9949,0
9950,1021
9951,1022
9952,1022
9953,1022
9954,1022
9955,0
9956,0
9957,0
9958,0
9959,0
9960,1022
9961,1022
9962,1022
9963,1022
9964,1022
9965,0
9966,0
9967,0
9968,0
9969,1022
9970,1022
9971,1022
9972,1022
9973,1022
9974,0
9975,0
9976,0
9977,0
9978,0
9979,1022
9980,1022
9981,1022
9982,1022
9983,0
9984,0
9985,0
9986,0
9987,0
9988,1021
9989,1021
9990,1022
9991,1021
9992,1022
9993,0
9994,0
9995,0
9996,0
9997,1022
9998,1022
9999,1022
10000,1022
