1,0
2,0
3,0
4,0
5,0
6,0
7,0
8,1022
9,1022
10,1022
11,1022
12,1022
13,1022
14,1022
15,1022
16,1022
17,1022
18,1022
19,1022
20,0
21,0
22,0
23,0
24,0
25,0
26,0
27,0
28,0
29,0
30,0
31,0
32,0
33,1022
34,1022
35,1022
36,1022
37,1022
38,1022
39,1022
40,1022
41,1022
42,1022
43,1022
44,1022
45,0
46,0
47,0
48,0
49,0
50,0
51,0
52,0
53,0
54,0
55,0
56,0
57,0
58,1022
59,1022
60,1022
61,1022
62,1022
63,1022
64,1022
65,1022
66,1022
67,1022
68,1022
69,1022
70,0
71,0
72,0
73,0
74,0
75,0
76,0
77,0
78,0
79,0
80,0
81,0
82,0
83,1022
84,1022
85,1022
86,1022
87,1021
88,1022
89,1022
90,1022
91,1022
92,1021
93,1022
94,1022
95,0
96,0
97,0
98,0
99,0
100,0
101,0
102,0
103,0
104,0
105,0
106,0
107,0
108,1022
109,1022
110,1022
111,1022
112,1022
113,1021
114,1022
115,1022
116,1022
117,1022
118,1022
119,1022
120,0
121,0
122,0
123,0
124,0
125,0
126,0
127,0
128,0
129,0
130,0
131,0
132,0
133,1022
134,1022
135,1022
136,1022
137,1022
138,1022
139,1022
140,1022
141,1022
142,1022
143,1022
144,1022
145,0
146,0
147,0
148,0
149,0
150,0
151,0
152,0
153,0
154,0
155,0
156,0
157,1022
158,1022
159,1022
160,1022
161,1022
162,1022
163,1022
164,1022
165,1022
166,1022
167,1022
168,1022
169,1022
170,0
171,0
172,0
173,0
174,0
175,0
176,0
177,0
178,0
179,0
180,0
181,0
182,1021
183,1022
184,1022
185,1022
186,1023
187,1022
188,1022
189,1022
190,1022
191,1022
192,1022
193,1022
194,1022
195,0
196,0
197,0
198,0
199,0
200,0
201,0
202,0
203,0
204,0
205,0
206,0
207,1022
208,1022
209,1022
210,1022
211,1022
212,1022
213,1022
214,1021
215,1022
216,1022
217,1022
218,1022
219,1022
220,0
221,0
222,0
223,0
224,0
225,0
226,0
227,0
228,0
229,0
230,0
231,0
232,1022
233,1022
234,1022
235,1022
236,1022
237,1022
238,1022
239,1022
240,1022
241,1022
242,1022
243,1022
244,1022
245,0
246,0
247,0
248,0
249,0
250,0
251,0
252,0
253,0
254,0
255,0
256,0
257,1022
258,1022
259,1022
260,1022
261,1022
262,1022
263,1022
264,1021
265,1022
266,1022
267,1022
268,1022
269,1022
270,0
271,0
272,0
273,0
274,0
275,0
276,0
277,0
278,0
279,0
280,0
281,0
282,1021
283,1022
284,1022
285,1022
286,1022
287,1022
288,1022
289,1022
290,1022
291,1022
292,1022
293,1022
294,1022
295,0
296,0
297,0
298,0
299,0
300,0
301,0
302,0
303,0
304,0
305,0
306,0
307,1022
308,1022
309,1021
310,1022
311,1021
312,1022
313,1022
314,1022
315,1022
316,1022
317,1022
318,1022
319,1022
320,0
321,0
322,0
323,0
324,0
325,0
326,0
327,0
328,0
329,0
330,0
331,0
332,1022
333,1022
334,1022
335,1022
336,1022
337,1022
338,1022
339,1022
340,1022
341,1022
342,1022
343,1022
344,1022
345,0
346,0
347,0
348,0
349,0
350,0
351,0
352,0
353,0
354,0
355,0
356,0
357,1021
358,1022
359,1022
360,1022
361,1022
362,1022
363,1021
364,1022
365,1022
366,1022
367,1022
368,1022
369,1022
370,0
371,0
372,0
373,0
374,0
375,0
376,0
377,0
378,0
379,0
380,0
381,0
382,1022
383,1022
384,1022
385,1022
386,1022
387,1022
388,1022
389,1022
390,1022
391,1022
392,1022
393,1022
394,1022
395,0
396,0
397,0
398,0
399,0
400,0
401,0
402,0
403,0
404,0
405,0
406,0
407,1022
408,1022
409,1022
410,1022
411,1022
412,1022
413,1022
414,1022
415,1022
416,1022
417,1022
418,1022
419,1022
420,0
421,0
422,0
423,0
424,0
425,0
426,0
427,0
428,0
429,0
430,0
431,0
432,1022
433,1022
434,1022
435,1022
436,1022
437,1022
438,1022
439,1022
440,1022
441,1022
442,1022
443,1022
444,1022
445,0
446,0
447,0
448,0
449,0
450,0
451,0
452,0
453,0
454,0
455,0
456,0
457,1021
458,1022
459,1022
460,1022
461,1022
462,1022
463,1022
464,1022
465,1022
466,1022
467,1022
468,1022
469,0
470,0
471,0
472,0
473,0
474,0
475,0
476,0
477,0
478,0
479,0
480,0
481,0
482,1022
483,1022
484,1022
485,1023
486,1022
487,1022
488,1022
489,1022
490,1022
491,1022
492,1022
493,1022
494,0
495,0
496,0
497,0
498,0
499,0
500,0
501,0
502,0
503,0
504,0
505,0
506,0
507,1022
508,1022
509,1022
510,1022
511,1022
512,1022
513,1022
514,1022
515,1022
516,1022
517,1022
518,1022
519,0
520,0
521,0
522,0
523,0
524,0
525,0
526,0
527,0
528,0
529,0
530,0
531,0
532,1022
533,1022
534,1022
535,1022
536,1022
537,1022
538,1022
539,1022
540,1022
541,1022
542,1022
543,1022
544,0
545,0
546,0
547,0
548,0
549,0
550,0
551,0
552,0
553,0
554,0
555,0
556,0
557,1023
558,1022
559,1022
560,1022
561,1022
562,1022
563,1022
564,1022
565,1022
566,1022
567,1022
568,1022
569,0
570,0
571,0
572,0
573,0
574,0
575,0
576,0
577,0
578,0
579,0
580,0
581,0
582,1022
583,1022
584,1021
585,1022
586,1022
587,1022
588,1022
589,1022
590,1022
591,1022
592,1022
593,1022
594,0
595,0
596,0
597,0
598,0
599,0
600,0
601,0
602,0
603,0
604,0
605,0
606,0
607,1022
608,1021
609,1022
610,1022
611,1022
612,1022
613,1021
614,1022
615,1022
616,1021
617,1023
618,1022
619,0
620,0
621,0
622,0
623,0
624,0
625,0
626,0
627,0
628,0
629,0
630,0
631,0
632,1022
633,1022
634,1022
635,1022
636,1022
637,1022
638,1022
639,1022
640,1022
641,1021
642,1022
643,1022
644,0
645,0
646,0
647,0
648,0
649,0
650,0
651,0
652,0
653,0
654,0
655,0
656,0
657,1022
658,1022
659,1022
660,1022
661,1022
662,1022
663,1022
664,1022
665,1022
666,1022
667,1022
668,1022
669,0
670,0
671,0
672,0
673,0
674,0
675,0
676,0
677,0
678,0
679,0
680,0
681,0
682,1022
683,1022
684,1022
685,1022
686,1021
687,1022
688,1022
689,1021
690,1022
691,1022
692,1022
693,1022
694,0
695,0
696,0
697,0
698,0
699,0
700,0
701,0
702,0
703,0
704,0
705,0
706,0
707,1022
708,1022
709,1022
710,1021
711,1022
712,1021
713,1022
714,1022
715,1022
716,1022
717,1022
718,1022
719,0
720,0
721,0
722,0
723,0
724,0
725,0
726,0
727,0
728,0
729,0
730,0
731,0
732,1022
733,1022
734,1022
735,1022
736,1022
737,1022
738,1022
739,1022
740,1022
741,1022
742,1022
743,1022
744,0
745,0
746,0
747,0
748,0
749,0
750,0
751,0
752,0
753,0
754,0
755,0
756,0
757,1022
758,1022
759,1022
760,1022
761,1022
762,1022
763,1022
764,1022
765,1022
766,1022
767,1022
768,1023
769,0
770,0
771,0
772,0
773,0
774,0
775,0
776,0
777,0
778,0
779,0
780,0
781,1021
782,1022
783,1022
784,1022
785,1022
786,1022
787,1022
788,1022
789,1022
790,1022
791,1022
792,1021
793,1022
794,0
795,0
796,0
797,0
798,0
799,0
800,0
801,0
802,0
803,0
804,0
805,0
806,1022
807,1022
808,1022
809,1022
810,1022
811,1022
812,1021
813,1022
814,1022
815,1022
816,1022
817,1022
818,1022
819,0
820,0
821,0
822,0
823,0
824,0
825,0
826,0
827,0
828,0
829,0
830,0
831,1022
832,1022
833,1022
834,1022
835,1022
836,1022
837,1022
838,1022
839,1022
840,1022
841,1022
842,1022
843,1022
844,0
845,0
846,0
847,0
848,0
849,0
850,0
851,0
852,0
853,0
854,0
855,0
856,1022
857,1022
858,1022
859,1022
860,1022
861,1022
862,1021
863,1022
864,1022
865,1022
866,1022
867,1022
868,1022
869,0
870,0
871,0
872,0
873,0
874,0
875,0
876,0
877,0
878,0
879,0
880,0
881,1022
882,1022
883,1022
884,1022
885,1022
886,1022
887,1022
888,1022
889,1022
890,1021
891,1022
892,1022
893,1022
894,0
895,0
896,0
897,0
898,0
899,0
900,0
901,0
902,0
903,0
904,0
905,0
906,1022
907,1022
908,1021
909,1022
910,1022
911,1022
912,1022
913,1022
914,1022
915,1022
916,1022
917,1022
918,1022
919,0
920,0
921,0
922,0
923,0
924,0
925,0
926,0
927,0
928,0
929,0
930,0
931,1022
932,1022
933,1022
934,1022
935,1022
936,1022
937,1022
938,1022
939,1022
940,1022
941,1022
942,1022
943,1022
944,0
945,0
946,0
947,0
948,0
949,0
950,0
951,0
952,0
953,0
954,0
955,0
956,1022
957,1022
958,1022
959,1022
960,1023
961,1021
962,1022
963,1022
964,1022
965,1022
966,1022
967,1022
968,1022
969,0
970,0
971,0
972,0
973,0
974,0
975,0
976,0
977,0
978,0
979,0
980,0
981,1022
982,1022
983,1022
984,1022
985,1022
986,1022
987,1022
988,1022
989,1022
990,1022
991,1022
992,1022
993,1022
994,0
995,0
996,0
997,0
998,0
999,0
1000,0
1001,0
1002,0
1003,0
1004,0
1005,0
1006,1022
1007,1022
1008,1023
1009,1022
1010,1022
1011,1022
1012,1022
1013,1022
1014,1022
1015,1022
1016,1022
1017,1022
1018,1022
1019,0
1020,0
1021,0
1022,0
1023,0
1024,0
1025,0
1026,0
1027,0
1028,0
1029,0
1030,0
1031,1022
1032,1022
1033,1022
1034,1022
1035,1022
1036,1022
1037,1022
1038,1022
1039,1022
1040,1022
1041,1022
1042,1022
1043,1022
1044,0
1045,0
1046,0
1047,0
1048,0
1049,0
1050,0
1051,0
1052,0
1053,0
1054,0
1055,0
1056,1021
1057,1022
1058,1022
1059,1022
1060,1021
1061,1022
1062,1022
1063,1022
1064,1022
1065,1022
1066,1022
1067,1021
1068,1022
1069,0
1070,0
1071,0
1072,0
1073,0
1074,0
1075,0
1076,0
1077,0
1078,0
1079,0
1080,0
1081,1022
1082,1022
1083,1022
1084,1022
1085,1022
1086,1022
1087,1022
1088,1022
1089,1022
1090,1022
1091,1022
1092,1022
1093,0
1094,0
1095,0
1096,0
1097,0
1098,0
1099,0
1100,0
1101,0
1102,0
1103,0
1104,0
1105,0
1106,1022
1107,1022
1108,1021
1109,1022
1110,1022
1111,1022
1112,1022
1113,1022
1114,1022
1115,1022
1116,1022
1117,1022
1118,0
1119,0
1120,0
1121,0
1122,0
1123,0
1124,0
1125,0
1126,0
1127,0
1128,0
1129,0
1130,0
1131,1022
1132,1022
1133,1022
1134,1022
1135,1022
1136,1022
1137,1022
1138,1022
1139,1022
1140,1022
1141,1022
1142,1022
1143,0
1144,0
1145,0
1146,0
1147,0
1148,0
1149,0
1150,0
1151,0
1152,0
1153,0
1154,0
1155,0
1156,1022
1157,1022
1158,1022
1159,1022
1160,1022
1161,1022
1162,1022
1163,1022
1164,1021
1165,1023
1166,1022
1167,1022
1168,0
1169,0
1170,0
1171,0
1172,0
1173,0
1174,0
1175,0
1176,0
1177,0
1178,0
1179,0
1180,0
1181,1022
1182,1022
1183,1022
1184,1022
1185,1022
1186,1022
1187,1022
1188,1022
1189,1022
1190,1022
1191,1022
1192,1022
1193,0
1194,0
1195,0
1196,0
1197,0
1198,0
1199,0
1200,0
1201,0
1202,0
1203,0
1204,0
1205,0
1206,1022
1207,1022
1208,1022
1209,1022
1210,1022
1211,1021
1212,1022
1213,1022
1214,1022
1215,1022
1216,1021
1217,1022
1218,0
1219,0
1220,0
1221,0
1222,0
1223,0
1224,0
1225,0
1226,0
1227,0
1228,0
1229,0
1230,0
1231,1022
1232,1023
1233,1022
1234,1023
1235,1022
1236,1022
1237,1021
1238,1022
1239,1022
1240,1021
1241,1021
1242,1022
1243,0
1244,0
1245,0
1246,0
1247,0
1248,0
1249,0
1250,0
1251,0
1252,0
1253,0
1254,0
1255,0
1256,1022
1257,1022
1258,1022
1259,1022
1260,1021
1261,1022
1262,1022
1263,1022
1264,1022
1265,1022
1266,1022
1267,1022
1268,0
1269,0
1270,0
1271,0
1272,0
1273,0
1274,0
1275,0
1276,0
1277,0
1278,0
1279,0
1280,0
1281,1022
1282,1022
1283,1022
1284,1022
1285,1021
1286,1022
1287,1022
1288,1022
1289,1022
1290,1022
1291,1022
1292,1022
1293,0
1294,0
1295,0
1296,0
1297,0
1298,0
1299,0
1300,0
1301,0
1302,0
1303,0
1304,0
1305,0
1306,1023
1307,1022
1308,1022
1309,1022
1310,1023
1311,1022
1312,1022
1313,1022
1314,1022
1315,1022
1316,1021
1317,1022
1318,0
1319,0
1320,0
1321,0
1322,0
1323,0
1324,0
1325,0
1326,0
1327,0
1328,0
1329,0
1330,0
1331,1022
1332,1023
1333,1022
1334,1022
1335,1022
1336,1022
1337,1022
1338,1022
1339,1022
1340,1022
1341,1022
1342,1022
1343,0
1344,0
1345,0
1346,0
1347,0
1348,0
1349,0
1350,0
1351,0
1352,0
1353,0
1354,0
1355,0
1356,1022
1357,1022
1358,1021
1359,1022
1360,1022
1361,1022
1362,1022
1363,1022
1364,1022
1365,1022
1366,1022
1367,1022
1368,0
1369,0
1370,0
1371,0
1372,0
1373,0
1374,0
1375,0
1376,0
1377,0
1378,0
1379,0
1380,0
1381,1022
1382,1022
1383,1022
1384,1022
1385,1022
1386,1022
1387,1022
1388,1022
1389,1022
1390,1022
1391,1022
1392,1021
1393,0
1394,0
1395,0
1396,0
1397,0
1398,0
1399,0
1400,0
1401,0
1402,0
1403,0
1404,0
1405,1022
1406,1022
1407,1022
1408,1023
1409,1022
1410,1021
1411,1023
1412,1022
1413,1022
1414,1022
1415,1022
1416,1022
1417,1022
1418,0
1419,0
1420,0
1421,0
1422,0
1423,0
1424,0
1425,0
1426,0
1427,0
1428,0
1429,0
1430,1022
1431,1022
1432,1022
1433,1022
1434,1022
1435,1022
1436,1022
1437,1022
1438,1022
1439,1022
1440,1022
1441,1022
1442,1022
1443,0
1444,0
1445,0
1446,0
1447,0
1448,0
1449,0
1450,0
1451,0
1452,0
1453,0
1454,0
1455,1022
1456,1022
1457,1022
1458,1022
1459,1022
1460,1022
1461,1022
1462,1022
1463,1022
1464,1022
1465,1022
1466,1022
1467,1022
1468,0
1469,0
1470,0
1471,0
1472,0
1473,0
1474,0
1475,0
1476,0
1477,0
1478,0
1479,0
1480,1022
1481,1022
1482,1022
1483,1022
1484,1022
1485,1022
1486,1022
1487,1022
1488,1022
1489,1022
1490,1022
1491,1022
1492,1022
1493,0
1494,0
1495,0
1496,0
1497,0
1498,0
1499,0
1500,0
1501,0
1502,0
1503,0
1504,0
1505,1022
1506,1022
1507,1022
1508,1022
1509,1022
1510,1022
1511,1022
1512,1022
1513,1022
1514,1022
1515,1022
1516,1022
1517,1022
1518,0
1519,0
1520,0
1521,0
1522,0
1523,0
1524,0
1525,0
1526,0
1527,0
1528,0
1529,0
1530,1022
1531,1022
1532,1022
1533,1022
1534,1021
1535,1022
1536,1022
1537,1022
1538,1022
1539,1022
1540,1022
1541,1021
1542,1022
1543,0
1544,0
1545,0
1546,0
1547,0
1548,0
1549,0
1550,0
1551,0
1552,0
1553,0
1554,0
1555,1022
1556,1022
1557,1022
1558,1022
1559,1022
1560,1022
1561,1022
1562,1022
1563,1022
1564,1022
1565,1022
1566,1022
1567,1022
1568,0
1569,0
1570,0
1571,0
1572,0
1573,0
1574,0
1575,0
1576,0
1577,0
1578,0
1579,0
1580,1021
1581,1022
1582,1022
1583,1022
1584,1022
1585,1022
1586,1022
1587,1022
1588,1022
1589,1022
1590,1022
1591,1022
1592,1022
1593,0
1594,0
1595,0
1596,0
1597,0
1598,0
1599,0
1600,0
1601,0
1602,0
1603,0
1604,0
1605,1022
1606,1022
1607,1022
1608,1022
1609,1022
1610,1022
1611,1022
1612,1022
1613,1022
1614,1022
1615,1022
1616,1022
1617,1021
1618,0
1619,0
1620,0
1621,0
1622,0
1623,0
1624,0
1625,0
1626,0
1627,0
1628,0
1629,0
1630,1022
1631,1022
1632,1022
1633,1022
1634,1022
1635,1022
1636,1022
1637,1022
1638,1022
1639,1022
1640,1022
1641,1022
1642,1022
1643,0
1644,0
1645,0
1646,0
1647,0
1648,0
1649,0
1650,0
1651,0
1652,0
1653,0
1654,0
1655,1022
1656,1022
1657,1022
1658,1022
1659,1022
1660,1022
1661,1021
1662,1022
1663,1022
1664,1022
1665,1022
1666,1022
1667,1022
1668,0
1669,0
1670,0
1671,0
1672,0
1673,0
1674,0
1675,0
1676,0
1677,0
1678,0
1679,0
1680,1022
1681,1022
1682,1022
1683,1022
1684,1022
1685,1022
1686,1022
1687,1022
1688,1022
1689,1022
1690,1022
1691,1021
1692,1021
1693,0
1694,0
1695,0
1696,0
1697,0
1698,0
1699,0
1700,0
1701,0
1702,0
1703,0
1704,0
1705,1021
1706,1022
1707,1022
1708,1022
1709,1022
1710,1022
1711,1022
1712,1022
1713,1022
1714,1022
1715,1021
1716,1022
1717,0
1718,0
1719,0
1720,0
1721,0
1722,0
1723,0
1724,0
1725,0
1726,0
1727,0
1728,0
1729,0
1730,1022
1731,1022
1732,1022
1733,1022
1734,1022
1735,1022
1736,1022
1737,1022
1738,1022
1739,1022
1740,1022
1741,1022
1742,0
1743,0
1744,0
1745,0
1746,0
1747,0
1748,0
1749,0
1750,0
1751,0
1752,0
1753,0
1754,0
1755,1022
1756,1022
1757,1022
1758,1022
1759,1022
1760,1022
1761,1022
1762,1021
1763,1021
1764,1022
1765,1022
1766,1021
1767,0
1768,0
1769,0
1770,0
1771,0
1772,0
1773,0
1774,0
1775,0
1776,0
1777,0
1778,0
1779,0
1780,1022
1781,1022
1782,1022
1783,1022
1784,1022
1785,1022
1786,1022
1787,1022
1788,1022
1789,1022
1790,1021
1791,1022
1792,0
1793,0
1794,0
1795,0
1796,0
1797,0
1798,0
1799,0
1800,0
1801,0
1802,0
1803,0
1804,0
1805,1022
1806,1022
1807,1022
1808,1022
1809,1022
1810,1022
1811,1022
1812,1022
1813,1022
1814,1022
1815,1022
1816,1022
1817,0
1818,0
1819,0
1820,0
1821,0
1822,0
1823,0
1824,0
1825,0
1826,0
1827,0
1828,0
1829,0
1830,1022
1831,1022
1832,1022
1833,1022
1834,1022
1835,1022
1836,1022
1837,1022
1838,1022
1839,1022
1840,1021
1841,1022
1842,0
1843,0
1844,0
1845,0
1846,0
1847,0
1848,0
1849,0
1850,0
1851,0
1852,0
1853,0
1854,0
1855,1022
1856,1022
1857,1022
1858,1022
1859,1022
1860,1022
1861,1022
1862,1022
1863,1022
1864,1022
1865,1022
1866,1022
1867,0
1868,0
1869,0
1870,0
1871,0
1872,0
1873,0
1874,0
1875,0
1876,0
1877,0
1878,0
1879,0
1880,1022
1881,1022
1882,1022
1883,1022
1884,1022
1885,1022
1886,1022
1887,1022
1888,1022
1889,1022
1890,1022
1891,1022
1892,0
1893,0
1894,0
1895,0
1896,0
1897,0
1898,0
1899,0
1900,0
1901,0
1902,0
1903,0
1904,0
1905,1022
1906,1022
1907,1022
1908,1022
1909,1022
1910,1022
1911,1022
1912,1022
1913,1022
1914,1022
1915,1020
1916,1022
1917,0
1918,0
1919,0
1920,0
1921,0
1922,0
1923,0
1924,0
1925,0
1926,0
1927,0
1928,0
1929,0
1930,1022
1931,1023
1932,1022
1933,1022
1934,1023
1935,1022
1936,1022
1937,1022
1938,1022
1939,1022
1940,1022
1941,1022
1942,0
1943,0
1944,0
1945,0
1946,0
1947,0
1948,0
1949,0
1950,0
1951,0
1952,0
1953,0
1954,0
1955,1022
1956,1022
1957,1022
1958,1022
1959,1022
1960,1022
1961,1022
1962,1022
1963,1022
1964,1022
1965,1022
1966,1022
1967,0
1968,0
1969,0
1970,0
1971,0
1972,0
1973,0
1974,0
1975,0
1976,0
1977,0
1978,0
1979,0
1980,1022
1981,1022
1982,1022
1983,1022
1984,1022
1985,1022
1986,1022
1987,1022
1988,1022
1989,1022
1990,1022
1991,1022
1992,0
1993,0
1994,0
1995,0
1996,0
1997,0
1998,0
1999,0
2000,0
2001,0
2002,0
2003,0
2004,0
2005,1022
2006,1022
2007,1022
2008,1022
2009,1022
2010,1022
2011,1022
2012,1022
2013,1022
2014,1022
2015,1023
2016,1022
2017,0
2018,0
2019,0
2020,0
2021,0
2022,0
2023,0
2024,0
2025,0
2026,0
2027,0
2028,0
2029,1022
2030,1022
2031,1022
2032,1022
2033,1022
2034,1022
2035,1022
2036,1022
2037,1022
2038,1022
2039,1022
2040,1022
2041,1021
2042,0
2043,0
2044,0
2045,0
2046,0
2047,0
2048,0
2049,0
2050,0
2051,0
2052,0
2053,0
2054,1022
2055,1022
2056,1022
2057,1022
2058,1022
2059,1022
2060,1022
2061,1022
2062,1022
2063,1022
2064,1022
2065,1022
2066,1022
2067,0
2068,0
2069,0
2070,0
2071,0
2072,0
2073,0
2074,0
2075,0
2076,0
2077,0
2078,0
2079,1022
2080,1022
2081,1022
2082,1022
2083,1021
2084,1022
2085,1022
2086,1022
2087,1022
2088,1022
2089,1022
2090,1022
2091,1022
2092,0
2093,0
2094,0
2095,0
2096,0
2097,0
2098,0
2099,0
2100,0
2101,0
2102,0
2103,0
2104,1022
2105,1022
2106,1022
2107,1022
2108,1022
2109,1022
2110,1022
2111,1022
2112,1022
2113,1022
2114,1022
2115,1022
2116,1022
2117,0
2118,0
2119,0
2120,0
2121,0
2122,0
2123,0
2124,0
2125,0
2126,0
2127,0
2128,0
2129,1022
2130,1022
2131,1022
2132,1022
2133,1022
2134,1022
2135,1022
2136,1022
2137,1022
2138,1022
2139,1022
2140,1022
2141,1022
2142,0
2143,0
2144,0
2145,0
2146,0
2147,0
2148,0
2149,0
2150,0
2151,0
2152,0
2153,0
2154,1022
2155,1021
2156,1021
2157,1022
2158,1022
2159,1022
2160,1021
2161,1021
2162,1022
2163,1022
2164,1022
2165,1022
2166,1022
2167,0
2168,0
2169,0
2170,0
2171,0
2172,0
2173,0
2174,0
2175,0
2176,0
2177,0
2178,0
2179,1021
2180,1022
2181,1022
2182,1022
2183,1022
2184,1022
2185,1022
2186,1022
2187,1022
2188,1022
2189,1022
2190,1022
2191,1022
2192,0
2193,0
2194,0
2195,0
2196,0
2197,0
2198,0
2199,0
2200,0
2201,0
2202,0
2203,0
2204,1022
2205,1022
2206,1022
2207,1022
2208,1022
2209,1022
2210,1023
2211,1022
2212,1022
2213,1022
2214,1022
2215,1022
2216,1022
2217,0
2218,0
2219,0
2220,0
2221,0
2222,0
2223,0
2224,0
2225,0
2226,0
2227,0
2228,0
2229,1021
2230,1022
2231,1022
2232,1022
2233,1022
2234,1022
2235,1021
2236,1022
2237,1022
2238,1022
2239,1022
2240,1022
2241,1022
2242,0
2243,0
2244,0
2245,0
2246,0
2247,0
2248,0
2249,0
2250,0
2251,0
2252,0
2253,0
2254,1022
2255,1021
2256,1022
2257,1022
2258,1022
2259,1022
2260,1022
2261,1022
2262,1022
2263,1022
2264,1022
2265,1022
2266,1022
2267,0
2268,0
2269,0
2270,0
2271,0
2272,0
2273,0
2274,0
2275,0
2276,0
2277,0
2278,0
2279,1022
2280,1022
2281,1022
2282,1022
2283,1022
2284,1022
2285,1022
2286,1022
2287,1022
2288,1022
2289,1022
2290,1021
2291,1022
2292,0
2293,0
2294,0
2295,0
2296,0
2297,0
2298,0
2299,0
2300,0
2301,0
2302,0
2303,0
2304,1022
2305,1021
2306,1022
2307,1022
2308,1022
2309,1022
2310,1022
2311,1022
2312,1022
2313,1022
2314,1021
2315,1022
2316,1022
2317,0
2318,0
2319,0
2320,0
2321,0
2322,0
2323,0
2324,0
2325,0
2326,0
2327,0
2328,0
2329,1022
2330,1022
2331,1022
2332,1022
2333,1022
2334,1022
2335,1022
2336,1022
2337,1021
2338,1022
2339,1022
2340,1021
2341,0
2342,0
2343,0
2344,0
2345,0
2346,0
2347,0
2348,0
2349,0
2350,0
2351,0
2352,0
2353,0
2354,1022
2355,1022
2356,1022
2357,1022
2358,1022
2359,1022
2360,1021
2361,1022
2362,1022
2363,1023
2364,1022
2365,1022
2366,0
2367,0
2368,0
2369,0
2370,0
2371,0
2372,0
2373,0
2374,0
2375,0
2376,0
2377,0
2378,0
2379,1023
2380,1021
2381,1022
2382,1021
2383,1022
2384,1022
2385,1021
2386,1022
2387,1022
2388,1022
2389,1022
2390,1022
2391,0
2392,0
2393,0
2394,0
2395,0
2396,0
2397,0
2398,0
2399,0
2400,0
2401,0
2402,0
2403,0
2404,1022
2405,1022
2406,1022
2407,1022
2408,1022
2409,1022
2410,1022
2411,1022
2412,1022
2413,1022
2414,1022
2415,1022
2416,0
2417,0
2418,0
2419,0
2420,0
2421,0
2422,0
2423,0
2424,0
2425,0
2426,0
2427,0
2428,0
2429,1022
2430,1022
2431,1022
2432,1022
2433,1022
2434,1022
2435,1022
2436,1022
2437,1022
2438,1022
2439,1022
2440,1022
2441,0
2442,0
2443,0
2444,0
2445,0
2446,0
2447,0
2448,0
2449,0
2450,0
2451,0
2452,0
2453,0
2454,1022
2455,1022
2456,1022
2457,1022
2458,1022
2459,1022
2460,1022
2461,1022
2462,1022
2463,1022
2464,1022
2465,1022
2466,0
2467,0
2468,0
2469,0
2470,0
2471,0
2472,0
2473,0
2474,0
2475,0
2476,0
2477,0
2478,0
2479,1022
2480,1022
2481,1022
2482,1021
2483,1022
2484,1022
2485,1022
2486,1022
2487,1022
2488,1022
2489,1022
2490,1022
2491,0
2492,0
2493,0
2494,0
2495,0
2496,0
2497,0
2498,0
2499,0
2500,0
2501,0
2502,0
2503,0
2504,1022
2505,1022
2506,1022
2507,1022
2508,1022
2509,1022
2510,1022
2511,1022
2512,1022
2513,1022
2514,1022
2515,1022
2516,0
2517,0
2518,0
2519,0
2520,0
2521,0
2522,0
2523,0
2524,0
2525,0
2526,0
2527,0
2528,0
2529,1021
2530,1021
2531,1021
2532,1021
2533,1022
2534,1022
2535,1022
2536,1023
2537,1022
2538,1022
2539,1022
2540,1022
2541,0
2542,0
2543,0
2544,0
2545,0
2546,0
2547,0
2548,0
2549,0
2550,0
2551,0
2552,0
2553,0
2554,1023
2555,1022
2556,1022
2557,1022
2558,1022
2559,1022
2560,1022
2561,1022
2562,1022
2563,1022
2564,1022
2565,1022
2566,0
2567,0
2568,0
2569,0
2570,0
2571,0
2572,0
2573,0
2574,0
2575,0
2576,0
2577,0
2578,0
2579,1022
2580,1022
2581,1022
2582,1022
2583,1022
2584,1022
2585,1022
2586,1022
2587,1022
2588,1022
2589,1022
2590,1022
2591,0
2592,0
2593,0
2594,0
2595,0
2596,0
2597,0
2598,0
2599,0
2600,0
2601,0
2602,0
2603,0
2604,1021
2605,1022
2606,1021
2607,1022
2608,1021
2609,1022
2610,1022
2611,1022
2612,1022
2613,1022
2614,1022
2615,1022
2616,0
2617,0
2618,0
2619,0
2620,0
2621,0
2622,0
2623,0
2624,0
2625,0
2626,0
2627,0
2628,0
2629,1022
2630,1021
2631,1022
2632,1022
2633,1022
2634,1022
2635,1022
2636,1022
2637,1022
2638,1022
2639,1022
2640,1022
2641,0
2642,0
2643,0
2644,0
2645,0
2646,0
2647,0
2648,0
2649,0
2650,0
2651,0
2652,0
2653,1022
2654,1022
2655,1022
2656,1022
2657,1022
2658,1022
2659,1022
2660,1022
2661,1021
2662,1022
2663,1021
2664,1022
2665,1022
2666,0
2667,0
2668,0
2669,0
2670,0
2671,0
2672,0
2673,0
2674,0
2675,0
2676,0
2677,0
2678,1022
2679,1021
2680,1021
2681,1021
2682,1022
2683,1021
2684,1022
2685,1022
2686,1021
2687,1022
2688,1022
2689,1021
2690,1022
2691,0
2692,0
2693,0
2694,0
2695,0
2696,0
2697,0
2698,0
2699,0
2700,0
2701,0
2702,0
2703,1022
2704,1022
2705,1022
2706,1022
2707,1022
2708,1022
2709,1022
2710,1022
2711,1021
2712,1022
2713,1022
2714,1022
2715,1022
2716,0
2717,0
2718,0
2719,0
2720,0
2721,0
2722,0
2723,0
2724,0
2725,0
2726,0
2727,0
2728,1022
2729,1022
2730,1022
2731,1022
2732,1022
2733,1022
2734,1022
2735,1022
2736,1022
2737,1022
2738,1022
2739,1022
2740,1022
2741,0
2742,0
2743,0
2744,0
2745,0
2746,0
2747,0
2748,0
2749,0
2750,0
2751,0
2752,0
2753,1021
2754,1023
2755,1022
2756,1023
2757,1021
2758,1021
2759,1022
2760,1021
2761,1021
2762,1022
2763,1022
2764,1022
2765,1022
2766,0
2767,0
2768,0
2769,0
2770,0
2771,0
2772,0
2773,0
2774,0
2775,0
2776,0
2777,0
2778,1022
2779,1022
2780,1022
2781,1022
2782,1022
2783,1022
2784,1022
2785,1022
2786,1022
2787,1022
2788,1022
2789,1022
2790,1022
2791,0
2792,0
2793,0
2794,0
2795,0
2796,0
2797,0
2798,0
2799,0
2800,0
2801,0
2802,0
2803,1022
2804,1022
2805,1022
2806,1022
2807,1022
2808,1022
2809,1022
2810,1022
2811,1022
2812,1022
2813,1022
2814,1022
2815,1022
2816,0
2817,0
2818,0
2819,0
2820,0
2821,0
2822,0
2823,0
2824,0
2825,0
2826,0
2827,0
2828,1022
2829,1022
2830,1021
2831,1022
2832,1021
2833,1021
2834,1022
2835,1022
2836,1022
2837,1022
2838,1022
2839,1022
2840,1022
2841,0
2842,0
2843,0
2844,0
2845,0
2846,0
2847,0
2848,0
2849,0
2850,0
2851,0
2852,0
2853,1022
2854,1022
2855,1022
2856,1022
2857,1022
2858,1022
2859,1022
2860,1022
2861,1021
2862,1022
2863,1022
2864,1022
2865,1022
2866,0
2867,0
2868,0
2869,0
2870,0
2871,0
2872,0
2873,0
2874,0
2875,0
2876,0
2877,0
2878,1021
2879,1022
2880,1022
2881,1022
2882,1022
2883,1022
2884,1022
2885,1022
2886,1021
2887,1022
2888,1022
2889,1022
2890,1022
2891,0
2892,0
2893,0
2894,0
2895,0
2896,0
2897,0
2898,0
2899,0
2900,0
2901,0
2902,0
2903,1022
2904,1021
2905,1022
2906,1021
2907,1022
2908,1022
2909,1022
2910,1022
2911,1022
2912,1022
2913,1022
2914,1022
2915,1022
2916,0
2917,0
2918,0
2919,0
2920,0
2921,0
2922,0
2923,0
2924,0
2925,0
2926,0
2927,0
2928,1022
2929,1022
2930,1022
2931,1022
2932,1022
2933,1022
2934,1022
2935,1022
2936,1022
2937,1022
2938,1022
2939,1022
2940,1022
2941,0
2942,0
2943,0
2944,0
2945,0
2946,0
2947,0
2948,0
2949,0
2950,0
2951,0
2952,0
2953,1022
2954,1022
2955,1022
2956,1022
2957,1022
2958,1022
2959,1022
2960,1022
2961,1022
2962,1022
2963,1022
2964,1022
2965,0
2966,0
2967,0
2968,0
2969,0
2970,0
2971,0
2972,0
2973,0
2974,0
2975,0
2976,0
2977,0
2978,1022
2979,1022
2980,1021
2981,1021
2982,1022
2983,1021
2984,1021
2985,1021
2986,1022
2987,1022
2988,1021
2989,1022
2990,0
2991,0
2992,0
2993,0
2994,0
2995,0
2996,0
2997,0
2998,0
2999,0
3000,0
3001,0
3002,0
3003,1022
3004,1022
3005,1022
3006,1022
3007,1022
3008,1022
3009,1022
3010,1022
3011,1022
3012,1022
3013,1021
3014,1022
3015,0
3016,0
3017,0
3018,0
3019,0
3020,0
3021,0
3022,0
3023,0
3024,0
3025,0
3026,0
3027,0
3028,1022
3029,1022
3030,1022
3031,1022
3032,1022
3033,1022
3034,1022
3035,1022
3036,1022
3037,1022
3038,1022
3039,1022
3040,0
3041,0
3042,0
3043,0
3044,0
3045,0
3046,0
3047,0
3048,0
3049,0
3050,0
3051,0
3052,0
3053,1022
3054,1022
3055,1022
3056,1022
3057,1021
3058,1022
3059,1021
3060,1021
3061,1021
3062,1021
3063,1022
3064,1021
3065,0
3066,0
3067,0
3068,0
3069,0
3070,0
3071,0
3072,0
3073,0
3074,0
3075,0
3076,0
3077,0
3078,1022
3079,1022
3080,1022
3081,1022
3082,1022
3083,1022
3084,1022
3085,1022
3086,1022
3087,1022
3088,1022
3089,1022
3090,0
3091,0
3092,0
3093,0
3094,0
3095,0
3096,0
3097,0
3098,0
3099,0
3100,0
3101,0
3102,0
3103,1022
3104,1022
3105,1022
3106,1022
3107,1022
3108,1022
3109,1022
3110,1022
3111,1022
3112,1022
3113,1022
3114,1022
3115,0
3116,0
3117,0
3118,0
3119,0
3120,0
3121,0
3122,0
3123,0
3124,0
3125,0
3126,0
3127,0
3128,1022
3129,1022
3130,1022
3131,1021
3132,1022
3133,1020
3134,1021
3135,1021
3136,1022
3137,1022
3138,1021
3139,1022
3140,0
3141,0
3142,0
3143,0
3144,0
3145,0
3146,0
3147,0
3148,0
3149,0
3150,0
3151,0
3152,0
3153,1022
3154,1022
3155,1022
3156,1022
3157,1022
3158,1022
3159,1022
3160,1021
3161,1022
3162,1021
3163,1022
3164,1022
3165,0
3166,0
3167,0
3168,0
3169,0
3170,0
3171,0
3172,0
3173,0
3174,0
3175,0
3176,0
3177,0
3178,1022
3179,1022
3180,1021
3181,1022
3182,1022
3183,1022
3184,1022
3185,1023
3186,1022
3187,1022
3188,1022
3189,1022
3190,0
3191,0
3192,0
3193,0
3194,0
3195,0
3196,0
3197,0
3198,0
3199,0
3200,0
3201,0
3202,0
3203,1022
3204,1022
3205,1022
3206,1022
3207,1022
3208,1021
3209,1021
3210,1021
3211,1021
3212,1021
3213,1022
3214,1022
3215,0
3216,0
3217,0
3218,0
3219,0
3220,0
3221,0
3222,0
3223,0
3224,0
3225,0
3226,0
3227,0
3228,1022
3229,1022
3230,1022
3231,1021
3232,1021
3233,1021
3234,1021
3235,1021
3236,1021
3237,1022
3238,1022
3239,1022
3240,0
3241,0
3242,0
3243,0
3244,0
3245,0
3246,0
3247,0
3248,0
3249,0
3250,0
3251,0
3252,0
3253,1022
3254,1022
3255,1022
3256,1022
3257,1022
3258,1022
3259,1022
3260,1022
3261,1022
3262,1022
3263,1022
3264,1022
3265,0
3266,0
3267,0
3268,0
3269,0
3270,0
3271,0
3272,0
3273,0
3274,0
3275,0
3276,0
3277,1022
3278,1022
3279,1022
3280,1022
3281,1022
3282,1021
3283,1022
3284,1021
3285,1021
3286,1022
3287,1021
3288,1022
3289,1021
3290,0
3291,0
3292,0
3293,0
3294,0
3295,0
3296,0
3297,0
3298,0
3299,0
3300,0
3301,0
3302,1022
3303,1022
3304,1022
3305,1022
3306,1021
3307,1022
3308,1022
3309,1022
3310,1022
3311,1022
3312,1023
3313,1022
3314,1022
3315,0
3316,0
3317,0
3318,0
3319,0
3320,0
3321,0
3322,0
3323,0
3324,0
3325,0
3326,0
3327,1022
3328,1022
3329,1022
3330,1022
3331,1022
3332,1022
3333,1022
3334,1022
3335,1022
3336,1022
3337,1022
3338,1022
3339,1022
3340,0
3341,0
3342,0
3343,0
3344,0
3345,0
3346,0
3347,0
3348,0
3349,0
3350,0
3351,0
3352,1022
3353,1022
3354,1022
3355,1022
3356,1022
3357,1022
3358,1022
3359,1022
3360,1022
3361,1022
3362,1022
3363,1022
3364,1022
3365,0
3366,0
3367,0
3368,0
3369,0
3370,0
3371,0
3372,0
3373,0
3374,0
3375,0
3376,0
3377,1022
3378,1022
3379,1022
3380,1022
3381,1022
3382,1021
3383,1022
3384,1022
3385,1022
3386,1022
3387,1022
3388,1022
3389,1022
3390,0
3391,0
3392,0
3393,0
3394,0
3395,0
3396,0
3397,0
3398,0
3399,0
3400,0
3401,0
3402,1022
3403,1022
3404,1022
3405,1021
3406,1022
3407,1022
3408,1022
3409,1022
3410,1022
3411,1022
3412,1022
3413,1022
3414,1022
3415,0
3416,0
3417,0
3418,0
3419,0
3420,0
3421,0
3422,0
3423,0
3424,0
3425,0
3426,0
3427,1022
3428,1022
3429,1022
3430,1021
3431,1022
3432,1022
3433,1021
3434,1022
3435,1022
3436,1022
3437,1023
3438,1022
3439,1023
3440,0
3441,0
3442,0
3443,0
3444,0
3445,0
3446,0
3447,0
3448,0
3449,0
3450,0
3451,0
3452,1022
3453,1022
3454,1022
3455,1022
3456,1022
3457,1021
3458,1022
3459,1022
3460,1022
3461,1022
3462,1022
3463,1022
3464,1022
3465,0
3466,0
3467,0
3468,0
3469,0
3470,0
3471,0
3472,0
3473,0
3474,0
3475,0
3476,0
3477,1022
3478,1022
3479,1022
3480,1022
3481,1022
3482,1022
3483,1022
3484,1022
3485,1022
3486,1022
3487,1022
3488,1022
3489,1022
3490,0
3491,0
3492,0
3493,0
3494,0
3495,0
3496,0
3497,0
3498,0
3499,0
3500,0
3501,0
3502,1022
3503,1022
3504,1022
3505,1022
3506,1021
3507,1022
3508,1022
3509,1021
3510,1021
3511,1022
3512,1022
3513,1022
3514,1022
3515,0
3516,0
3517,0
3518,0
3519,0
3520,0
3521,0
3522,0
3523,0
3524,0
3525,0
3526,0
3527,1022
3528,1022
3529,1022
3530,1022
3531,1022
3532,1022
3533,1022
3534,1022
3535,1022
3536,1022
3537,1022
3538,1022
3539,1022
3540,0
3541,0
3542,0
3543,0
3544,0
3545,0
3546,0
3547,0
3548,0
3549,0
3550,0
3551,0
3552,1022
3553,1022
3554,1022
3555,1022
3556,1022
3557,1021
3558,1022
3559,1022
3560,1022
3561,1022
3562,1021
3563,1022
3564,1022
3565,0
3566,0
3567,0
3568,0
3569,0
3570,0
3571,0
3572,0
3573,0
3574,0
3575,0
3576,0
3577,1022
3578,1022
3579,1022
3580,1022
3581,1022
3582,1022
3583,1022
3584,1022
3585,1022
3586,1022
3587,1022
3588,1022
3589,0
3590,0
3591,0
3592,0
3593,0
3594,0
3595,0
3596,0
3597,0
3598,0
3599,0
3600,0
3601,0
3602,1022
3603,1022
3604,1022
3605,1022
3606,1022
3607,1022
3608,1022
3609,1022
3610,1022
3611,1022
3612,1022
3613,1022
3614,0
3615,0
3616,0
3617,0
3618,0
3619,0
3620,0
3621,0
3622,0
3623,0
3624,0
3625,0
3626,0
3627,1021
3628,1021
3629,1022
3630,1022
3631,1022
3632,1022
3633,1022
3634,1022
3635,1022
3636,1022
3637,1022
3638,1022
3639,0
3640,0
3641,0
3642,0
3643,0
3644,0
3645,0
3646,0
3647,0
3648,0
3649,0
3650,0
3651,0
3652,1022
3653,1022
3654,1022
3655,1022
3656,1022
3657,1022
3658,1022
3659,1022
3660,1021
3661,1022
3662,1021
3663,1022
3664,0
3665,0
3666,0
3667,0
3668,0
3669,0
3670,0
3671,0
3672,0
3673,0
3674,0
3675,0
3676,0
3677,1022
3678,1022
3679,1022
3680,1022
3681,1022
3682,1021
3683,1022
3684,1022
3685,1022
3686,1022
3687,1022
3688,1022
3689,0
3690,0
3691,0
3692,0
3693,0
3694,0
3695,0
3696,0
3697,0
3698,0
3699,0
3700,0
3701,0
3702,1022
3703,1021
3704,1022
3705,1021
3706,1022
3707,1022
3708,1022
3709,1022
3710,1022
3711,1022
3712,1021
3713,1021
3714,0
3715,0
3716,0
3717,0
3718,0
3719,0
3720,0
3721,0
3722,0
3723,0
3724,0
3725,0
3726,0
3727,1021
3728,1022
3729,1022
3730,1022
3731,1022
3732,1022
3733,1022
3734,1021
3735,1022
3736,1022
3737,1021
3738,1021
3739,0
3740,0
3741,0
3742,0
3743,0
3744,0
3745,0
3746,0
3747,0
3748,0
3749,0
3750,0
3751,0
3752,1022
3753,1022
3754,1022
3755,1022
3756,1022
3757,1022
3758,1022
3759,1022
3760,1022
3761,1022
3762,1022
3763,1022
3764,0
3765,0
3766,0
3767,0
3768,0
3769,0
3770,0
3771,0
3772,0
3773,0
3774,0
3775,0
3776,0
3777,1022
3778,1022
3779,1022
3780,1022
3781,1022
3782,1022
3783,1022
3784,1022
3785,1022
3786,1022
3787,1022
3788,1022
3789,0
3790,0
3791,0
3792,0
3793,0
3794,0
3795,0
3796,0
3797,0
3798,0
3799,0
3800,0
3801,0
3802,1022
3803,1022
3804,1022
3805,1022
3806,1022
3807,1022
3808,1022
3809,1022
3810,1022
3811,1022
3812,1022
3813,1022
3814,0
3815,0
3816,0
3817,0
3818,0
3819,0
3820,0
3821,0
3822,0
3823,0
3824,0
3825,0
3826,0
3827,1022
3828,1022
3829,1022
3830,1022
3831,1022
3832,1022
3833,1022
3834,1022
3835,1022
3836,1022
3837,1022
3838,1022
3839,0
3840,0
3841,0
3842,0
3843,0
3844,0
3845,0
3846,0
3847,0
3848,0
3849,0
3850,0
3851,0
3852,1022
3853,1022
3854,1022
3855,1022
3856,1022
3857,1021
3858,1022
3859,1022
3860,1022
3861,1022
3862,1022
3863,1022
3864,0
3865,0
3866,0
3867,0
3868,0
3869,0
3870,0
3871,0
3872,0
3873,0
3874,0
3875,0
3876,0
3877,1022
3878,1022
3879,1022
3880,1022
3881,1022
3882,1022
3883,1022
3884,1022
3885,1022
3886,1022
3887,1022
3888,1022
3889,0
3890,0
3891,0
3892,0
3893,0
3894,0
3895,0
3896,0
3897,0
3898,0
3899,0
3900,0
3901,1022
3902,1022
3903,1022
3904,1022
3905,1022
3906,1022
3907,1022
3908,1022
3909,1022
3910,1022
3911,1022
3912,1022
3913,1022
3914,0
3915,0
3916,0
3917,0
3918,0
3919,0
3920,0
3921,0
3922,0
3923,0
3924,0
3925,0
3926,1022
3927,1022
3928,1022
3929,1022
3930,1022
3931,1022
3932,1022
3933,1022
3934,1021
3935,1022
3936,1022
3937,1022
3938,1022
3939,0
3940,0
3941,0
3942,0
3943,0
3944,0
3945,0
3946,0
3947,0
3948,0
3949,0
3950,0
3951,1022
3952,1022
3953,1022
3954,1021
3955,1021
3956,1022
3957,1022
3958,1022
3959,1022
3960,1022
3961,1022
3962,1022
3963,1022
3964,0
3965,0
3966,0
3967,0
3968,0
3969,0
3970,0
3971,0
3972,0
3973,0
3974,0
3975,0
3976,1022
3977,1021
3978,1021
3979,1022
3980,1022
3981,1022
3982,1022
3983,1022
3984,1022
3985,1022
3986,1022
3987,1022
3988,1022
3989,0
3990,0
3991,0
3992,0
3993,0
3994,0
3995,0
3996,0
3997,0
3998,0
3999,0
4000,0
4001,1022
4002,1022
4003,1022
4004,1022
4005,1022
4006,1022
4007,1022
4008,1022
4009,1022
4010,1022
4011,1022
4012,1022
4013,1022
4014,0
4015,0
4016,0
4017,0
4018,0
4019,0
4020,0
4021,0
4022,0
4023,0
4024,0
4025,0
4026,1021
4027,1022
4028,1022
4029,1022
4030,1022
4031,1021
4032,1021
4033,1022
4034,1022
4035,1021
4036,1022
4037,1022
4038,1022
4039,0
4040,0
4041,0
4042,0
4043,0
4044,0
4045,0
4046,0
4047,0
4048,0
4049,0
4050,0
4051,1022
4052,1022
4053,1022
4054,1022
4055,1022
4056,1021
4057,1022
4058,1022
4059,1022
4060,1022
4061,1022
4062,1022
4063,1022
4064,0
4065,0
4066,0
4067,0
4068,0
4069,0
4070,0
4071,0
4072,0
4073,0
4074,0
4075,0
4076,1022
4077,1022
4078,1022
4079,1021
4080,1022
4081,1022
4082,1022
4083,1022
4084,1022
4085,1022
4086,1022
4087,1022
4088,1021
4089,0
4090,0
4091,0
4092,0
4093,0
4094,0
4095,0
4096,0
4097,0
4098,0
4099,0
4100,0
4101,1022
4102,1022
4103,1022
4104,1022
4105,1022
4106,1022
4107,1022
4108,1022
4109,1022
4110,1022
4111,1022
4112,1023
4113,1022
4114,0
4115,0
4116,0
4117,0
4118,0
4119,0
4120,0
4121,0
4122,0
4123,0
4124,0
4125,0
4126,1022
4127,1022
4128,1022
4129,1022
4130,1022
4131,1022
4132,1022
4133,1022
4134,1022
4135,1022
4136,1022
4137,1022
4138,1022
4139,0
4140,0
4141,0
4142,0
4143,0
4144,0
4145,0
4146,0
4147,0
4148,0
4149,0
4150,0
4151,1022
4152,1022
4153,1022
4154,1022
4155,1022
4156,1022
4157,1022
4158,1022
4159,1022
4160,1022
4161,1022
4162,1022
4163,1022
4164,0
4165,0
4166,0
4167,0
4168,0
4169,0
4170,0
4171,0
4172,0
4173,0
4174,0
4175,0
4176,1022
4177,1022
4178,1022
4179,1022
4180,1022
4181,1022
4182,1022
4183,1023
4184,1022
4185,1022
4186,1022
4187,1022
4188,1022
4189,0
4190,0
4191,0
4192,0
4193,0
4194,0
4195,0
4196,0
4197,0
4198,0
4199,0
4200,0
4201,1022
4202,1021
4203,1022
4204,1022
4205,1022
4206,1022
4207,1022
4208,1022
4209,1022
4210,1021
4211,1022
4212,1022
4213,0
4214,0
4215,0
4216,0
4217,0
4218,0
4219,0
4220,0
4221,0
4222,0
4223,0
4224,0
4225,0
4226,1022
4227,1022
4228,1022
4229,1022
4230,1022
4231,1022
4232,1022
4233,1022
4234,1022
4235,1022
4236,1022
4237,1022
4238,0
4239,0
4240,0
4241,0
4242,0
4243,0
4244,0
4245,0
4246,0
4247,0
4248,0
4249,0
4250,0
4251,1022
4252,1022
4253,1022
4254,1022
4255,1022
4256,1022
4257,1022
4258,1022
4259,1022
4260,1022
4261,1022
4262,1022
4263,0
4264,0
4265,0
4266,0
4267,0
4268,0
4269,0
4270,0
4271,0
4272,0
4273,0
4274,0
4275,0
4276,1021
4277,1022
4278,1022
4279,1023
4280,1022
4281,1022
4282,1022
4283,1023
4284,1022
4285,1022
4286,1022
4287,1022
4288,0
4289,0
4290,0
4291,0
4292,0
4293,0
4294,0
4295,0
4296,0
4297,0
4298,0
4299,0
4300,0
4301,1022
4302,1022
4303,1022
4304,1022
4305,1022
4306,1022
4307,1022
4308,1022
4309,1022
4310,1022
4311,1022
4312,1022
4313,0
4314,0
4315,0
4316,0
4317,0
4318,0
4319,0
4320,0
4321,0
4322,0
4323,0
4324,0
4325,0
4326,1022
4327,1022
4328,1022
4329,1022
4330,1022
4331,1022
4332,1022
4333,1022
4334,1022
4335,1022
4336,1022
4337,1022
4338,0
4339,0
4340,0
4341,0
4342,0
4343,0
4344,0
4345,0
4346,0
4347,0
4348,0
4349,0
4350,0
4351,1022
4352,1022
4353,1021
4354,1022
4355,1022
4356,1022
4357,1021
4358,1022
4359,1022
4360,1022
4361,1022
4362,1022
4363,0
4364,0
4365,0
4366,0
4367,0
4368,0
4369,0
4370,0
4371,0
4372,0
4373,0
4374,0
4375,0
4376,1022
4377,1022
4378,1022
4379,1022
4380,1022
4381,1022
4382,1022
4383,1022
4384,1022
4385,1022
4386,1022
4387,1022
4388,0
4389,0
4390,0
4391,0
4392,0
4393,0
4394,0
4395,0
4396,0
4397,0
4398,0
4399,0
4400,0
4401,1022
4402,1022
4403,1022
4404,1022
4405,1022
4406,1021
4407,1022
4408,1022
4409,1022
4410,1022
4411,1022
4412,1022
4413,0
4414,0
4415,0
4416,0
4417,0
4418,0
4419,0
4420,0
4421,0
4422,0
4423,0
4424,0
4425,0
4426,1021
4427,1022
4428,1022
4429,1022
4430,1022
4431,1023
4432,1021
4433,1022
4434,1022
4435,1022
4436,1022
4437,1022
4438,0
4439,0
4440,0
4441,0
4442,0
4443,0
4444,0
4445,0
4446,0
4447,0
4448,0
4449,0
4450,0
4451,1021
4452,1023
4453,1022
4454,1022
4455,1022
4456,1022
4457,1022
4458,1022
4459,1022
4460,1022
4461,1022
4462,1022
4463,0
4464,0
4465,0
4466,0
4467,0
4468,0
4469,0
4470,0
4471,0
4472,0
4473,0
4474,0
4475,0
4476,1022
4477,1022
4478,1022
4479,1022
4480,1022
4481,1022
4482,1022
4483,1022
4484,1022
4485,1022
4486,1022
4487,1022
4488,0
4489,0
4490,0
4491,0
4492,0
4493,0
4494,0
4495,0
4496,0
4497,0
4498,0
4499,0
4500,0
4501,1022
4502,1022
4503,1022
4504,1022
4505,1022
4506,1022
4507,1022
4508,1021
4509,1021
4510,1022
4511,1022
4512,1021
4513,0
4514,0
4515,0
4516,0
4517,0
4518,0
4519,0
4520,0
4521,0
4522,0
4523,0
4524,0
4525,1022
4526,1022
4527,1022
4528,1022
4529,1022
4530,1022
4531,1022
4532,1022
4533,1021
4534,1022
4535,1022
4536,1022
4537,1022
4538,0
4539,0
4540,0
4541,0
4542,0
4543,0
4544,0
4545,0
4546,0
4547,0
4548,0
4549,0
4550,1022
4551,1022
4552,1022
4553,1022
4554,1022
4555,1022
4556,1022
4557,1022
4558,1022
4559,1022
4560,1022
4561,1022
4562,1022
4563,0
4564,0
4565,0
4566,0
4567,0
4568,0
4569,0
4570,0
4571,0
4572,0
4573,0
4574,0
4575,1022
4576,1022
4577,1022
4578,1022
4579,1022
4580,1022
4581,1022
4582,1021
4583,1022
4584,1022
4585,1022
4586,1022
4587,1022
4588,0
4589,0
4590,0
4591,0
4592,0
4593,0
4594,0
4595,0
4596,0
4597,0
4598,0
4599,0
4600,1022
4601,1022
4602,1022
4603,1021
4604,1022
4605,1022
4606,1022
4607,1021
4608,1022
4609,1022
4610,1022
4611,1022
4612,1022
4613,0
4614,0
4615,0
4616,0
4617,0
4618,0
4619,0
4620,0
4621,0
4622,0
4623,0
4624,0
4625,1022
4626,1022
4627,1022
4628,1022
4629,1022
4630,1022
4631,1022
4632,1022
4633,1022
4634,1022
4635,1022
4636,1022
4637,1022
4638,0
4639,0
4640,0
4641,0
4642,0
4643,0
4644,0
4645,0
4646,0
4647,0
4648,0
4649,0
4650,1022
4651,1022
4652,1022
4653,1022
4654,1022
4655,1023
4656,1022
4657,1022
4658,1022
4659,1021
4660,1022
4661,1022
4662,1022
4663,0
4664,0
4665,0
4666,0
4667,0
4668,0
4669,0
4670,0
4671,0
4672,0
4673,0
4674,0
4675,1022
4676,1022
4677,1022
4678,1022
4679,1022
4680,1022
4681,1022
4682,1022
4683,1022
4684,1022
4685,1022
4686,1022
4687,1022
4688,0
4689,0
4690,0
4691,0
4692,0
4693,0
4694,0
4695,0
4696,0
4697,0
4698,0
4699,0
4700,1022
4701,1021
4702,1022
4703,1022
4704,1022
4705,1022
4706,1022
4707,1022
4708,1022
4709,1022
4710,1022
4711,1022
4712,1022
4713,0
4714,0
4715,0
4716,0
4717,0
4718,0
4719,0
4720,0
4721,0
4722,0
4723,0
4724,0
4725,1021
4726,1022
4727,1022
4728,1021
4729,1021
4730,1021
4731,1021
4732,1023
4733,1022
4734,1021
4735,1022
4736,1022
4737,1021
4738,0
4739,0
4740,0
4741,0
4742,0
4743,0
4744,0
4745,0
4746,0
4747,0
4748,0
4749,0
4750,1022
4751,1022
4752,1022
4753,1022
4754,1022
4755,1022
4756,1022
4757,1022
4758,1022
4759,1022
4760,1022
4761,1022
4762,1022
4763,0
4764,0
4765,0
4766,0
4767,0
4768,0
4769,0
4770,0
4771,0
4772,0
4773,0
4774,0
4775,1021
4776,1022
4777,1022
4778,1022
4779,1022
4780,1022
4781,1022
4782,1022
4783,1022
4784,1022
4785,1022
4786,1022
4787,1022
4788,0
4789,0
4790,0
4791,0
4792,0
4793,0
4794,0
4795,0
4796,0
4797,0
4798,0
4799,0
4800,1022
4801,1022
4802,1022
4803,1021
4804,1022
4805,1021
4806,1022
4807,1022
4808,1022
4809,1022
4810,1022
4811,1022
4812,1021
4813,0
4814,0
4815,0
4816,0
4817,0
4818,0
4819,0
4820,0
4821,0
4822,0
4823,0
4824,0
4825,1021
4826,1022
4827,1021
4828,1022
4829,1022
4830,1022
4831,1022
4832,1022
4833,1022
4834,1022
4835,1022
4836,1022
4837,0
4838,0
4839,0
4840,0
4841,0
4842,0
4843,0
4844,0
4845,0
4846,0
4847,0
4848,0
4849,0
4850,1022
4851,1022
4852,1022
4853,1022
4854,1022
4855,1022
4856,1022
4857,1022
4858,1022
4859,1022
4860,1022
4861,1022
4862,0
4863,0
4864,0
4865,0
4866,0
4867,0
4868,0
4869,0
4870,0
4871,0
4872,0
4873,0
4874,0
4875,1021
4876,1022
4877,1021
4878,1021
4879,1021
4880,1022
4881,1022
4882,1022
4883,1022
4884,1022
4885,1022
4886,1022
4887,0
4888,0
4889,0
4890,0
4891,0
4892,0
4893,0
4894,0
4895,0
4896,0
4897,0
4898,0
4899,0
4900,1022
4901,1022
4902,1022
4903,1022
4904,1022
4905,1022
4906,1022
4907,1022
4908,1022
4909,1022
4910,1022
4911,1022
4912,0
4913,0
4914,0
4915,0
4916,0
4917,0
4918,0
4919,0
4920,0
4921,0
4922,0
4923,0
4924,0
4925,1022
4926,1022
4927,1022
4928,1022
4929,1022
4930,1022
4931,1022
4932,1022
4933,1022
4934,1022
4935,1022
4936,1022
4937,0
4938,0
4939,0
4940,0
4941,0
4942,0
4943,0
4944,0
4945,0
4946,0
4947,0
4948,0
4949,0
4950,1022
4951,1022
4952,1022
4953,1022
4954,1022
4955,1021
4956,1022
4957,1022
4958,1022
4959,1022
4960,1022
4961,1022
4962,0
4963,0
4964,0
4965,0
4966,0
4967,0
4968,0
4969,0
4970,0
4971,0
4972,0
4973,0
4974,0
4975,1022
4976,1022
4977,1022
4978,1022
4979,1022
4980,1022
4981,1022
4982,1022
4983,1022
4984,1022
4985,1022
4986,1022
4987,0
4988,0
4989,0
4990,0
4991,0
4992,0
4993,0
4994,0
4995,0
4996,0
4997,0
4998,0
4999,0
5000,1022
5001,1022
5002,1022
5003,1022
5004,1022
5005,1022
5006,1022
5007,1022
5008,1022
5009,1022
5010,1022
5011,1022
5012,0
5013,0
5014,0
5015,0
5016,0
5017,0
5018,0
5019,0
5020,0
5021,0
5022,0
5023,0
5024,0
5025,1022
5026,1022
5027,1021
5028,1022
5029,1022
5030,1022
5031,1021
5032,1021
5033,1022
5034,1022
5035,1022
5036,1023
5037,0
5038,0
5039,0
5040,0
5041,0
5042,0
5043,0
5044,0
5045,0
5046,0
5047,0
5048,0
5049,0
5050,1022
5051,1022
5052,1022
5053,1022
5054,1022
5055,1022
5056,1022
5057,1022
5058,1022
5059,1022
5060,1022
5061,1022
5062,0
5063,0
5064,0
5065,0
5066,0
5067,0
5068,0
5069,0
5070,0
5071,0
5072,0
5073,0
5074,0
5075,1022
5076,1022
5077,1022
5078,1022
5079,1022
5080,1022
5081,1022
5082,1021
5083,1022
5084,1022
5085,1022
5086,1022
5087,0
5088,0
5089,0
5090,0
5091,0
5092,0
5093,0
5094,0
5095,0
5096,0
5097,0
5098,0
5099,0
5100,1022
5101,1021
5102,1021
5103,1023
5104,1021
5105,1021
5106,1021
5107,1022
5108,1022
5109,1021
5110,1021
5111,1021
5112,0
5113,0
5114,0
5115,0
5116,0
5117,0
5118,0
5119,0
5120,0
5121,0
5122,0
5123,0
5124,0
5125,1022
5126,1022
5127,1023
5128,1022
5129,1022
5130,1022
5131,1022
5132,1022
5133,1022
5134,1022
5135,1022
5136,1022
5137,0
5138,0
5139,0
5140,0
5141,0
5142,0
5143,0
5144,0
5145,0
5146,0
5147,0
5148,0
5149,1021
5150,1022
5151,1022
5152,1022
5153,1022
5154,1022
5155,1022
5156,1022
5157,1022
5158,1022
5159,1022
5160,1022
5161,1022
5162,0
5163,0
5164,0
5165,0
5166,0
5167,0
5168,0
5169,0
5170,0
5171,0
5172,0
5173,0
5174,1021
5175,1022
5176,1022
5177,1022
5178,1021
5179,1022
5180,1022
5181,1022
5182,1022
5183,1022
5184,1021
5185,1022
5186,1022
5187,0
5188,0
5189,0
5190,0
5191,0
5192,0
5193,0
5194,0
5195,0
5196,0
5197,0
5198,0
5199,1022
5200,1022
5201,1021
5202,1022
5203,1022
5204,1022
5205,1022
5206,1021
5207,1022
5208,1021
5209,1022
5210,1022
5211,1022
5212,0
5213,0
5214,0
5215,0
5216,0
5217,0
5218,0
5219,0
5220,0
5221,0
5222,0
5223,0
5224,1022
5225,1022
5226,1022
5227,1022
5228,1022
5229,1022
5230,1022
5231,1022
5232,1022
5233,1022
5234,1022
5235,1022
5236,1022
5237,0
5238,0
5239,0
5240,0
5241,0
5242,0
5243,0
5244,0
5245,0
5246,0
5247,0
5248,0
5249,1022
5250,1022
5251,1022
5252,1021
5253,1022
5254,1022
5255,1022
5256,1022
5257,1023
5258,1022
5259,1021
5260,1022
5261,1022
5262,0
5263,0
5264,0
5265,0
5266,0
5267,0
5268,0
5269,0
5270,0
5271,0
5272,0
5273,0
5274,1022
5275,1022
5276,1022
5277,1022
5278,1022
5279,1022
5280,1022
5281,1021
5282,1022
5283,1022
5284,1022
5285,1022
5286,1022
5287,0
5288,0
5289,0
5290,0
5291,0
5292,0
5293,0
5294,0
5295,0
5296,0
5297,0
5298,0
5299,1022
5300,1022
5301,1022
5302,1022
5303,1022
5304,1022
5305,1022
5306,1022
5307,1022
5308,1022
5309,1022
5310,1022
5311,1022
5312,0
5313,0
5314,0
5315,0
5316,0
5317,0
5318,0
5319,0
5320,0
5321,0
5322,0
5323,0
5324,1022
5325,1022
5326,1022
5327,1021
5328,1022
5329,1022
5330,1021
5331,1022
5332,1021
5333,1022
5334,1022
5335,1021
5336,1022
5337,0
5338,0
5339,0
5340,0
5341,0
5342,0
5343,0
5344,0
5345,0
5346,0
5347,0
5348,0
5349,1022
5350,1022
5351,1022
5352,1022
5353,1022
5354,1022
5355,1022
5356,1022
5357,1022
5358,1022
5359,1022
5360,1022
5361,1022
5362,0
5363,0
5364,0
5365,0
5366,0
5367,0
5368,0
5369,0
5370,0
5371,0
5372,0
5373,0
5374,1021
5375,1022
5376,1021
5377,1021
5378,1022
5379,1022
5380,1022
5381,1022
5382,1022
5383,1022
5384,1022
5385,1022
5386,1022
5387,0
5388,0
5389,0
5390,0
5391,0
5392,0
5393,0
5394,0
5395,0
5396,0
5397,0
5398,0
5399,1022
5400,1022
5401,1022
5402,1022
5403,1022
5404,1022
5405,1021
5406,1021
5407,1021
5408,1021
5409,1022
5410,1022
5411,1021
5412,0
5413,0
5414,0
5415,0
5416,0
5417,0
5418,0
5419,0
5420,0
5421,0
5422,0
5423,0
5424,1022
5425,1022
5426,1022
5427,1022
5428,1022
5429,1022
5430,1022
5431,1022
5432,1022
5433,1022
5434,1022
5435,1022
5436,1022
5437,0
5438,0
5439,0
5440,0
5441,0
5442,0
5443,0
5444,0
5445,0
5446,0
5447,0
5448,0
5449,1022
5450,1022
5451,1022
5452,1021
5453,1022
5454,1022
5455,1022
5456,1022
5457,1022
5458,1022
5459,1022
5460,1022
5461,0
5462,0
5463,0
5464,0
5465,0
5466,0
5467,0
5468,0
5469,0
5470,0
5471,0
5472,0
5473,0
5474,1022
5475,1022
5476,1022
5477,1022
5478,1021
5479,1022
5480,1021
5481,1021
5482,1021
5483,1021
5484,1021
5485,1021
5486,0
5487,0
5488,0
5489,0
5490,0
5491,0
5492,0
5493,0
5494,0
5495,0
5496,0
5497,0
5498,0
5499,1022
5500,1022
5501,1022
5502,1022
5503,1022
5504,1022
5505,1022
5506,1021
5507,1022
5508,1022
5509,1022
5510,1022
5511,0
5512,0
5513,0
5514,0
5515,0
5516,0
5517,0
5518,0
5519,0
5520,0
5521,0
5522,0
5523,0
5524,1022
5525,1021
5526,1022
5527,1022
5528,1022
5529,1022
5530,1022
5531,1022
5532,1022
5533,1022
5534,1022
5535,1022
5536,0
5537,0
5538,0
5539,0
5540,0
5541,0
5542,0
5543,0
5544,0
5545,0
5546,0
5547,0
5548,0
5549,1022
5550,1022
5551,1022
5552,1022
5553,1022
5554,1022
5555,1022
5556,1022
5557,1022
5558,1022
5559,1022
5560,1022
5561,0
5562,0
5563,0
5564,0
5565,0
5566,0
5567,0
5568,0
5569,0
5570,0
5571,0
5572,0
5573,0
5574,1022
5575,1022
5576,1022
5577,1022
5578,1023
5579,1021
5580,1021
5581,1021
5582,1022
5583,1021
5584,1022
5585,1022
5586,0
5587,0
5588,0
5589,0
5590,0
5591,0
5592,0
5593,0
5594,0
5595,0
5596,0
5597,0
5598,0
5599,1022
5600,1022
5601,1022
5602,1022
5603,1022
5604,1022
5605,1022
5606,1022
5607,1022
5608,1022
5609,1022
5610,1022
5611,0
5612,0
5613,0
5614,0
5615,0
5616,0
5617,0
5618,0
5619,0
5620,0
5621,0
5622,0
5623,0
5624,1022
5625,1022
5626,1022
5627,1022
5628,1023
5629,1022
5630,1022
5631,1021
5632,1022
5633,1021
5634,1022
5635,1022
5636,0
5637,0
5638,0
5639,0
5640,0
5641,0
5642,0
5643,0
5644,0
5645,0
5646,0
5647,0
5648,0
5649,1022
5650,1022
5651,1022
5652,1022
5653,1022
5654,1022
5655,1022
5656,1022
5657,1022
5658,1022
5659,1022
5660,1022
5661,0
5662,0
5663,0
5664,0
5665,0
5666,0
5667,0
5668,0
5669,0
5670,0
5671,0
5672,0
5673,0
5674,1022
5675,1022
5676,1021
5677,1022
5678,1022
5679,1022
5680,1022
5681,1022
5682,1022
5683,1022
5684,1022
5685,1022
5686,0
5687,0
5688,0
5689,0
5690,0
5691,0
5692,0
5693,0
5694,0
5695,0
5696,0
5697,0
5698,0
5699,1022
5700,1021
5701,1022
5702,1022
5703,1022
5704,1022
5705,1022
5706,1022
5707,1022
5708,1022
5709,1021
5710,1022
5711,0
5712,0
5713,0
5714,0
5715,0
5716,0
5717,0
5718,0
5719,0
5720,0
5721,0
5722,0
5723,0
5724,1022
5725,1022
5726,1022
5727,1022
5728,1022
5729,1022
5730,1022
5731,1022
5732,1022
5733,1022
5734,1022
5735,1022
5736,0
5737,0
5738,0
5739,0
5740,0
5741,0
5742,0
5743,0
5744,0
5745,0
5746,0
5747,0
5748,0
5749,1022
5750,1022
5751,1022
5752,1022
5753,1022
5754,1022
5755,1022
5756,1022
5757,1022
5758,1021
5759,1022
5760,1021
5761,0
5762,0
5763,0
5764,0
5765,0
5766,0
5767,0
5768,0
5769,0
5770,0
5771,0
5772,0
5773,1022
5774,1022
5775,1022
5776,1022
5777,1022
5778,1022
5779,1022
5780,1021
5781,1022
5782,1022
5783,1021
5784,1022
5785,1021
5786,0
5787,0
5788,0
5789,0
5790,0
5791,0
5792,0
5793,0
5794,0
5795,0
5796,0
5797,0
5798,1022
5799,1021
5800,1022
5801,1022
5802,1022
5803,1022
5804,1022
5805,1022
5806,1022
5807,1022
5808,1022
5809,1022
5810,1022
5811,0
5812,0
5813,0
5814,0
5815,0
5816,0
5817,0
5818,0
5819,0
5820,0
5821,0
5822,0
5823,1022
5824,1022
5825,1021
5826,1022
5827,1022
5828,1022
5829,1022
5830,1021
5831,1022
5832,1022
5833,1022
5834,1022
5835,1022
5836,0
5837,0
5838,0
5839,0
5840,0
5841,0
5842,0
5843,0
5844,0
5845,0
5846,0
5847,0
5848,1022
5849,1022
5850,1022
5851,1022
5852,1022
5853,1022
5854,1021
5855,1022
5856,1022
5857,1022
5858,1022
5859,1022
5860,1022
5861,0
5862,0
5863,0
5864,0
5865,0
5866,0
5867,0
5868,0
5869,0
5870,0
5871,0
5872,0
5873,1022
5874,1022
5875,1021
5876,1022
5877,1021
5878,1022
5879,1022
5880,1022
5881,1022
5882,1022
5883,1022
5884,1022
5885,1021
5886,0
5887,0
5888,0
5889,0
5890,0
5891,0
5892,0
5893,0
5894,0
5895,0
5896,0
5897,0
5898,1022
5899,1022
5900,1022
5901,1022
5902,1021
5903,1022
5904,1022
5905,1022
5906,1022
5907,1022
5908,1022
5909,1022
5910,1022
5911,0
5912,0
5913,0
5914,0
5915,0
5916,0
5917,0
5918,0
5919,0
5920,0
5921,0
5922,0
5923,1022
5924,1022
5925,1022
5926,1022
5927,1022
5928,1022
5929,1022
5930,1022
5931,1022
5932,1022
5933,1022
5934,1021
5935,1022
5936,0
5937,0
5938,0
5939,0
5940,0
5941,0
5942,0
5943,0
5944,0
5945,0
5946,0
5947,0
5948,1022
5949,1022
5950,1022
5951,1022
5952,1022
5953,1022
5954,1022
5955,1022
5956,1022
5957,1022
5958,1022
5959,1022
5960,1022
5961,0
5962,0
5963,0
5964,0
5965,0
5966,0
5967,0
5968,0
5969,0
5970,0
5971,0
5972,0
5973,1022
5974,1022
5975,1023
5976,1022
5977,1022
5978,1022
5979,1022
5980,1022
5981,1022
5982,1022
5983,1022
5984,1022
5985,1022
5986,0
5987,0
5988,0
5989,0
5990,0
5991,0
5992,0
5993,0
5994,0
5995,0
5996,0
5997,0
5998,1022
5999,1022
6000,1022
6001,1022
6002,1022
6003,1022
6004,1022
6005,1022
6006,1022
6007,1022
6008,1022
6009,1021
6010,1022
6011,0
6012,0
6013,0
6014,0
6015,0
6016,0
6017,0
6018,0
6019,0
6020,0
6021,0
6022,0
6023,1022
6024,1022
6025,1022
6026,1022
6027,1022
6028,1022
6029,1022
6030,1022
6031,1022
6032,1022
6033,1022
6034,1022
6035,1022
6036,0
6037,0
6038,0
6039,0
6040,0
6041,0
6042,0
6043,0
6044,0
6045,0
6046,0
6047,0
6048,1022
6049,1022
6050,1022
6051,1022
6052,1022
6053,1022
6054,1022
6055,1022
6056,1022
6057,1022
6058,1022
6059,1022
6060,1022
6061,0
6062,0
6063,0
6064,0
6065,0
6066,0
6067,0
6068,0
6069,0
6070,0
6071,0
6072,0
6073,1021
6074,1022
6075,1022
6076,1022
6077,1022
6078,1022
6079,1022
6080,1022
6081,1022
6082,1022
6083,1022
6084,1021
6085,0
6086,0
6087,0
6088,0
6089,0
6090,0
6091,0
6092,0
6093,0
6094,0
6095,0
6096,0
6097,0
6098,1022
6099,1022
6100,1022
6101,1022
6102,1022
6103,1022
6104,1022
6105,1022
6106,1022
6107,1022
6108,1022
6109,1022
6110,0
6111,0
6112,0
6113,0
6114,0
6115,0
6116,0
6117,0
6118,0
6119,0
6120,0
6121,0
6122,0
6123,1022
6124,1022
6125,1022
6126,1022
6127,1022
6128,1022
6129,1022
6130,1021
6131,1022
6132,1022
6133,1022
6134,1022
6135,0
6136,0
6137,0
6138,0
6139,0
6140,0
6141,0
6142,0
6143,0
6144,0
6145,0
6146,0
6147,0
6148,1022
6149,1022
6150,1022
6151,1022
6152,1022
6153,1022
6154,1022
6155,1022
6156,1022
6157,1022
6158,1022
6159,1022
6160,0
6161,0
6162,0
6163,0
6164,0
6165,0
6166,0
6167,0
6168,0
6169,0
6170,0
6171,0
6172,0
6173,1021
6174,1022
6175,1022
6176,1022
6177,1022
6178,1022
6179,1022
6180,1021
6181,1022
6182,1022
6183,1022
6184,1022
6185,0
6186,0
6187,0
6188,0
6189,0
6190,0
6191,0
6192,0
6193,0
6194,0
6195,0
6196,0
6197,0
6198,1022
6199,1022
6200,1022
6201,1022
6202,1022
6203,1022
6204,1022
6205,1022
6206,1022
6207,1022
6208,1022
6209,1022
6210,0
6211,0
6212,0
6213,0
6214,0
6215,0
6216,0
6217,0
6218,0
6219,0
6220,0
6221,0
6222,0
6223,1022
6224,1023
6225,1022
6226,1021
6227,1022
6228,1021
6229,1022
6230,1022
6231,1022
6232,1022
6233,1022
6234,1022
6235,0
6236,0
6237,0
6238,0
6239,0
6240,0
6241,0
6242,0
6243,0
6244,0
6245,0
6246,0
6247,0
6248,1022
6249,1022
6250,1022
6251,1022
6252,1022
6253,1022
6254,1022
6255,1022
6256,1022
6257,1022
6258,1022
6259,1022
6260,0
6261,0
6262,0
6263,0
6264,0
6265,0
6266,0
6267,0
6268,0
6269,0
6270,0
6271,0
6272,0
6273,1022
6274,1022
6275,1022
6276,1022
6277,1022
6278,1022
6279,1022
6280,1022
6281,1022
6282,1022
6283,1022
6284,1022
6285,0
6286,0
6287,0
6288,0
6289,0
6290,0
6291,0
6292,0
6293,0
6294,0
6295,0
6296,0
6297,0
6298,1022
6299,1022
6300,1022
6301,1022
6302,1022
6303,1022
6304,1022
6305,1022
6306,1022
6307,1022
6308,1022
6309,1022
6310,0
6311,0
6312,0
6313,0
6314,0
6315,0
6316,0
6317,0
6318,0
6319,0
6320,0
6321,0
6322,0
6323,1022
6324,1022
6325,1022
6326,1022
6327,1022
6328,1022
6329,1022
6330,1022
6331,1022
6332,1022
6333,1022
6334,1022
6335,0
6336,0
6337,0
6338,0
6339,0
6340,0
6341,0
6342,0
6343,0
6344,0
6345,0
6346,0
6347,0
6348,1022
6349,1022
6350,1022
6351,1022
6352,1022
6353,1022
6354,1022
6355,1022
6356,1022
6357,1022
6358,1022
6359,1022
6360,0
6361,0
6362,0
6363,0
6364,0
6365,0
6366,0
6367,0
6368,0
6369,0
6370,0
6371,0
6372,0
6373,1022
6374,1022
6375,1022
6376,1022
6377,1022
6378,1022
6379,1022
6380,1022
6381,1022
6382,1022
6383,1022
6384,1022
6385,0
6386,0
6387,0
6388,0
6389,0
6390,0
6391,0
6392,0
6393,0
6394,0
6395,0
6396,0
6397,1022
6398,1022
6399,1022
6400,1022
6401,1022
6402,1022
6403,1022
6404,1022
6405,1022
6406,1022
6407,1022
6408,1022
6409,1022
6410,0
6411,0
6412,0
6413,0
6414,0
6415,0
6416,0
6417,0
6418,0
6419,0
6420,0
6421,0
6422,1022
6423,1022
6424,1022
6425,1021
6426,1022
6427,1022
6428,1022
6429,1022
6430,1022
6431,1022
6432,1022
6433,1022
6434,1021
6435,0
6436,0
6437,0
6438,0
6439,0
6440,0
6441,0
6442,0
6443,0
6444,0
6445,0
6446,0
6447,1022
6448,1022
6449,1022
6450,1022
6451,1022
6452,1022
6453,1022
6454,1022
6455,1022
6456,1022
6457,1022
6458,1022
6459,1022
6460,0
6461,0
6462,0
6463,0
6464,0
6465,0
6466,0
6467,0
6468,0
6469,0
6470,0
6471,0
6472,1022
6473,1022
6474,1022
6475,1021
6476,1022
6477,1022
6478,1022
6479,1022
6480,1022
6481,1022
6482,1022
6483,1022
6484,1022
6485,0
6486,0
6487,0
6488,0
6489,0
6490,0
6491,0
6492,0
6493,0
6494,0
6495,0
6496,0
6497,1022
6498,1022
6499,1022
6500,1022
6501,1022
6502,1022
6503,1022
6504,1022
6505,1022
6506,1022
6507,1022
6508,1022
6509,1022
6510,0
6511,0
6512,0
6513,0
6514,0
6515,0
6516,0
6517,0
6518,0
6519,0
6520,0
6521,0
6522,1022
6523,1022
6524,1022
6525,1022
6526,1022
6527,1022
6528,1022
6529,1022
6530,1022
6531,1022
6532,1022
6533,1022
6534,1022
6535,0
6536,0
6537,0
6538,0
6539,0
6540,0
6541,0
6542,0
6543,0
6544,0
6545,0
6546,0
6547,1022
6548,1022
6549,1022
6550,1022
6551,1022
6552,1022
6553,1022
6554,1022
6555,1022
6556,1022
6557,1022
6558,1021
6559,1022
6560,0
6561,0
6562,0
6563,0
6564,0
6565,0
6566,0
6567,0
6568,0
6569,0
6570,0
6571,0
6572,1022
6573,1022
6574,1022
6575,1022
6576,1022
6577,1022
6578,1021
6579,1022
6580,1022
6581,1022
6582,1022
6583,1022
6584,1022
6585,0
6586,0
6587,0
6588,0
6589,0
6590,0
6591,0
6592,0
6593,0
6594,0
6595,0
6596,0
6597,1022
6598,1022
6599,1022
6600,1022
6601,1022
6602,1021
6603,1022
6604,1022
6605,1021
6606,1022
6607,1022
6608,1021
6609,1021
6610,0
6611,0
6612,0
6613,0
6614,0
6615,0
6616,0
6617,0
6618,0
6619,0
6620,0
6621,0
6622,1022
6623,1022
6624,1022
6625,1022
6626,1021
6627,1022
6628,1022
6629,1022
6630,1022
6631,1022
6632,1022
6633,1022
6634,1022
6635,0
6636,0
6637,0
6638,0
6639,0
6640,0
6641,0
6642,0
6643,0
6644,0
6645,0
6646,0
6647,1022
6648,1022
6649,1022
6650,1022
6651,1022
6652,1022
6653,1022
6654,1022
6655,1022
6656,1021
6657,1022
6658,1022
6659,1022
6660,0
6661,0
6662,0
6663,0
6664,0
6665,0
6666,0
6667,0
6668,0
6669,0
6670,0
6671,0
6672,1022
6673,1022
6674,1022
6675,1022
6676,1022
6677,1022
6678,1022
6679,1021
6680,1022
6681,1022
6682,1022
6683,1022
6684,1022
6685,0
6686,0
6687,0
6688,0
6689,0
6690,0
6691,0
6692,0
6693,0
6694,0
6695,0
6696,0
6697,1022
6698,1021
6699,1022
6700,1022
6701,1022
6702,1022
6703,1022
6704,1022
6705,1022
6706,1022
6707,1022
6708,1022
6709,0
6710,0
6711,0
6712,0
6713,0
6714,0
6715,0
6716,0
6717,0
6718,0
6719,0
6720,0
6721,0
6722,1022
6723,1022
6724,1022
6725,1022
6726,1022
6727,1021
6728,1022
6729,1020
6730,1022
6731,1022
6732,1022
6733,1022
6734,0
6735,0
6736,0
6737,0
6738,0
6739,0
6740,0
6741,0
6742,0
6743,0
6744,0
6745,0
6746,0
6747,1022
6748,1022
6749,1022
6750,1022
6751,1022
6752,1022
6753,1021
6754,1022
6755,1022
6756,1022
6757,1021
6758,1022
6759,0
6760,0
6761,0
6762,0
6763,0
6764,0
6765,0
6766,0
6767,0
6768,0
6769,0
6770,0
6771,0
6772,1022
6773,1022
6774,1022
6775,1022
6776,1022
6777,1021
6778,1022
6779,1022
6780,1021
6781,1022
6782,1022
6783,1022
6784,0
6785,0
6786,0
6787,0
6788,0
6789,0
6790,0
6791,0
6792,0
6793,0
6794,0
6795,0
6796,0
6797,1022
6798,1021
6799,1022
6800,1022
6801,1022
6802,1022
6803,1022
6804,1022
6805,1022
6806,1022
6807,1022
6808,1022
6809,0
6810,0
6811,0
6812,0
6813,0
6814,0
6815,0
6816,0
6817,0
6818,0
6819,0
6820,0
6821,0
6822,1022
6823,1022
6824,1022
6825,1022
6826,1022
6827,1022
6828,1021
6829,1022
6830,1022
6831,1022
6832,1022
6833,1021
6834,0
6835,0
6836,0
6837,0
6838,0
6839,0
6840,0
6841,0
6842,0
6843,0
6844,0
6845,0
6846,0
6847,1022
6848,1022
6849,1022
6850,1022
6851,1022
6852,1022
6853,1021
6854,1022
6855,1023
6856,1021
6857,1022
6858,1022
6859,0
6860,0
6861,0
6862,0
6863,0
6864,0
6865,0
6866,0
6867,0
6868,0
6869,0
6870,0
6871,0
6872,1022
6873,1022
6874,1022
6875,1022
6876,1022
6877,1022
6878,1022
6879,1022
6880,1022
6881,1022
6882,1022
6883,1022
6884,0
6885,0
6886,0
6887,0
6888,0
6889,0
6890,0
6891,0
6892,0
6893,0
6894,0
6895,0
6896,0
6897,1022
6898,1022
6899,1022
6900,1022
6901,1022
6902,1022
6903,1022
6904,1022
6905,1022
6906,1022
6907,1021
6908,1021
6909,0
6910,0
6911,0
6912,0
6913,0
6914,0
6915,0
6916,0
6917,0
6918,0
6919,0
6920,0
6921,0
6922,1022
6923,1022
6924,1022
6925,1022
6926,1022
6927,1022
6928,1022
6929,1022
6930,1022
6931,1022
6932,1021
6933,1022
6934,0
6935,0
6936,0
6937,0
6938,0
6939,0
6940,0
6941,0
6942,0
6943,0
6944,0
6945,0
6946,0
6947,1022
6948,1022
6949,1021
6950,1022
6951,1022
6952,1022
6953,1022
6954,1022
6955,1022
6956,1022
6957,1022
6958,1022
6959,0
6960,0
6961,0
6962,0
6963,0
6964,0
6965,0
6966,0
6967,0
6968,0
6969,0
6970,0
6971,0
6972,1022
6973,1021
6974,1022
6975,1022
6976,1022
6977,1022
6978,1022
6979,1022
6980,1022
6981,1022
6982,1022
6983,1021
6984,0
6985,0
6986,0
6987,0
6988,0
6989,0
6990,0
6991,0
6992,0
6993,0
6994,0
6995,0
6996,0
6997,1022
6998,1023
6999,1022
7000,1022
7001,1022
7002,1021
7003,1022
7004,1022
7005,1022
7006,1022
7007,1022
7008,1021
7009,0
7010,0
7011,0
7012,0
7013,0
7014,0
7015,0
7016,0
7017,0
7018,0
7019,0
7020,0
7021,1022
7022,1022
7023,1022
7024,1022
7025,1021
7026,1022
7027,1021
7028,1022
7029,1022
7030,1022
7031,1022
7032,1022
7033,1022
7034,0
7035,0
7036,0
7037,0
7038,0
7039,0
7040,0
7041,0
7042,0
7043,0
7044,0
7045,0
7046,1022
7047,1022
7048,1022
7049,1022
7050,1022
7051,1022
7052,1022
7053,1022
7054,1022
7055,1022
7056,1022
7057,1022
7058,1023
7059,0
7060,0
7061,0
7062,0
7063,0
7064,0
7065,0
7066,0
7067,0
7068,0
7069,0
7070,0
7071,1022
7072,1022
7073,1021
7074,1022
7075,1021
7076,1021
7077,1021
7078,1022
7079,1022
7080,1021
7081,1023
7082,1021
7083,1022
7084,0
7085,0
7086,0
7087,0
7088,0
7089,0
7090,0
7091,0
7092,0
7093,0
7094,0
7095,0
7096,1022
7097,1021
7098,1021
7099,1022
7100,1022
7101,1022
7102,1022
7103,1022
7104,1022
7105,1022
7106,1021
7107,1022
7108,1022
7109,0
7110,0
7111,0
7112,0
7113,0
7114,0
7115,0
7116,0
7117,0
7118,0
7119,0
7120,0
7121,1022
7122,1021
7123,1022
7124,1022
7125,1022
7126,1022
7127,1022
7128,1022
7129,1022
7130,1022
7131,1022
7132,1022
7133,1022
7134,0
7135,0
7136,0
7137,0
7138,0
7139,0
7140,0
7141,0
7142,0
7143,0
7144,0
7145,0
7146,1022
7147,1022
7148,1022
7149,1022
7150,1021
7151,1022
7152,1022
7153,1021
7154,1023
7155,1022
7156,1022
7157,1022
7158,1022
7159,0
7160,0
7161,0
7162,0
7163,0
7164,0
7165,0
7166,0
7167,0
7168,0
7169,0
7170,0
7171,1022
7172,1022
7173,1022
7174,1022
7175,1022
7176,1022
7177,1022
7178,1022
7179,1022
7180,1022
7181,1022
7182,1022
7183,1022
7184,0
7185,0
7186,0
7187,0
7188,0
7189,0
7190,0
7191,0
7192,0
7193,0
7194,0
7195,0
7196,1022
7197,1022
7198,1022
7199,1022
7200,1022
7201,1022
7202,1022
7203,1022
7204,1021
7205,1022
7206,1022
7207,1022
7208,1022
7209,0
7210,0
7211,0
7212,0
7213,0
7214,0
7215,0
7216,0
7217,0
7218,0
7219,0
7220,0
7221,1022
7222,1022
7223,1022
7224,1022
7225,1021
7226,1022
7227,1022
7228,1022
7229,1021
7230,1022
7231,1022
7232,1022
7233,1021
7234,0
7235,0
7236,0
7237,0
7238,0
7239,0
7240,0
7241,0
7242,0
7243,0
7244,0
7245,0
7246,1022
7247,1022
7248,1021
7249,1022
7250,1022
7251,1022
7252,1022
7253,1022
7254,1022
7255,1022
7256,1022
7257,1022
7258,1022
7259,0
7260,0
7261,0
7262,0
7263,0
7264,0
7265,0
7266,0
7267,0
7268,0
7269,0
7270,0
7271,1022
7272,1022
7273,1022
7274,1022
7275,1022
7276,1022
7277,1022
7278,1021
7279,1022
7280,1022
7281,1022
7282,1022
7283,1022
7284,0
7285,0
7286,0
7287,0
7288,0
7289,0
7290,0
7291,0
7292,0
7293,0
7294,0
7295,0
7296,1022
7297,1022
7298,1022
7299,1022
7300,1022
7301,1021
7302,1022
7303,1023
7304,1022
7305,1021
7306,1023
7307,1021
7308,1022
7309,0
7310,0
7311,0
7312,0
7313,0
7314,0
7315,0
7316,0
7317,0
7318,0
7319,0
7320,0
7321,1022
7322,1022
7323,1022
7324,1022
7325,1022
7326,1021
7327,1021
7328,1022
7329,1021
7330,1022
7331,1022
7332,1022
7333,0
7334,0
7335,0
7336,0
7337,0
7338,0
7339,0
7340,0
7341,0
7342,0
7343,0
7344,0
7345,0
7346,1022
7347,1022
7348,1022
7349,1022
7350,1022
7351,1022
7352,1022
7353,1022
7354,1021
7355,1022
7356,1022
7357,1022
7358,0
7359,0
7360,0
7361,0
7362,0
7363,0
7364,0
7365,0
7366,0
7367,0
7368,0
7369,0
7370,0
7371,1022
7372,1022
7373,1021
7374,1021
7375,1021
7376,1021
7377,1022
7378,1022
7379,1022
7380,1021
7381,1022
7382,1022
7383,0
7384,0
7385,0
7386,0
7387,0
7388,0
7389,0
7390,0
7391,0
7392,0
7393,0
7394,0
7395,0
7396,1022
7397,1022
7398,1022
7399,1022
7400,1022
7401,1022
7402,1022
7403,1022
7404,1022
7405,1022
7406,1022
7407,1022
7408,0
7409,0
7410,0
7411,0
7412,0
7413,0
7414,0
7415,0
7416,0
7417,0
7418,0
7419,0
7420,0
7421,1022
7422,1022
7423,1022
7424,1022
7425,1022
7426,1022
7427,1022
7428,1022
7429,1022
7430,1022
7431,1022
7432,1022
7433,0
7434,0
7435,0
7436,0
7437,0
7438,0
7439,0
7440,0
7441,0
7442,0
7443,0
7444,0
7445,0
7446,1022
7447,1022
7448,1022
7449,1021
7450,1022
7451,1021
7452,1021
7453,1021
7454,1021
7455,1021
7456,1021
7457,1021
7458,0
7459,0
7460,0
7461,0
7462,0
7463,0
7464,0
7465,0
7466,0
7467,0
7468,0
7469,0
7470,0
7471,1022
7472,1022
7473,1021
7474,1022
7475,1022
7476,1022
7477,1022
7478,1022
7479,1022
7480,1022
7481,1022
7482,1022
7483,0
7484,0
7485,0
7486,0
7487,0
7488,0
7489,0
7490,0
7491,0
7492,0
7493,0
7494,0
7495,0
7496,1022
7497,1022
7498,1022
7499,1022
7500,1022
7501,1022
7502,1022
7503,1022
7504,1022
7505,1022
7506,1022
7507,1022
7508,0
7509,0
7510,0
7511,0
7512,0
7513,0
7514,0
7515,0
7516,0
7517,0
7518,0
7519,0
7520,0
7521,1022
7522,1022
7523,1022
7524,1022
7525,1021
7526,1022
7527,1022
7528,1022
7529,1021
7530,1021
7531,1022
7532,1020
7533,0
7534,0
7535,0
7536,0
7537,0
7538,0
7539,0
7540,0
7541,0
7542,0
7543,0
7544,0
7545,0
7546,1022
7547,1022
7548,1022
7549,1022
7550,1022
7551,1022
7552,1022
7553,1022
7554,1021
7555,1022
7556,1021
7557,1022
7558,0
7559,0
7560,0
7561,0
7562,0
7563,0
7564,0
7565,0
7566,0
7567,0
7568,0
7569,0
7570,0
7571,1022
7572,1022
7573,1022
7574,1022
7575,1021
7576,1022
7577,1022
7578,1021
7579,1022
7580,1022
7581,1022
7582,1022
7583,0
7584,0
7585,0
7586,0
7587,0
7588,0
7589,0
7590,0
7591,0
7592,0
7593,0
7594,0
7595,0
7596,1022
7597,1022
7598,1022
7599,1022
7600,1022
7601,1021
7602,1022
7603,1022
7604,1022
7605,1022
7606,1021
7607,1022
7608,0
7609,0
7610,0
7611,0
7612,0
7613,0
7614,0
7615,0
7616,0
7617,0
7618,0
7619,0
7620,0
7621,1022
7622,1022
7623,1022
7624,1022
7625,1022
7626,1022
7627,1022
7628,1022
7629,1022
7630,1022
7631,1022
7632,1022
7633,0
7634,0
7635,0
7636,0
7637,0
7638,0
7639,0
7640,0
7641,0
7642,0
7643,0
7644,0
7645,1022
7646,1022
7647,1022
7648,1022
7649,1022
7650,1022
7651,1022
7652,1021
7653,1022
7654,1022
7655,1022
7656,1022
7657,1022
7658,0
7659,0
7660,0
7661,0
7662,0
7663,0
7664,0
7665,0
7666,0
7667,0
7668,0
7669,0
7670,1022
7671,1022
7672,1022
7673,1022
7674,1021
7675,1022
7676,1022
7677,1021
7678,1021
7679,1022
7680,1022
7681,1022
7682,1022
7683,0
7684,0
7685,0
7686,0
7687,0
7688,0
7689,0
7690,0
7691,0
7692,0
7693,0
7694,0
7695,1021
7696,1022
7697,1022
7698,1022
7699,1022
7700,1022
7701,1022
7702,1022
7703,1022
7704,1022
7705,1022
7706,1022
7707,1022
7708,0
7709,0
7710,0
7711,0
7712,0
7713,0
7714,0
7715,0
7716,0
7717,0
7718,0
7719,0
7720,1022
7721,1022
7722,1022
7723,1022
7724,1022
7725,1022
7726,1022
7727,1022
7728,1022
7729,1022
7730,1022
7731,1022
7732,1022
7733,0
7734,0
7735,0
7736,0
7737,0
7738,0
7739,0
7740,0
7741,0
7742,0
7743,0
7744,0
7745,1022
7746,1022
7747,1022
7748,1022
7749,1022
7750,1022
7751,1022
7752,1022
7753,1022
7754,1021
7755,1021
7756,1021
7757,1022
7758,0
7759,0
7760,0
7761,0
7762,0
7763,0
7764,0
7765,0
7766,0
7767,0
7768,0
7769,0
7770,1022
7771,1022
7772,1022
7773,1022
7774,1022
7775,1022
7776,1022
7777,1021
7778,1022
7779,1021
7780,1021
7781,1021
7782,1022
7783,0
7784,0
7785,0
7786,0
7787,0
7788,0
7789,0
7790,0
7791,0
7792,0
7793,0
7794,0
7795,1022
7796,1022
7797,1022
7798,1022
7799,1022
7800,1022
7801,1022
7802,1022
7803,1022
7804,1022
7805,1022
7806,1022
7807,1022
7808,0
7809,0
7810,0
7811,0
7812,0
7813,0
7814,0
7815,0
7816,0
7817,0
7818,0
7819,0
7820,1022
7821,1022
7822,1022
7823,1022
7824,1022
7825,1022
7826,1022
7827,1022
7828,1022
7829,1022
7830,1021
7831,1022
7832,1022
7833,0
7834,0
7835,0
7836,0
7837,0
7838,0
7839,0
7840,0
7841,0
7842,0
7843,0
7844,0
7845,1022
7846,1022
7847,1022
7848,1022
7849,1022
7850,1022
7851,1022
7852,1022
7853,1021
7854,1022
7855,1022
7856,1022
7857,1022
7858,0
7859,0
7860,0
7861,0
7862,0
7863,0
7864,0
7865,0
7866,0
7867,0
7868,0
7869,0
7870,1022
7871,1022
7872,1022
7873,1022
7874,1022
7875,1022
7876,1022
7877,1022
7878,1022
7879,1022
7880,1022
7881,1022
7882,1022
7883,0
7884,0
7885,0
7886,0
7887,0
7888,0
7889,0
7890,0
7891,0
7892,0
7893,0
7894,0
7895,1022
7896,1022
7897,1022
7898,1022
7899,1022
7900,1022
7901,1023
7902,1022
7903,1022
7904,1022
7905,1022
7906,1022
7907,1021
7908,0
7909,0
7910,0
7911,0
7912,0
7913,0
7914,0
7915,0
7916,0
7917,0
7918,0
7919,0
7920,1022
7921,1022
7922,1022
7923,1022
7924,1022
7925,1022
7926,1022
7927,1022
7928,1022
7929,1022
7930,1022
7931,1022
7932,1022
7933,0
7934,0
7935,0
7936,0
7937,0
7938,0
7939,0
7940,0
7941,0
7942,0
7943,0
7944,0
7945,1022
7946,1022
7947,1022
7948,1022
7949,1022
7950,1021
7951,1022
7952,1022
7953,1022
7954,1021
7955,1022
7956,1022
7957,0
7958,0
7959,0
7960,0
7961,0
7962,0
7963,0
7964,0
7965,0
7966,0
7967,0
7968,0
7969,0
7970,1022
7971,1022
7972,1022
7973,1022
7974,1022
7975,1022
7976,1022
7977,1022
7978,1021
7979,1022
7980,1022
7981,1022
7982,0
7983,0
7984,0
7985,0
7986,0
7987,0
7988,0
7989,0
7990,0
7991,0
7992,0
7993,0
7994,0
7995,1022
7996,1022
7997,1022
7998,1022
7999,1022
8000,1022
8001,1022
8002,1022
8003,1022
8004,1022
8005,1022
8006,1022
8007,0
8008,0
8009,0
8010,0
8011,0
8012,0
8013,0
8014,0
8015,0
8016,0
8017,0
8018,0
8019,0
8020,1022
8021,1022
8022,1022
8023,1022
8024,1021
8025,1022
8026,1022
8027,1022
8028,1022
8029,1022
8030,1022
8031,1022
8032,0
8033,0
8034,0
8035,0
8036,0
8037,0
8038,0
8039,0
8040,0
8041,0
8042,0
8043,0
8044,0
8045,1022
8046,1022
8047,1022
8048,1022
8049,1022
8050,1022
8051,1022
8052,1021
8053,1022
8054,1022
8055,1021
8056,1022
8057,0
8058,0
8059,0
8060,0
8061,0
8062,0
8063,0
8064,0
8065,0
8066,0
8067,0
8068,0
8069,0
8070,1022
8071,1022
8072,1022
8073,1022
8074,1022
8075,1022
8076,1021
8077,1022
8078,1022
8079,1022
8080,1022
8081,1021
8082,0
8083,0
8084,0
8085,0
8086,0
8087,0
8088,0
8089,0
8090,0
8091,0
8092,0
8093,0
8094,0
8095,1022
8096,1022
8097,1022
8098,1022
8099,1022
8100,1022
8101,1022
8102,1022
8103,1022
8104,1022
8105,1022
8106,1022
8107,0
8108,0
8109,0
8110,0
8111,0
8112,0
8113,0
8114,0
8115,0
8116,0
8117,0
8118,0
8119,0
8120,1022
8121,1022
8122,1022
8123,1022
8124,1022
8125,1022
8126,1022
8127,1022
8128,1022
8129,1022
8130,1022
8131,1021
8132,0
8133,0
8134,0
8135,0
8136,0
8137,0
8138,0
8139,0
8140,0
8141,0
8142,0
8143,0
8144,0
8145,1022
8146,1022
8147,1022
8148,1022
8149,1022
8150,1022
8151,1022
8152,1022
8153,1022
8154,1022
8155,1022
8156,1022
8157,0
8158,0
8159,0
8160,0
8161,0
8162,0
8163,0
8164,0
8165,0
8166,0
8167,0
8168,0
8169,0
8170,1022
8171,1022
8172,1022
8173,1022
8174,1022
8175,1021
8176,1022
8177,1022
8178,1022
8179,1022
8180,1022
8181,1022
8182,0
8183,0
8184,0
8185,0
8186,0
8187,0
8188,0
8189,0
8190,0
8191,0
8192,0
8193,0
8194,0
8195,1022
8196,1022
8197,1022
8198,1022
8199,1022
8200,1022
8201,1022
8202,1022
8203,1022
8204,1022
8205,1021
8206,1022
8207,0
8208,0
8209,0
8210,0
8211,0
8212,0
8213,0
8214,0
8215,0
8216,0
8217,0
8218,0
8219,0
8220,1022
8221,1022
8222,1021
8223,1022
8224,1022
8225,1022
8226,1022
8227,1021
8228,1022
8229,1022
8230,1021
8231,1022
8232,0
8233,0
8234,0
8235,0
8236,0
8237,0
8238,0
8239,0
8240,0
8241,0
8242,0
8243,0
8244,0
8245,1022
8246,1022
8247,1022
8248,1022
8249,1021
8250,1022
8251,1022
8252,1022
8253,1023
8254,1022
8255,1022
8256,1022
8257,0
8258,0
8259,0
8260,0
8261,0
8262,0
8263,0
8264,0
8265,0
8266,0
8267,0
8268,0
8269,1022
8270,1022
8271,1022
8272,1022
8273,1022
8274,1022
8275,1022
8276,1022
8277,1022
8278,1022
8279,1022
8280,1022
8281,1021
8282,0
8283,0
8284,0
8285,0
8286,0
8287,0
8288,0
8289,0
8290,0
8291,0
8292,0
8293,0
8294,1022
8295,1022
8296,1022
8297,1022
8298,1022
8299,1022
8300,1022
8301,1022
8302,1022
8303,1022
8304,1022
8305,1022
8306,1022
8307,0
8308,0
8309,0
8310,0
8311,0
8312,0
8313,0
8314,0
8315,0
8316,0
8317,0
8318,0
8319,1022
8320,1022
8321,1022
8322,1022
8323,1022
8324,1022
8325,1022
8326,1022
8327,1022
8328,1022
8329,1022
8330,1022
8331,1022
8332,0
8333,0
8334,0
8335,0
8336,0
8337,0
8338,0
8339,0
8340,0
8341,0
8342,0
8343,0
8344,1022
8345,1022
8346,1022
8347,1022
8348,1022
8349,1022
8350,1022
8351,1022
8352,1023
8353,1022
8354,1022
8355,1022
8356,1021
8357,0
8358,0
8359,0
8360,0
8361,0
8362,0
8363,0
8364,0
8365,0
8366,0
8367,0
8368,0
8369,1022
8370,1022
8371,1022
8372,1022
8373,1022
8374,1022
8375,1022
8376,1021
8377,1022
8378,1022
8379,1022
8380,1022
8381,1022
8382,0
8383,0
8384,0
8385,0
8386,0
8387,0
8388,0
8389,0
8390,0
8391,0
8392,0
8393,0
8394,1022
8395,1022
8396,1022
8397,1022
8398,1022
8399,1022
8400,1022
8401,1022
8402,1022
8403,1022
8404,1022
8405,1022
8406,1022
8407,0
8408,0
8409,0
8410,0
8411,0
8412,0
8413,0
8414,0
8415,0
8416,0
8417,0
8418,0
8419,1022
8420,1022
8421,1022
8422,1022
8423,1022
8424,1022
8425,1022
8426,1022
8427,1022
8428,1022
8429,1022
8430,1022
8431,1022
8432,0
8433,0
8434,0
8435,0
8436,0
8437,0
8438,0
8439,0
8440,0
8441,0
8442,0
8443,0
8444,1022
8445,1022
8446,1023
8447,1022
8448,1022
8449,1022
8450,1022
8451,1022
8452,1022
8453,1022
8454,1022
8455,1022
8456,1022
8457,0
8458,0
8459,0
8460,0
8461,0
8462,0
8463,0
8464,0
8465,0
8466,0
8467,0
8468,0
8469,1022
8470,1022
8471,1022
8472,1022
8473,1022
8474,1022
8475,1022
8476,1022
8477,1022
8478,1021
8479,1021
8480,1022
8481,1022
8482,0
8483,0
8484,0
8485,0
8486,0
8487,0
8488,0
8489,0
8490,0
8491,0
8492,0
8493,0
8494,1022
8495,1022
8496,1022
8497,1022
8498,1022
8499,1022
8500,1022
8501,1022
8502,1022
8503,1022
8504,1022
8505,1021
8506,1022
8507,0
8508,0
8509,0
8510,0
8511,0
8512,0
8513,0
8514,0
8515,0
8516,0
8517,0
8518,0
8519,1022
8520,1022
8521,1022
8522,1022
8523,1022
8524,1022
8525,1022
8526,1022
8527,1021
8528,1022
8529,1022
8530,1022
8531,1022
8532,0
8533,0
8534,0
8535,0
8536,0
8537,0
8538,0
8539,0
8540,0
8541,0
8542,0
8543,0
8544,1022
8545,1022
8546,1022
8547,1022
8548,1022
8549,1022
8550,1022
8551,1022
8552,1022
8553,1022
8554,1022
8555,1022
8556,1022
8557,0
8558,0
8559,0
8560,0
8561,0
8562,0
8563,0
8564,0
8565,0
8566,0
8567,0
8568,0
8569,1022
8570,1022
8571,1022
8572,1022
8573,1021
8574,1022
8575,1022
8576,1021
8577,1022
8578,1022
8579,1022
8580,1022
8581,0
8582,0
8583,0
8584,0
8585,0
8586,0
8587,0
8588,0
8589,0
8590,0
8591,0
8592,0
8593,0
8594,1022
8595,1022
8596,1022
8597,1022
8598,1022
8599,1022
8600,1022
8601,1022
8602,1022
8603,1022
8604,1022
8605,1022
8606,0
8607,0
8608,0
8609,0
8610,0
8611,0
8612,0
8613,0
8614,0
8615,0
8616,0
8617,0
8618,0
8619,1022
8620,1022
8621,1022
8622,1022
8623,1022
8624,1022
8625,1022
8626,1022
8627,1022
8628,1022
8629,1022
8630,1022
8631,0
8632,0
8633,0
8634,0
8635,0
8636,0
8637,0
8638,0
8639,0
8640,0
8641,0
8642,0
8643,0
8644,1022
8645,1022
8646,1022
8647,1022
8648,1022
8649,1022
8650,1022
8651,1022
8652,1022
8653,1022
8654,1023
8655,1022
8656,0
8657,0
8658,0
8659,0
8660,0
8661,0
8662,0
8663,0
8664,0
8665,0
8666,0
8667,0
8668,0
8669,1022
8670,1022
8671,1022
8672,1022
8673,1022
8674,1022
8675,1022
8676,1022
8677,1022
8678,1022
8679,1022
8680,1022
8681,0
8682,0
8683,0
8684,0
8685,0
8686,0
8687,0
8688,0
8689,0
8690,0
8691,0
8692,0
8693,0
8694,1022
8695,1022
8696,1022
8697,1022
8698,1022
8699,1022
8700,1022
8701,1022
8702,1022
8703,1022
8704,1022
8705,1021
8706,0
8707,0
8708,0
8709,0
8710,0
8711,0
8712,0
8713,0
8714,0
8715,0
8716,0
8717,0
8718,0
8719,1022
8720,1023
8721,1022
8722,1022
8723,1022
8724,1022
8725,1022
8726,1022
8727,1022
8728,1022
8729,1021
8730,1022
8731,0
8732,0
8733,0
8734,0
8735,0
8736,0
8737,0
8738,0
8739,0
8740,0
8741,0
8742,0
8743,0
8744,1021
8745,1021
8746,1022
8747,1022
8748,1021
8749,1022
8750,1022
8751,1022
8752,1022
8753,1022
8754,1022
8755,1022
8756,0
8757,0
8758,0
8759,0
8760,0
8761,0
8762,0
8763,0
8764,0
8765,0
8766,0
8767,0
8768,0
8769,1022
8770,1022
8771,1022
8772,1022
8773,1022
8774,1022
8775,1022
8776,1022
8777,1022
8778,1022
8779,1022
8780,1022
8781,0
8782,0
8783,0
8784,0
8785,0
8786,0
8787,0
8788,0
8789,0
8790,0
8791,0
8792,0
8793,0
8794,1021
8795,1022
8796,1022
8797,1022
8798,1022
8799,1022
8800,1022
8801,1022
8802,1022
8803,1022
8804,1022
8805,1022
8806,0
8807,0
8808,0
8809,0
8810,0
8811,0
8812,0
8813,0
8814,0
8815,0
8816,0
8817,0
8818,0
8819,1022
8820,1022
8821,1022
8822,1022
8823,1022
8824,1022
8825,1022
8826,1022
8827,1022
8828,1022
8829,1022
8830,1022
8831,0
8832,0
8833,0
8834,0
8835,0
8836,0
8837,0
8838,0
8839,0
8840,0
8841,0
8842,0
8843,0
8844,1021
8845,1022
8846,1021
8847,1022
8848,1022
8849,1022
8850,1022
8851,1022
8852,1022
8853,1022
8854,1022
8855,1022
8856,0
8857,0
8858,0
8859,0
8860,0
8861,0
8862,0
8863,0
8864,0
8865,0
8866,0
8867,0
8868,0
8869,1022
8870,1022
8871,1022
8872,1022
8873,1022
8874,1022
8875,1022
8876,1022
8877,1022
8878,1022
8879,1022
8880,1022
8881,0
8882,0
8883,0
8884,0
8885,0
8886,0
8887,0
8888,0
8889,0
8890,0
8891,0
8892,0
8893,1022
8894,1022
8895,1021
8896,1022
8897,1022
8898,1022
8899,1022
8900,1022
8901,1022
8902,1022
8903,1022
8904,1021
8905,1022
8906,0
8907,0
8908,0
8909,0
8910,0
8911,0
8912,0
8913,0
8914,0
8915,0
8916,0
8917,0
8918,1022
8919,1022
8920,1021
8921,1022
8922,1022
8923,1022
8924,1022
8925,1022
8926,1022
8927,1022
8928,1022
8929,1023
8930,1022
8931,0
8932,0
8933,0
8934,0
8935,0
8936,0
8937,0
8938,0
8939,0
8940,0
8941,0
8942,0
8943,1022
8944,1022
8945,1022
8946,1022
8947,1022
8948,1022
8949,1022
8950,1022
8951,1022
8952,1022
8953,1022
8954,1022
8955,1022
8956,0
8957,0
8958,0
8959,0
8960,0
8961,0
8962,0
8963,0
8964,0
8965,0
8966,0
8967,0
8968,1022
8969,1021
8970,1021
8971,1022
8972,1022
8973,1022
8974,1022
8975,1022
8976,1022
8977,1022
8978,1022
8979,1022
8980,1022
8981,0
8982,0
8983,0
8984,0
8985,0
8986,0
8987,0
8988,0
8989,0
8990,0
8991,0
8992,0
8993,1022
8994,1022
8995,1022
8996,1022
8997,1022
8998,1022
8999,1022
9000,1022
9001,1022
9002,1022
9003,1022
9004,1022
9005,1022
9006,0
9007,0
9008,0
9009,0
9010,0
9011,0
9012,0
9013,0
9014,0
9015,0
9016,0
9017,0
9018,1022
9019,1022
9020,1022
9021,1022
9022,1022
9023,1022
9024,1022
9025,1022
9026,1022
9027,1022
9028,1022
9029,1022
9030,1022
9031,0
9032,0
9033,0
9034,0
9035,0
9036,0
9037,0
9038,0
9039,0
9040,0
9041,0
9042,0
9043,1021
9044,1022
9045,1022
9046,1022
9047,1022
9048,1022
9049,1022
9050,1022
9051,1022
9052,1022
9053,1022
9054,1022
9055,1022
9056,0
9057,0
9058,0
9059,0
9060,0
9061,0
9062,0
9063,0
9064,0
9065,0
9066,0
9067,0
9068,1022
9069,1022
9070,1022
9071,1022
9072,1022
9073,1022
9074,1022
9075,1022
9076,1022
9077,1022
9078,1022
9079,1022
9080,1022
9081,0
9082,0
9083,0
9084,0
9085,0
9086,0
9087,0
9088,0
9089,0
9090,0
9091,0
9092,0
9093,1022
9094,1022
9095,1022
9096,1022
9097,1022
9098,1022
9099,1022
9100,1022
9101,1022
9102,1022
9103,1022
9104,1022
9105,1022
9106,0
9107,0
9108,0
9109,0
9110,0
9111,0
9112,0
9113,0
9114,0
9115,0
9116,0
9117,0
9118,1021
9119,1021
9120,1021
9121,1021
9122,1021
9123,1022
9124,1022
9125,1022
9126,1022
9127,1022
9128,1022
9129,1022
9130,1022
9131,0
9132,0
9133,0
9134,0
9135,0
9136,0
9137,0
9138,0
9139,0
9140,0
9141,0
9142,0
9143,1022
9144,1022
9145,1022
9146,1022
9147,1022
9148,1022
9149,1022
9150,1022
9151,1022
9152,1022
9153,1022
9154,1022
9155,1022
9156,0
9157,0
9158,0
9159,0
9160,0
9161,0
9162,0
9163,0
9164,0
9165,0
9166,0
9167,0
9168,1022
9169,1022
9170,1022
9171,1022
9172,1022
9173,1022
9174,1022
9175,1021
9176,1022
9177,1022
9178,1022
9179,1022
9180,1022
9181,0
9182,0
9183,0
9184,0
9185,0
9186,0
9187,0
9188,0
9189,0
9190,0
9191,0
9192,0
9193,1022
9194,1021
9195,1021
9196,1021
9197,1022
9198,1022
9199,1022
9200,1022
9201,1022
9202,1022
9203,1022
9204,1022
9205,0
9206,0
9207,0
9208,0
9209,0
9210,0
9211,0
9212,0
9213,0
9214,0
9215,0
9216,0
9217,0
9218,1021
9219,1022
9220,1021
9221,1022
9222,1022
9223,1022
9224,1022
9225,1022
9226,1022
9227,1022
9228,1022
9229,1022
9230,0
9231,0
9232,0
9233,0
9234,0
9235,0
9236,0
9237,0
9238,0
9239,0
9240,0
9241,0
9242,0
9243,1022
9244,1022
9245,1022
9246,1022
9247,1022
9248,1022
9249,1022
9250,1022
9251,1022
9252,1022
9253,1022
9254,1022
9255,0
9256,0
9257,0
9258,0
9259,0
9260,0
9261,0
9262,0
9263,0
9264,0
9265,0
9266,0
9267,0
9268,1022
9269,1022
9270,1022
9271,1022
9272,1022
9273,1022
9274,1022
9275,1022
9276,1022
9277,1022
9278,1022
9279,1022
9280,0
9281,0
9282,0
9283,0
9284,0
9285,0
9286,0
9287,0
9288,0
9289,0
9290,0
9291,0
9292,0
9293,1022
9294,1022
9295,1022
9296,1022
9297,1022
9298,1022
9299,1022
9300,1022
9301,1022
9302,1022
9303,1022
9304,1022
9305,0
9306,0
9307,0
9308,0
9309,0
9310,0
9311,0
9312,0
9313,0
9314,0
9315,0
9316,0
9317,0
9318,1022
9319,1022
9320,1022
9321,1022
9322,1022
9323,1022
9324,1022
9325,1022
9326,1022
9327,1022
9328,1022
9329,1022
9330,0
9331,0
9332,0
9333,0
9334,0
9335,0
9336,0
9337,0
9338,0
9339,0
9340,0
9341,0
9342,0
9343,1022
9344,1022
9345,1021
9346,1022
9347,1022
9348,1022
9349,1022
9350,1022
9351,1022
9352,1022
9353,1023
9354,1022
9355,0
9356,0
9357,0
9358,0
9359,0
9360,0
9361,0
9362,0
9363,0
9364,0
9365,0
9366,0
9367,0
9368,1022
9369,1022
9370,1022
9371,1022
9372,1022
9373,1022
9374,1022
9375,1022
9376,1022
9377,1022
9378,1022
9379,1022
9380,0
9381,0
9382,0
9383,0
9384,0
9385,0
9386,0
9387,0
9388,0
9389,0
9390,0
9391,0
9392,0
9393,1022
9394,1022
9395,1022
9396,1022
9397,1022
9398,1022
9399,1022
9400,1022
9401,1022
9402,1022
9403,1022
9404,1022
9405,0
9406,0
9407,0
9408,0
9409,0
9410,0
9411,0
9412,0
9413,0
9414,0
9415,0
9416,0
9417,0
9418,1022
9419,1022
9420,1021
9421,1022
9422,1022
9423,1022
9424,1021
9425,1022
9426,1022
9427,1022
9428,1022
9429,1022
9430,0
9431,0
9432,0
9433,0
9434,0
9435,0
9436,0
9437,0
9438,0
9439,0
9440,0
9441,0
9442,0
9443,1022
9444,1021
9445,1022
9446,1021
9447,1022
9448,1022
9449,1022
9450,1022
9451,1022
9452,1022
9453,1022
9454,1022
9455,0
9456,0
9457,0
9458,0
9459,0
9460,0
9461,0
9462,0
9463,0
9464,0
9465,0
9466,0
9467,0
9468,1022
9469,1022
9470,1022
9471,1022
9472,1023
9473,1022
9474,1022
9475,1021
9476,1022
9477,1023
9478,1022
9479,1022
9480,0
9481,0
9482,0
9483,0
9484,0
9485,0
9486,0
9487,0
9488,0
9489,0
9490,0
9491,0
9492,0
9493,1021
9494,1021
9495,1022
9496,1022
9497,1022
9498,1021
9499,1022
9500,1022
9501,1022
9502,1022
9503,1022
9504,1022
9505,0
9506,0
9507,0
9508,0
9509,0
9510,0
9511,0
9512,0
9513,0
9514,0
9515,0
9516,0
9517,1022
9518,1022
9519,1021
9520,1022
9521,1022
9522,1022
9523,1022
9524,1022
9525,1022
9526,1022
9527,1022
9528,1021
9529,1022
9530,0
9531,0
9532,0
9533,0
9534,0
9535,0
9536,0
9537,0
9538,0
9539,0
9540,0
9541,0
9542,1022
9543,1022
9544,1022
9545,1022
9546,1022
9547,1022
9548,1022
9549,1022
9550,1022
9551,1022
9552,1022
9553,1022
9554,1022
9555,0
9556,0
9557,0
9558,0
9559,0
9560,0
9561,0
9562,0
9563,0
9564,0
9565,0
9566,0
9567,1022
9568,1022
9569,1022
9570,1022
9571,1022
9572,1021
9573,1022
9574,1022
9575,1021
9576,1021
9577,1022
9578,1022
9579,1022
9580,0
9581,0
9582,0
9583,0
9584,0
9585,0
9586,0
9587,0
9588,0
9589,0
9590,0
9591,0
9592,1022
9593,1022
9594,1022
9595,1022
9596,1022
9597,1022
9598,1022
9599,1022
9600,1022
9601,1021
9602,1022
9603,1022
9604,1022
9605,0
9606,0
9607,0
9608,0
9609,0
9610,0
9611,0
9612,0
9613,0
9614,0
9615,0
9616,0
9617,1022
9618,1022
9619,1022
9620,1022
9621,1022
9622,1022
9623,1021
9624,1022
9625,1022
9626,1021
9627,1022
9628,1022
9629,1022
9630,0
9631,0
9632,0
9633,0
9634,0
9635,0
9636,0
9637,0
9638,0
9639,0
9640,0
9641,0
9642,1022
9643,1022
9644,1022
9645,1022
9646,1020
9647,1022
9648,1022
9649,1022
9650,1022
9651,1022
9652,1022
9653,1021
9654,1022
9655,0
9656,0
9657,0
9658,0
9659,0
9660,0
9661,0
9662,0
9663,0
9664,0
9665,0
9666,0
9667,1022
9668,1022
9669,1022
9670,1022
9671,1022
9672,1022
9673,1022
9674,1022
9675,1022
9676,1022
9677,1022
9678,1022
9679,1022
9680,0
9681,0
9682,0
9683,0
9684,0
9685,0
9686,0
9687,0
9688,0
9689,0
9690,0
9691,0
9692,1022
9693,1022
9694,1022
9695,1022
9696,1022
9697,1022
9698,1022
9699,1022
9700,1022
9701,1021
9702,1022
9703,1022
9704,1022
9705,0
9706,0
9707,0
9708,0
9709,0
9710,0
9711,0
9712,0
9713,0
9714,0
9715,0
9716,0
9717,1022
9718,1022
9719,1022
9720,1022
9721,1022
9722,1022
9723,1023
9724,1022
9725,1022
9726,1022
9727,1022
9728,1022
9729,1021
9730,0
9731,0
9732,0
9733,0
9734,0
9735,0
9736,0
9737,0
9738,0
9739,0
9740,0
9741,0
9742,1022
9743,1022
9744,1022
9745,1022
9746,1022
9747,1022
9748,1022
9749,1022
9750,1022
9751,1022
9752,1021
9753,1023
9754,1022
9755,0
9756,0
9757,0
9758,0
9759,0
9760,0
9761,0
9762,0
9763,0
9764,0
9765,0
9766,0
9767,1022
9768,1022
9769,1022
9770,1022
9771,1022
9772,1022
9773,1022
9774,1022
9775,1022
9776,1022
9777,1022
9778,1022
9779,1022
9780,0
9781,0
9782,0
9783,0
9784,0
9785,0
9786,0
9787,0
9788,0
9789,0
9790,0
9791,0
9792,1022
9793,1022
9794,1022
9795,1022
9796,1022
9797,1022
9798,1022
9799,1022
9800,1021
9801,1023
9802,1022
9803,1021
9804,1022
9805,0
9806,0
9807,0
9808,0
9809,0
9810,0
9811,0
9812,0
9813,0
9814,0
9815,0
9816,0
9817,1022
9818,1022
9819,1022
9820,1022
9821,1022
9822,1022
9823,1022
9824,1022
9825,1022
9826,1022
9827,1022
9828,1022
9829,0
9830,0
9831,0
9832,0
9833,0
9834,0
9835,0
9836,0
9837,0
9838,0
9839,0
9840,0
9841,0
9842,1022
9843,1022
9844,1022
9845,1022
9846,1022
9847,1022
9848,1022
9849,1022
9850,1022
9851,1021
9852,1022
9853,1022
9854,0
9855,0
9856,0
9857,0
9858,0
9859,0
9860,0
9861,0
9862,0
9863,0
9864,0
9865,0
9866,0
9867,1022
9868,1022
9869,1022
9870,1022
9871,1022
9872,1022
9873,1022
9874,1022
9875,1022
9876,1022
9877,1022
9878,1022
9879,0
9880,0
9881,0
9882,0
9883,0
9884,0
9885,0
9886,0
9887,0
9888,0
9889,0
9890,0
9891,0
9892,1022
9893,1022
9894,1022
9895,1022
9896,1021
9897,1022
9898,1022
9899,1022
9900,1022
9901,1022
9902,1022
9903,1022
9904,0
9905,0
9906,0
9907,0
9908,0
9909,0
9910,0
9911,0
9912,0
9913,0
9914,0
9915,0
9916,0
9917,1022
9918,1022
9919,1022
9920,1022
9921,1022
9922,1022
9923,1022
9924,1021
9925,1022
9926,1022
9927,1022
9928,1022
9929,0
9930,0
9931,0
9932,0
9933,0
9934,0
9935,0
9936,0
9937,0
9938,0
9939,0
9940,0
9941,0
9942,1022
9943,1022
9944,1022
9945,1021
9946,1022
9947,1022
9948,1022
9949,1022
9950,1021
9951,1022
9952,1021
9953,1022
9954,0
9955,0
9956,0
9957,0
9958,0
9959,0
9960,0
9961,0
9962,0
9963,0
9964,0
9965,0
9966,0
9967,1022
9968,1022
9969,1022
9970,1022
9971,1022
9972,1022
9973,1022
9974,1022
9975,1022
9976,1022
9977,1022
9978,1022
9979,0
9980,0
9981,0
9982,0
9983,0
9984,0
9985,0
9986,0
9987,0
9988,0
9989,0
9990,0
9991,0
9992,1022
9993,1022
9994,1022
9995,1021
9996,1022
9997,1022
9998,1022
9999,1022
10000,1022
