1,0
2,0
3,0
4,0
5,0
6,1021
7,1022
8,1021
9,1022
10,1022
11,1022
12,1022
13,1022
14,1022
15,1022
16,0
17,0
18,0
19,0
20,0
21,0
22,0
23,0
24,0
25,0
26,0
27,1022
28,1022
29,1021
30,1022
31,1021
32,1022
33,1022
34,1022
35,1021
36,1022
37,1022
38,0
39,0
40,0
41,0
42,0
43,0
44,0
45,0
46,0
47,0
48,1022
49,1022
50,1022
51,1021
52,1022
53,1022
54,1022
55,1022
56,1022
57,1022
58,1022
59,0
60,0
61,0
62,0
63,0
64,0
65,0
66,0
67,0
68,0
69,0
70,1022
71,1022
72,1022
73,1022
74,1022
75,1022
76,1022
77,1021
78,1022
79,1021
80,0
81,0
82,0
83,0
84,0
85,0
86,0
87,0
88,0
89,0
90,0
91,1022
92,1022
93,1022
94,1023
95,1022
96,1022
97,1022
98,1022
99,1021
100,1021
101,0
102,0
103,0
104,0
105,0
106,0
107,0
108,0
109,0
110,0
111,0
112,1022
113,1022
114,1022
115,1022
116,1021
117,1022
118,1022
119,1022
120,1022
121,1021
122,1021
123,0
124,0
125,0
126,0
127,0
128,0
129,0
130,0
131,0
132,0
133,1022
134,1022
135,1022
136,1022
137,1022
138,1022
139,1022
140,1022
141,1022
142,1022
143,1022
144,0
145,0
146,0
147,0
148,0
149,0
150,0
151,0
152,0
153,0
154,0
155,1021
156,1021
157,1021
158,1021
159,1022
160,1022
161,1022
162,1021
163,1022
164,1022
165,0
166,0
167,0
168,0
169,0
170,0
171,0
172,0
173,0
174,0
175,0
176,1022
177,1022
178,1022
179,1022
180,1022
181,1022
182,1022
183,1022
184,1022
185,1022
186,0
187,0
188,0
189,0
190,0
191,0
192,0
193,0
194,0
195,0
196,0
197,1022
198,1022
199,1021
200,1022
201,1022
202,1022
203,1021
204,1022
205,1022
206,1022
207,1022
208,0
209,0
210,0
211,0
212,0
213,0
214,0
215,0
216,0
217,0
218,1022
219,1022
220,1022
221,1022
222,1022
223,1022
224,1022
225,1022
226,1022
227,1022
228,1020
229,0
230,0
231,0
232,0
233,0
234,0
235,0
236,0
237,0
238,0
239,0
240,1022
241,1022
242,1022
243,1022
244,1022
245,1022
246,1022
247,1022
248,1021
249,1022
250,0
251,0
252,0
253,0
254,0
255,0
256,0
257,0
258,0
259,0
260,0
261,1022
262,1021
263,1022
264,1022
265,1022
266,1022
267,1022
268,1022
269,1022
270,1022
271,0
272,0
273,0
274,0
275,0
276,0
277,0
278,0
279,0
280,0
281,0
282,1022
283,1022
284,1022
285,1022
286,1022
287,1022
288,1022
289,1022
290,1022
291,1022
292,1022
293,0
294,0
295,0
296,0
297,0
298,0
299,0
300,0
301,0
302,0
303,1022
304,1022
305,1022
306,1022
307,1022
308,1022
309,1023
310,1022
311,1022
312,1022
313,1022
314,0
315,0
316,0
317,0
318,0
319,0
320,0
321,0
322,0
323,0
324,0
325,1022
326,1022
327,1022
328,1022
329,1022
330,1022
331,1022
332,1022
333,1022
334,1022
335,0
336,0
337,0
338,0
339,0
340,0
341,0
342,0
343,0
344,0
345,0
346,1022
347,1022
348,1022
349,1022
350,1021
351,1021
352,1021
353,1022
354,1022
355,1022
356,0
357,0
358,0
359,0
360,0
361,0
362,0
363,0
364,0
365,0
366,0
367,1022
368,1022
369,1022
370,1022
371,1022
372,1022
373,1022
374,1022
375,1022
376,1022
377,1022
378,0
379,0
380,0
381,0
382,0
383,0
384,0
385,0
386,0
387,0
388,1021
389,1022
390,1022
391,1022
392,1022
393,1022
394,1022
395,1022
396,1022
397,1022
398,1022
399,0
400,0
401,0
402,0
403,0
404,0
405,0
406,0
407,0
408,0
409,0
410,1022
411,1022
412,1022
413,1022
414,1022
415,1021
416,1022
417,1022
418,1022
419,1022
420,0
421,0
422,0
423,0
424,0
425,0
426,0
427,0
428,0
429,0
430,0
431,1022
432,1021
433,1022
434,1022
435,1022
436,1022
437,1022
438,1022
439,1022
440,1022
441,0
442,0
443,0
444,0
445,0
446,0
447,0
448,0
449,0
450,0
451,0
452,1022
453,1022
454,1022
455,1021
456,1022
457,1022
458,1022
459,1022
460,1021
461,1022
462,1022
463,0
464,0
465,0
466,0
467,0
468,0
469,0
470,0
471,0
472,0
473,1022
474,1022
475,1022
476,1022
477,1022
478,1022
479,1022
480,1022
481,1022
482,1022
483,1022
484,0
485,0
486,0
487,0
488,0
489,0
490,0
491,0
492,0
493,0
494,0
495,1022
496,1022
497,1022
498,1022
499,1021
500,1022
501,1022
502,1022
503,1022
504,1022
505,0
506,0
507,0
508,0
509,0
510,0
511,0
512,0
513,0
514,0
515,0
516,1022
517,1022
518,1022
519,1022
520,1021
521,1022
522,1021
523,1021
524,1022
525,1023
526,0
527,0
528,0
529,0
530,0
531,0
532,0
533,0
534,0
535,0
536,0
537,1022
538,1021
539,1021
540,1022
541,1022
542,1022
543,1022
544,1022
545,1022
546,1022
547,1022
548,0
549,0
550,0
551,0
552,0
553,0
554,0
555,0
556,0
557,0
558,1022
559,1022
560,1022
561,1022
562,1022
563,1022
564,1022
565,1022
566,1022
567,1022
568,1021
569,0
570,0
571,0
572,0
573,0
574,0
575,0
576,0
577,0
578,0
579,0
580,1022
581,1022
582,1022
583,1022
584,1022
585,1022
586,1022
587,1022
588,1022
589,1022
590,0
591,0
592,0
593,0
594,0
595,0
596,0
597,0
598,0
599,0
600,0
601,1021
602,1022
603,1022
604,1021
605,1022
606,1022
607,1021
608,1022
609,1022
610,1022
611,0
612,0
613,0
614,0
615,0
616,0
617,0
618,0
619,0
620,0
621,0
622,1022
623,1022
624,1022
625,1022
626,1021
627,1022
628,1022
629,1022
630,1021
631,1022
632,1022
633,0
634,0
635,0
636,0
637,0
638,0
639,0
640,0
641,0
642,0
643,1022
644,1022
645,1022
646,1022
647,1022
648,1021
649,1022
650,1022
651,1022
652,1022
653,1022
654,0
655,0
656,0
657,0
658,0
659,0
660,0
661,0
662,0
663,0
664,0
665,1022
666,1022
667,1022
668,1022
669,1022
670,1022
671,1021
672,1022
673,1021
674,1021
675,0
676,0
677,0
678,0
679,0
680,0
681,0
682,0
683,0
684,0
685,0
686,1022
687,1022
688,1022
689,1023
690,1023
691,1022
692,1022
693,1022
694,1021
695,1022
696,0
697,0
698,0
699,0
700,0
701,0
702,0
703,0
704,0
705,0
706,0
707,1022
708,1022
709,1022
710,1022
711,1022
712,1021
713,1022
714,1022
715,1022
716,1021
717,1022
718,0
719,0
720,0
721,0
722,0
723,0
724,0
725,0
726,0
727,0
728,1022
729,1022
730,1022
731,1022
732,1022
733,1022
734,1022
735,1022
736,1022
737,1021
738,1022
739,0
740,0
741,0
742,0
743,0
744,0
745,0
746,0
747,0
748,0
749,0
750,1022
751,1022
752,1022
753,1022
754,1022
755,1022
756,1022
757,1022
758,1022
759,1022
760,0
761,0
762,0
763,0
764,0
765,0
766,0
767,0
768,0
769,0
770,0
771,1022
772,1022
773,1022
774,1022
775,1022
776,1022
777,1022
778,1021
779,1022
780,1022
781,0
782,0
783,0
784,0
785,0
786,0
787,0
788,0
789,0
790,0
791,0
792,1022
793,1022
794,1022
795,1021
796,1022
797,1022
798,1022
799,1022
800,1022
801,1022
802,1022
803,0
804,0
805,0
806,0
807,0
808,0
809,0
810,0
811,0
812,0
813,1022
814,1022
815,1022
816,1022
817,1022
818,1022
819,1022
820,1022
821,1022
822,1022
823,1022
824,0
825,0
826,0
827,0
828,0
829,0
830,0
831,0
832,0
833,0
834,0
835,1022
836,1022
837,1022
838,1022
839,1022
840,1023
841,1022
842,1022
843,1022
844,1022
845,0
846,0
847,0
848,0
849,0
850,0
851,0
852,0
853,0
854,0
855,0
856,1022
857,1022
858,1022
859,1022
860,1022
861,1022
862,1022
863,1022
864,1022
865,1022
866,0
867,0
868,0
869,0
870,0
871,0
872,0
873,0
874,0
875,0
876,0
877,1022
878,1022
879,1022
880,1022
881,1022
882,1022
883,1022
884,1022
885,1021
886,1022
887,1022
888,0
889,0
890,0
891,0
892,0
893,0
894,0
895,0
896,0
897,0
898,1022
899,1022
900,1022
901,1022
902,1022
903,1022
904,1022
905,1022
906,1021
907,1022
908,1023
909,0
910,0
911,0
912,0
913,0
914,0
915,0
916,0
917,0
918,0
919,0
920,1022
921,1022
922,1022
923,1021
924,1021
925,1022
926,1021
927,1022
928,1021
929,1022
930,0
931,0
932,0
933,0
934,0
935,0
936,0
937,0
938,0
939,0
940,0
941,1022
942,1022
943,1022
944,1021
945,1022
946,1022
947,1022
948,1021
949,1022
950,1022
951,0
952,0
953,0
954,0
955,0
956,0
957,0
958,0
959,0
960,0
961,0
962,1022
963,1022
964,1022
965,1022
966,1022
967,1021
968,1022
969,1022
970,1022
971,1022
972,1022
973,0
974,0
975,0
976,0
977,0
978,0
979,0
980,0
981,0
982,0
983,1022
984,1022
985,1022
986,1022
987,1022
988,1022
989,1022
990,1022
991,1022
992,1022
993,1022
994,0
995,0
996,0
997,0
998,0
999,0
1000,0
1001,0
1002,0
1003,0
1004,0
1005,1022
1006,1022
1007,1022
1008,1022
1009,1022
1010,1022
1011,1022
1012,1022
1013,1022
1014,1022
1015,0
1016,0
1017,0
1018,0
1019,0
1020,0
1021,0
1022,0
1023,0
1024,0
1025,0
1026,1022
1027,1022
1028,1022
1029,1022
1030,1022
1031,1020
1032,1022
1033,1022
1034,1022
1035,1022
1036,0
1037,0
1038,0
1039,0
1040,0
1041,0
1042,0
1043,0
1044,0
1045,0
1046,0
1047,1022
1048,1022
1049,1022
1050,1022
1051,1022
1052,1022
1053,1022
1054,1022
1055,1022
1056,1022
1057,1022
1058,0
1059,0
1060,0
1061,0
1062,0
1063,0
1064,0
1065,0
1066,0
1067,0
1068,1022
1069,1022
1070,1022
1071,1022
1072,1022
1073,1022
1074,1022
1075,1022
1076,1022
1077,1022
1078,1022
1079,0
1080,0
1081,0
1082,0
1083,0
1084,0
1085,0
1086,0
1087,0
1088,0
1089,1022
1090,1022
1091,1022
1092,1022
1093,1022
1094,1022
1095,1022
1096,1022
1097,1022
1098,1022
1099,1022
1100,0
1101,0
1102,0
1103,0
1104,0
1105,0
1106,0
1107,0
1108,0
1109,0
1110,0
1111,1022
1112,1022
1113,1022
1114,1022
1115,1022
1116,1022
1117,1020
1118,1022
1119,1021
1120,1022
1121,0
1122,0
1123,0
1124,0
1125,0
1126,0
1127,0
1128,0
1129,0
1130,0
1131,0
1132,1022
1133,1022
1134,1022
1135,1022
1136,1022
1137,1022
1138,1022
1139,1022
1140,1022
1141,1021
1142,1022
1143,0
1144,0
1145,0
1146,0
1147,0
1148,0
1149,0
1150,0
1151,0
1152,0
1153,1022
1154,1022
1155,1022
1156,1022
1157,1023
1158,1023
1159,1022
1160,1022
1161,1022
1162,1022
1163,1021
1164,0
1165,0
1166,0
1167,0
1168,0
1169,0
1170,0
1171,0
1172,0
1173,0
1174,1021
1175,1022
1176,1022
1177,1022
1178,1022
1179,1022
1180,1021
1181,1022
1182,1022
1183,1022
1184,1022
1185,0
1186,0
1187,0
1188,0
1189,0
1190,0
1191,0
1192,0
1193,0
1194,0
1195,0
1196,1022
1197,1022
1198,1022
1199,1022
1200,1022
1201,1022
1202,1022
1203,1021
1204,1022
1205,1022
1206,0
1207,0
1208,0
1209,0
1210,0
1211,0
1212,0
1213,0
1214,0
1215,0
1216,0
1217,1022
1218,1021
1219,1021
1220,1022
1221,1022
1222,1021
1223,1021
1224,1023
1225,1021
1226,1021
1227,1022
1228,0
1229,0
1230,0
1231,0
1232,0
1233,0
1234,0
1235,0
1236,0
1237,0
1238,1022
1239,1022
1240,1022
1241,1022
1242,1022
1243,1022
1244,1020
1245,1022
1246,1022
1247,1022
1248,1022
1249,0
1250,0
1251,0
1252,0
1253,0
1254,0
1255,0
1256,0
1257,0
1258,0
1259,1022
1260,1022
1261,1022
1262,1022
1263,1022
1264,1022
1265,1022
1266,1022
1267,1022
1268,1022
1269,1022
1270,0
1271,0
1272,0
1273,0
1274,0
1275,0
1276,0
1277,0
1278,0
1279,0
1280,0
1281,1022
1282,1022
1283,1022
1284,1022
1285,1022
1286,1022
1287,1022
1288,1022
1289,1022
1290,1022
1291,0
1292,0
1293,0
1294,0
1295,0
1296,0
1297,0
1298,0
1299,0
1300,0
1301,0
1302,1021
1303,1021
1304,1022
1305,1021
1306,1022
1307,1022
1308,1022
1309,1022
1310,1022
1311,1021
1312,1022
1313,0
1314,0
1315,0
1316,0
1317,0
1318,0
1319,0
1320,0
1321,0
1322,0
1323,1021
1324,1022
1325,1022
1326,1022
1327,1022
1328,1022
1329,1022
1330,1022
1331,1022
1332,1022
1333,1022
1334,0
1335,0
1336,0
1337,0
1338,0
1339,0
1340,0
1341,0
1342,0
1343,0
1344,1022
1345,1022
1346,1022
1347,1021
1348,1022
1349,1022
1350,1022
1351,1022
1352,1022
1353,1022
1354,1022
1355,0
1356,0
1357,0
1358,0
1359,0
1360,0
1361,0
1362,0
1363,0
1364,0
1365,0
1366,1022
1367,1022
1368,1022
1369,1022
1370,1022
1371,1021
1372,1022
1373,1022
1374,1021
1375,1023
1376,0
1377,0
1378,0
1379,0
1380,0
1381,0
1382,0
1383,0
1384,0
1385,0
1386,0
1387,1023
1388,1022
1389,1022
1390,1022
1391,1022
1392,1022
1393,1022
1394,1022
1395,1022
1396,1022
1397,1022
1398,0
1399,0
1400,0
1401,0
1402,0
1403,0
1404,0
1405,0
1406,0
1407,0
1408,1022
1409,1022
1410,1022
1411,1022
1412,1022
1413,1022
1414,1022
1415,1022
1416,1022
1417,1021
1418,1022
1419,0
1420,0
1421,0
1422,0
1423,0
1424,0
1425,0
1426,0
1427,0
1428,0
1429,1022
1430,1022
1431,1022
1432,1022
1433,1022
1434,1022
1435,1022
1436,1022
1437,1022
1438,1022
1439,1022
1440,0
1441,0
1442,0
1443,0
1444,0
1445,0
1446,0
1447,0
1448,0
1449,0
1450,0
1451,1022
1452,1021
1453,1022
1454,1021
1455,1022
1456,1021
1457,1022
1458,1021
1459,1022
1460,1022
1461,0
1462,0
1463,0
1464,0
1465,0
1466,0
1467,0
1468,0
1469,0
1470,0
1471,0
1472,1022
1473,1022
1474,1022
1475,1022
1476,1022
1477,1022
1478,1022
1479,1022
1480,1022
1481,1022
1482,1022
1483,0
1484,0
1485,0
1486,0
1487,0
1488,0
1489,0
1490,0
1491,0
1492,0
1493,1022
1494,1022
1495,1021
1496,1022
1497,1022
1498,1021
1499,1022
1500,1022
1501,1022
1502,1022
1503,1022
1504,0
1505,0
1506,0
1507,0
1508,0
1509,0
1510,0
1511,0
1512,0
1513,0
1514,1022
1515,1022
1516,1022
1517,1022
1518,1022
1519,1022
1520,1022
1521,1022
1522,1022
1523,1022
1524,1022
1525,0
1526,0
1527,0
1528,0
1529,0
1530,0
1531,0
1532,0
1533,0
1534,0
1535,0
1536,1022
1537,1022
1538,1022
1539,1022
1540,1022
1541,1022
1542,1022
1543,1022
1544,1022
1545,1022
1546,0
1547,0
1548,0
1549,0
1550,0
1551,0
1552,0
1553,0
1554,0
1555,0
1556,0
1557,1022
1558,1022
1559,1022
1560,1022
1561,1022
1562,1022
1563,1022
1564,1022
1565,1022
1566,1022
1567,1022
1568,0
1569,0
1570,0
1571,0
1572,0
1573,0
1574,0
1575,0
1576,0
1577,0
1578,1022
1579,1022
1580,1022
1581,1022
1582,1022
1583,1022
1584,1021
1585,1022
1586,1022
1587,1022
1588,1022
1589,0
1590,0
1591,0
1592,0
1593,0
1594,0
1595,0
1596,0
1597,0
1598,0
1599,1022
1600,1022
1601,1022
1602,1022
1603,1021
1604,1022
1605,1022
1606,1022
1607,1022
1608,1022
1609,1022
1610,0
1611,0
1612,0
1613,0
1614,0
1615,0
1616,0
1617,0
1618,0
1619,0
1620,0
1621,1022
1622,1022
1623,1022
1624,1021
1625,1022
1626,1021
1627,1022
1628,1022
1629,1022
1630,1021
1631,0
1632,0
1633,0
1634,0
1635,0
1636,0
1637,0
1638,0
1639,0
1640,0
1641,0
1642,1022
1643,1022
1644,1022
1645,1022
1646,1022
1647,1022
1648,1022
1649,1022
1650,1022
1651,1021
1652,1022
1653,0
1654,0
1655,0
1656,0
1657,0
1658,0
1659,0
1660,0
1661,0
1662,0
1663,1022
1664,1022
1665,1022
1666,1022
1667,1022
1668,1021
1669,1022
1670,1022
1671,1022
1672,1022
1673,1023
1674,0
1675,0
1676,0
1677,0
1678,0
1679,0
1680,0
1681,0
1682,0
1683,0
1684,1022
1685,1021
1686,1022
1687,1022
1688,1022
1689,1022
1690,1021
1691,1021
1692,1022
1693,1022
1694,1022
1695,0
1696,0
1697,0
1698,0
1699,0
1700,0
1701,0
1702,0
1703,0
1704,0
1705,0
1706,1022
1707,1022
1708,1022
1709,1022
1710,1022
1711,1022
1712,1022
1713,1022
1714,1022
1715,1022
1716,0
1717,0
1718,0
1719,0
1720,0
1721,0
1722,0
1723,0
1724,0
1725,0
1726,0
1727,1022
1728,1022
1729,1022
1730,1022
1731,1022
1732,1022
1733,1022
1734,1022
1735,1022
1736,1022
1737,1022
1738,0
1739,0
1740,0
1741,0
1742,0
1743,0
1744,0
1745,0
1746,0
1747,0
1748,1022
1749,1022
1750,1022
1751,1022
1752,1022
1753,1021
1754,1022
1755,1021
1756,1021
1757,1022
1758,1021
1759,0
1760,0
1761,0
1762,0
1763,0
1764,0
1765,0
1766,0
1767,0
1768,0
1769,1022
1770,1022
1771,1022
1772,1022
1773,1021
1774,1022
1775,1022
1776,1022
1777,1022
1778,1022
1779,1022
1780,0
1781,0
1782,0
1783,0
1784,0
1785,0
1786,0
1787,0
1788,0
1789,0
1790,0
1791,1022
1792,1022
1793,1022
1794,1022
1795,1022
1796,1022
1797,1023
1798,1021
1799,1022
1800,1021
1801,0
1802,0
1803,0
1804,0
1805,0
1806,0
1807,0
1808,0
1809,0
1810,0
1811,0
1812,1022
1813,1022
1814,1021
1815,1022
1816,1022
1817,1022
1818,1022
1819,1022
1820,1022
1821,1022
1822,1022
1823,0
1824,0
1825,0
1826,0
1827,0
1828,0
1829,0
1830,0
1831,0
1832,0
1833,1021
1834,1022
1835,1022
1836,1021
1837,1022
1838,1022
1839,1022
1840,1022
1841,1023
1842,1022
1843,1022
1844,0
1845,0
1846,0
1847,0
1848,0
1849,0
1850,0
1851,0
1852,0
1853,0
1854,1022
1855,1022
1856,1022
1857,1022
1858,1022
1859,1022
1860,1022
1861,1022
1862,1022
1863,1022
1864,1022
1865,0
1866,0
1867,0
1868,0
1869,0
1870,0
1871,0
1872,0
1873,0
1874,0
1875,0
1876,1022
1877,1022
1878,1022
1879,1022
1880,1022
1881,1022
1882,1022
1883,1022
1884,1022
1885,1022
1886,0
1887,0
1888,0
1889,0
1890,0
1891,0
1892,0
1893,0
1894,0
1895,0
1896,0
1897,1022
1898,1022
1899,1022
1900,1022
1901,1022
1902,1022
1903,1022
1904,1022
1905,1022
1906,1021
1907,1021
1908,0
1909,0
1910,0
1911,0
1912,0
1913,0
1914,0
1915,0
1916,0
1917,0
1918,1022
1919,1022
1920,1021
1921,1022
1922,1022
1923,1022
1924,1022
1925,1022
1926,1022
1927,1022
1928,1022
1929,0
1930,0
1931,0
1932,0
1933,0
1934,0
1935,0
1936,0
1937,0
1938,0
1939,1022
1940,1022
1941,1022
1942,1022
1943,1022
1944,1022
1945,1022
1946,1022
1947,1022
1948,1021
1949,1022
1950,0
1951,0
1952,0
1953,0
1954,0
1955,0
1956,0
1957,0
1958,0
1959,0
1960,0
1961,1022
1962,1022
1963,1022
1964,1022
1965,1022
1966,1022
1967,1022
1968,1022
1969,1022
1970,1022
1971,0
1972,0
1973,0
1974,0
1975,0
1976,0
1977,0
1978,0
1979,0
1980,0
1981,0
1982,1022
1983,1021
1984,1021
1985,1023
1986,1022
1987,1022
1988,1022
1989,1022
1990,1021
1991,1022
1992,1022
1993,0
1994,0
1995,0
1996,0
1997,0
1998,0
1999,0
2000,0
2001,0
2002,0
2003,1022
2004,1022
2005,1022
2006,1022
2007,1022
2008,1021
2009,1022
2010,1022
2011,1022
2012,1022
2013,1022
2014,0
2015,0
2016,0
2017,0
2018,0
2019,0
2020,0
2021,0
2022,0
2023,0
2024,1022
2025,1022
2026,1022
2027,1022
2028,1022
2029,1022
2030,1022
2031,1022
2032,1022
2033,1022
2034,1022
2035,0
2036,0
2037,0
2038,0
2039,0
2040,0
2041,0
2042,0
2043,0
2044,0
2045,0
2046,1022
2047,1022
2048,1021
2049,1022
2050,1022
2051,1023
2052,1022
2053,1022
2054,1022
2055,1022
2056,0
2057,0
2058,0
2059,0
2060,0
2061,0
2062,0
2063,0
2064,0
2065,0
2066,0
2067,1022
2068,1021
2069,1022
2070,1022
2071,1022
2072,1022
2073,1022
2074,1022
2075,1022
2076,1021
2077,1022
2078,0
2079,0
2080,0
2081,0
2082,0
2083,0
2084,0
2085,0
2086,0
2087,0
2088,1021
2089,1022
2090,1022
2091,1022
2092,1022
2093,1022
2094,1022
2095,1022
2096,1022
2097,1022
2098,1022
2099,0
2100,0
2101,0
2102,0
2103,0
2104,0
2105,0
2106,0
2107,0
2108,0
2109,1022
2110,1022
2111,1022
2112,1022
2113,1021
2114,1022
2115,1022
2116,1022
2117,1022
2118,1022
2119,1022
2120,0
2121,0
2122,0
2123,0
2124,0
2125,0
2126,0
2127,0
2128,0
2129,0
2130,0
2131,1022
2132,1022
2133,1022
2134,1022
2135,1021
2136,1022
2137,1021
2138,1022
2139,1022
2140,1022
2141,0
2142,0
2143,0
2144,0
2145,0
2146,0
2147,0
2148,0
2149,0
2150,0
2151,0
2152,1022
2153,1022
2154,1022
2155,1022
2156,1022
2157,1022
2158,1022
2159,1022
2160,1022
2161,1022
2162,1022
2163,0
2164,0
2165,0
2166,0
2167,0
2168,0
2169,0
2170,0
2171,0
2172,0
2173,1022
2174,1021
2175,1022
2176,1022
2177,1021
2178,1022
2179,1022
2180,1022
2181,1022
2182,1022
2183,1022
2184,0
2185,0
2186,0
2187,0
2188,0
2189,0
2190,0
2191,0
2192,0
2193,0
2194,1022
2195,1022
2196,1022
2197,1022
2198,1022
2199,1022
2200,1022
2201,1022
2202,1022
2203,1022
2204,1022
2205,0
2206,0
2207,0
2208,0
2209,0
2210,0
2211,0
2212,0
2213,0
2214,0
2215,0
2216,1022
2217,1022
2218,1022
2219,1021
2220,1021
2221,1022
2222,1021
2223,1022
2224,1022
2225,1022
2226,0
2227,0
2228,0
2229,0
2230,0
2231,0
2232,0
2233,0
2234,0
2235,0
2236,0
2237,1022
2238,1021
2239,1022
2240,1021
2241,1022
2242,1022
2243,1022
2244,1022
2245,1022
2246,1022
2247,1022
2248,0
2249,0
2250,0
2251,0
2252,0
2253,0
2254,0
2255,0
2256,0
2257,0
2258,1022
2259,1022
2260,1021
2261,1022
2262,1022
2263,1022
2264,1022
2265,1022
2266,1022
2267,1022
2268,1022
2269,0
2270,0
2271,0
2272,0
2273,0
2274,0
2275,0
2276,0
2277,0
2278,0
2279,1022
2280,1022
2281,1023
2282,1022
2283,1022
2284,1022
2285,1022
2286,1021
2287,1022
2288,1022
2289,1021
2290,0
2291,0
2292,0
2293,0
2294,0
2295,0
2296,0
2297,0
2298,0
2299,0
2300,0
2301,1022
2302,1022
2303,1022
2304,1022
2305,1022
2306,1022
2307,1022
2308,1022
2309,1022
2310,1022
2311,0
2312,0
2313,0
2314,0
2315,0
2316,0
2317,0
2318,0
2319,0
2320,0
2321,0
2322,1022
2323,1022
2324,1022
2325,1022
2326,1022
2327,1022
2328,1022
2329,1022
2330,1022
2331,1022
2332,1022
2333,0
2334,0
2335,0
2336,0
2337,0
2338,0
2339,0
2340,0
2341,0
2342,0
2343,1022
2344,1022
2345,1022
2346,1022
2347,1022
2348,1022
2349,1022
2350,1022
2351,1022
2352,1022
2353,1022
2354,0
2355,0
2356,0
2357,0
2358,0
2359,0
2360,0
2361,0
2362,0
2363,0
2364,1021
2365,1022
2366,1021
2367,1021
2368,1021
2369,1022
2370,1021
2371,1021
2372,1022
2373,1022
2374,1022
2375,0
2376,0
2377,0
2378,0
2379,0
2380,0
2381,0
2382,0
2383,0
2384,0
2385,0
2386,1022
2387,1022
2388,1022
2389,1022
2390,1021
2391,1022
2392,1021
2393,1022
2394,1021
2395,1022
2396,0
2397,0
2398,0
2399,0
2400,0
2401,0
2402,0
2403,0
2404,0
2405,0
2406,0
2407,1022
2408,1022
2409,1022
2410,1022
2411,1022
2412,1021
2413,1021
2414,1022
2415,1021
2416,1022
2417,1022
2418,0
2419,0
2420,0
2421,0
2422,0
2423,0
2424,0
2425,0
2426,0
2427,0
2428,1022
2429,1022
2430,1022
2431,1022
2432,1022
2433,1022
2434,1022
2435,1022
2436,1021
2437,1022
2438,1022
2439,0
2440,0
2441,0
2442,0
2443,0
2444,0
2445,0
2446,0
2447,0
2448,0
2449,1022
2450,1022
2451,1022
2452,1022
2453,1022
2454,1022
2455,1022
2456,1022
2457,1022
2458,1022
2459,1022
2460,0
2461,0
2462,0
2463,0
2464,0
2465,0
2466,0
2467,0
2468,0
2469,0
2470,0
2471,1022
2472,1022
2473,1022
2474,1022
2475,1023
2476,1022
2477,1022
2478,1022
2479,1022
2480,1022
2481,0
2482,0
2483,0
2484,0
2485,0
2486,0
2487,0
2488,0
2489,0
2490,0
2491,0
2492,1022
2493,1022
2494,1022
2495,1022
2496,1022
2497,1022
2498,1022
2499,1022
2500,1022
2501,1022
2502,0
2503,0
2504,0
2505,0
2506,0
2507,0
2508,0
2509,0
2510,0
2511,0
2512,0
2513,1022
2514,1022
2515,1022
2516,1022
2517,1022
2518,1023
2519,1022
2520,1021
2521,1022
2522,1021
2523,1022
2524,0
2525,0
2526,0
2527,0
2528,0
2529,0
2530,0
2531,0
2532,0
2533,0
2534,1022
2535,1022
2536,1022
2537,1022
2538,1022
2539,1022
2540,1022
2541,1022
2542,1023
2543,1022
2544,1022
2545,0
2546,0
2547,0
2548,0
2549,0
2550,0
2551,0
2552,0
2553,0
2554,0
2555,0
2556,1022
2557,1022
2558,1022
2559,1022
2560,1022
2561,1022
2562,1022
2563,1021
2564,1022
2565,1022
2566,0
2567,0
2568,0
2569,0
2570,0
2571,0
2572,0
2573,0
2574,0
2575,0
2576,0
2577,1022
2578,1022
2579,1022
2580,1022
2581,1022
2582,1022
2583,1022
2584,1022
2585,1022
2586,1022
2587,0
2588,0
2589,0
2590,0
2591,0
2592,0
2593,0
2594,0
2595,0
2596,0
2597,0
2598,1021
2599,1022
2600,1022
2601,1022
2602,1022
2603,1022
2604,1022
2605,1022
2606,1022
2607,1022
2608,1022
2609,0
2610,0
2611,0
2612,0
2613,0
2614,0
2615,0
2616,0
2617,0
2618,0
2619,1022
2620,1022
2621,1022
2622,1022
2623,1022
2624,1022
2625,1022
2626,1022
2627,1022
2628,1022
2629,1022
2630,0
2631,0
2632,0
2633,0
2634,0
2635,0
2636,0
2637,0
2638,0
2639,0
2640,0
2641,1022
2642,1022
2643,1022
2644,1022
2645,1022
2646,1022
2647,1022
2648,1022
2649,1022
2650,1022
2651,0
2652,0
2653,0
2654,0
2655,0
2656,0
2657,0
2658,0
2659,0
2660,0
2661,0
2662,1022
2663,1022
2664,1022
2665,1022
2666,1022
2667,1022
2668,1021
2669,1022
2670,1022
2671,1022
2672,0
2673,0
2674,0
2675,0
2676,0
2677,0
2678,0
2679,0
2680,0
2681,0
2682,0
2683,1022
2684,1022
2685,1022
2686,1023
2687,1022
2688,1022
2689,1022
2690,1022
2691,1022
2692,1023
2693,1022
2694,0
2695,0
2696,0
2697,0
2698,0
2699,0
2700,0
2701,0
2702,0
2703,0
2704,1022
2705,1022
2706,1022
2707,1022
2708,1022
2709,1022
2710,1022
2711,1022
2712,1022
2713,1022
2714,1022
2715,0
2716,0
2717,0
2718,0
2719,0
2720,0
2721,0
2722,0
2723,0
2724,0
2725,0
2726,1022
2727,1022
2728,1022
2729,1022
2730,1022
2731,1022
2732,1022
2733,1022
2734,1022
2735,1022
2736,0
2737,0
2738,0
2739,0
2740,0
2741,0
2742,0
2743,0
2744,0
2745,0
2746,0
2747,1021
2748,1021
2749,1021
2750,1021
2751,1023
2752,1022
2753,1022
2754,1022
2755,1021
2756,1022
2757,0
2758,0
2759,0
2760,0
2761,0
2762,0
2763,0
2764,0
2765,0
2766,0
2767,0
2768,1022
2769,1022
2770,1022
2771,1022
2772,1022
2773,1022
2774,1022
2775,1022
2776,1021
2777,1022
2778,1021
2779,0
2780,0
2781,0
2782,0
2783,0
2784,0
2785,0
2786,0
2787,0
2788,0
2789,1022
2790,1021
2791,1022
2792,1022
2793,1022
2794,1022
2795,1022
2796,1022
2797,1022
2798,1022
2799,1022
2800,0
2801,0
2802,0
2803,0
2804,0
2805,0
2806,0
2807,0
2808,0
2809,0
2810,0
2811,1022
2812,1022
2813,1022
2814,1022
2815,1022
2816,1022
2817,1022
2818,1022
2819,1022
2820,1022
2821,0
2822,0
2823,0
2824,0
2825,0
2826,0
2827,0
2828,0
2829,0
2830,0
2831,0
2832,1022
2833,1022
2834,1022
2835,1022
2836,1022
2837,1022
2838,1022
2839,1022
2840,1022
2841,1022
2842,0
2843,0
2844,0
2845,0
2846,0
2847,0
2848,0
2849,0
2850,0
2851,0
2852,0
2853,1022
2854,1022
2855,1022
2856,1022
2857,1022
2858,1022
2859,1022
2860,1022
2861,1022
2862,1022
2863,1022
2864,0
2865,0
2866,0
2867,0
2868,0
2869,0
2870,0
2871,0
2872,0
2873,0
2874,1022
2875,1022
2876,1022
2877,1022
2878,1022
2879,1021
2880,1022
2881,1022
2882,1022
2883,1022
2884,1022
2885,0
2886,0
2887,0
2888,0
2889,0
2890,0
2891,0
2892,0
2893,0
2894,0
2895,0
2896,1022
2897,1022
2898,1022
2899,1022
2900,1022
2901,1022
2902,1022
2903,1022
2904,1022
2905,1022
2906,0
2907,0
2908,0
2909,0
2910,0
2911,0
2912,0
2913,0
2914,0
2915,0
2916,0
2917,1022
2918,1022
2919,1022
2920,1022
2921,1022
2922,1022
2923,1022
2924,1022
2925,1022
2926,1022
2927,0
2928,0
2929,0
2930,0
2931,0
2932,0
2933,0
2934,0
2935,0
2936,0
2937,0
2938,1022
2939,1022
2940,1023
2941,1022
2942,1022
2943,1022
2944,1021
2945,1022
2946,1022
2947,1022
2948,1022
2949,0
2950,0
2951,0
2952,0
2953,0
2954,0
2955,0
2956,0
2957,0
2958,0
2959,1022
2960,1022
2961,1022
2962,1022
2963,1022
2964,1022
2965,1022
2966,1022
2967,1022
2968,1022
2969,1022
2970,0
2971,0
2972,0
2973,0
2974,0
2975,0
2976,0
2977,0
2978,0
2979,0
2980,0
2981,1021
2982,1022
2983,1022
2984,1022
2985,1022
2986,1022
2987,1022
2988,1022
2989,1022
2990,1022
2991,0
2992,0
2993,0
2994,0
2995,0
2996,0
2997,0
2998,0
2999,0
3000,0
3001,0
3002,1021
3003,1022
3004,1022
3005,1021
3006,1022
3007,1022
3008,1022
3009,1022
3010,1022
3011,1022
3012,0
3013,0
3014,0
3015,0
3016,0
3017,0
3018,0
3019,0
3020,0
3021,0
3022,0
3023,1022
3024,1022
3025,1022
3026,1022
3027,1022
3028,1022
3029,1022
3030,1022
3031,1022
3032,1022
3033,1022
3034,0
3035,0
3036,0
3037,0
3038,0
3039,0
3040,0
3041,0
3042,0
3043,0
3044,1022
3045,1022
3046,1022
3047,1022
3048,1021
3049,1022
3050,1021
3051,1021
3052,1021
3053,1021
3054,1021
3055,0
3056,0
3057,0
3058,0
3059,0
3060,0
3061,0
3062,0
3063,0
3064,0
3065,0
3066,1022
3067,1022
3068,1022
3069,1022
3070,1022
3071,1022
3072,1021
3073,1022
3074,1021
3075,1022
3076,0
3077,0
3078,0
3079,0
3080,0
3081,0
3082,0
3083,0
3084,0
3085,0
3086,0
3087,1022
3088,1022
3089,1022
3090,1022
3091,1022
3092,1022
3093,1022
3094,1022
3095,1022
3096,1022
3097,0
3098,0
3099,0
3100,0
3101,0
3102,0
3103,0
3104,0
3105,0
3106,0
3107,0
3108,1021
3109,1022
3110,1022
3111,1022
3112,1022
3113,1022
3114,1022
3115,1022
3116,1022
3117,1022
3118,1022
3119,0
3120,0
3121,0
3122,0
3123,0
3124,0
3125,0
3126,0
3127,0
3128,0
3129,1021
3130,1021
3131,1021
3132,1021
3133,1022
3134,1022
3135,1022
3136,1022
3137,1022
3138,1022
3139,1022
3140,0
3141,0
3142,0
3143,0
3144,0
3145,0
3146,0
3147,0
3148,0
3149,0
3150,0
3151,1021
3152,1021
3153,1021
3154,1021
3155,1022
3156,1021
3157,1021
3158,1022
3159,1022
3160,1022
3161,0
3162,0
3163,0
3164,0
3165,0
3166,0
3167,0
3168,0
3169,0
3170,0
3171,0
3172,1022
3173,1022
3174,1022
3175,1022
3176,1022
3177,1022
3178,1022
3179,1022
3180,1022
3181,1022
3182,0
3183,0
3184,0
3185,0
3186,0
3187,0
3188,0
3189,0
3190,0
3191,0
3192,0
3193,1022
3194,1022
3195,1022
3196,1022
3197,1022
3198,1022
3199,1022
3200,1022
3201,1022
3202,1022
3203,1021
3204,0
3205,0
3206,0
3207,0
3208,0
3209,0
3210,0
3211,0
3212,0
3213,0
3214,1022
3215,1022
3216,1022
3217,1022
3218,1022
3219,1022
3220,1022
3221,1022
3222,1022
3223,1022
3224,1022
3225,0
3226,0
3227,0
3228,0
3229,0
3230,0
3231,0
3232,0
3233,0
3234,0
3235,0
3236,1022
3237,1022
3238,1022
3239,1022
3240,1022
3241,1022
3242,1022
3243,1022
3244,1022
3245,1022
3246,0
3247,0
3248,0
3249,0
3250,0
3251,0
3252,0
3253,0
3254,0
3255,0
3256,0
3257,1022
3258,1022
3259,1022
3260,1022
3261,1022
3262,1022
3263,1022
3264,1022
3265,1022
3266,1022
3267,0
3268,0
3269,0
3270,0
3271,0
3272,0
3273,0
3274,0
3275,0
3276,0
3277,0
3278,1022
3279,1022
3280,1022
3281,1022
3282,1021
3283,1022
3284,1023
3285,1022
3286,1022
3287,1022
3288,1022
3289,0
3290,0
3291,0
3292,0
3293,0
3294,0
3295,0
3296,0
3297,0
3298,0
3299,1022
3300,1022
3301,1022
3302,1022
3303,1022
3304,1022
3305,1022
3306,1022
3307,1022
3308,1022
3309,1022
3310,0
3311,0
3312,0
3313,0
3314,0
3315,0
3316,0
3317,0
3318,0
3319,0
3320,0
3321,1022
3322,1022
3323,1022
3324,1022
3325,1022
3326,1022
3327,1022
3328,1022
3329,1022
3330,1022
3331,0
3332,0
3333,0
3334,0
3335,0
3336,0
3337,0
3338,0
3339,0
3340,0
3341,0
3342,1022
3343,1022
3344,1022
3345,1022
3346,1022
3347,1022
3348,1022
3349,1022
3350,1022
3351,1022
3352,0
3353,0
3354,0
3355,0
3356,0
3357,0
3358,0
3359,0
3360,0
3361,0
3362,0
3363,1022
3364,1022
3365,1022
3366,1022
3367,1022
3368,1022
3369,1022
3370,1022
3371,1022
3372,1022
3373,1022
3374,0
3375,0
3376,0
3377,0
3378,0
3379,0
3380,0
3381,0
3382,0
3383,0
3384,1022
3385,1022
3386,1022
3387,1022
3388,1022
3389,1022
3390,1022
3391,1022
3392,1022
3393,1022
3394,1022
3395,0
3396,0
3397,0
3398,0
3399,0
3400,0
3401,0
3402,0
3403,0
3404,0
3405,0
3406,1022
3407,1022
3408,1022
3409,1022
3410,1022
3411,1022
3412,1022
3413,1022
3414,1022
3415,1022
3416,0
3417,0
3418,0
3419,0
3420,0
3421,0
3422,0
3423,0
3424,0
3425,0
3426,0
3427,1022
3428,1022
3429,1021
3430,1021
3431,1022
3432,1021
3433,1022
3434,1021
3435,1022
3436,1022
3437,0
3438,0
3439,0
3440,0
3441,0
3442,0
3443,0
3444,0
3445,0
3446,0
3447,0
3448,1022
3449,1021
3450,1022
3451,1022
3452,1022
3453,1022
3454,1022
3455,1022
3456,1022
3457,1022
3458,1022
3459,0
3460,0
3461,0
3462,0
3463,0
3464,0
3465,0
3466,0
3467,0
3468,0
3469,1022
3470,1022
3471,1022
3472,1022
3473,1022
3474,1022
3475,1022
3476,1022
3477,1022
3478,1022
3479,1022
3480,0
3481,0
3482,0
3483,0
3484,0
3485,0
3486,0
3487,0
3488,0
3489,0
3490,0
3491,1022
3492,1022
3493,1022
3494,1022
3495,1022
3496,1022
3497,1022
3498,1022
3499,1022
3500,1022
3501,0
3502,0
3503,0
3504,0
3505,0
3506,0
3507,0
3508,0
3509,0
3510,0
3511,0
3512,1022
3513,1022
3514,1022
3515,1021
3516,1022
3517,1022
3518,1022
3519,1021
3520,1022
3521,1022
3522,0
3523,0
3524,0
3525,0
3526,0
3527,0
3528,0
3529,0
3530,0
3531,0
3532,0
3533,1022
3534,1022
3535,1022
3536,1022
3537,1022
3538,1022
3539,1022
3540,1022
3541,1022
3542,1022
3543,1022
3544,0
3545,0
3546,0
3547,0
3548,0
3549,0
3550,0
3551,0
3552,0
3553,0
3554,1022
3555,1021
3556,1022
3557,1022
3558,1022
3559,1022
3560,1022
3561,1022
3562,1022
3563,1021
3564,1022
3565,0
3566,0
3567,0
3568,0
3569,0
3570,0
3571,0
3572,0
3573,0
3574,0
3575,0
3576,1021
3577,1022
3578,1022
3579,1022
3580,1022
3581,1022
3582,1022
3583,1022
3584,1021
3585,1021
3586,0
3587,0
3588,0
3589,0
3590,0
3591,0
3592,0
3593,0
3594,0
3595,0
3596,0
3597,1022
3598,1022
3599,1022
3600,1021
3601,1022
3602,1022
3603,1022
3604,1022
3605,1022
3606,1022
3607,0
3608,0
3609,0
3610,0
3611,0
3612,0
3613,0
3614,0
3615,0
3616,0
3617,0
3618,1022
3619,1022
3620,1022
3621,1022
3622,1022
3623,1022
3624,1022
3625,1022
3626,1022
3627,1022
3628,1022
3629,0
3630,0
3631,0
3632,0
3633,0
3634,0
3635,0
3636,0
3637,0
3638,0
3639,1022
3640,1022
3641,1022
3642,1022
3643,1022
3644,1022
3645,1022
3646,1022
3647,1021
3648,1021
3649,1022
3650,0
3651,0
3652,0
3653,0
3654,0
3655,0
3656,0
3657,0
3658,0
3659,0
3660,0
3661,1022
3662,1022
3663,1022
3664,1022
3665,1022
3666,1022
3667,1022
3668,1022
3669,1022
3670,1022
3671,0
3672,0
3673,0
3674,0
3675,0
3676,0
3677,0
3678,0
3679,0
3680,0
3681,0
3682,1022
3683,1022
3684,1022
3685,1022
3686,1022
3687,1022
3688,1022
3689,1022
3690,1022
3691,1022
3692,0
3693,0
3694,0
3695,0
3696,0
3697,0
3698,0
3699,0
3700,0
3701,0
3702,0
3703,1021
3704,1022
3705,1022
3706,1022
3707,1022
3708,1022
3709,1022
3710,1022
3711,1022
3712,1021
3713,1022
3714,0
3715,0
3716,0
3717,0
3718,0
3719,0
3720,0
3721,0
3722,0
3723,0
3724,1021
3725,1022
3726,1022
3727,1022
3728,1021
3729,1022
3730,1022
3731,1022
3732,1022
3733,1022
3734,1022
3735,0
3736,0
3737,0
3738,0
3739,0
3740,0
3741,0
3742,0
3743,0
3744,0
3745,1021
3746,1021
3747,1022
3748,1022
3749,1022
3750,1021
3751,1022
3752,1021
3753,1022
3754,1022
3755,1022
3756,0
3757,0
3758,0
3759,0
3760,0
3761,0
3762,0
3763,0
3764,0
3765,0
3766,0
3767,1022
3768,1022
3769,1022
3770,1022
3771,1022
3772,1022
3773,1022
3774,1022
3775,1022
3776,1022
3777,0
3778,0
3779,0
3780,0
3781,0
3782,0
3783,0
3784,0
3785,0
3786,0
3787,0
3788,1022
3789,1022
3790,1022
3791,1022
3792,1022
3793,1022
3794,1022
3795,1022
3796,1022
3797,1022
3798,1021
3799,0
3800,0
3801,0
3802,0
3803,0
3804,0
3805,0
3806,0
3807,0
3808,0
3809,1022
3810,1022
3811,1022
3812,1022
3813,1023
3814,1022
3815,1022
3816,1022
3817,1022
3818,1022
3819,1021
3820,0
3821,0
3822,0
3823,0
3824,0
3825,0
3826,0
3827,0
3828,0
3829,0
3830,1021
3831,1022
3832,1022
3833,1022
3834,1021
3835,1022
3836,1022
3837,1022
3838,1022
3839,1022
3840,1022
3841,0
3842,0
3843,0
3844,0
3845,0
3846,0
3847,0
3848,0
3849,0
3850,0
3851,0
3852,1022
3853,1022
3854,1022
3855,1022
3856,1022
3857,1022
3858,1022
3859,1022
3860,1022
3861,1022
3862,0
3863,0
3864,0
3865,0
3866,0
3867,0
3868,0
3869,0
3870,0
3871,0
3872,0
3873,1022
3874,1022
3875,1022
3876,1022
3877,1022
3878,1021
3879,1022
3880,1021
3881,1022
3882,1022
3883,1022
3884,0
3885,0
3886,0
3887,0
3888,0
3889,0
3890,0
3891,0
3892,0
3893,0
3894,1022
3895,1022
3896,1022
3897,1022
3898,1021
3899,1022
3900,1021
3901,1022
3902,1022
3903,1021
3904,1022
3905,0
3906,0
3907,0
3908,0
3909,0
3910,0
3911,0
3912,0
3913,0
3914,0
3915,1022
3916,1022
3917,1022
3918,1021
3919,1022
3920,1022
3921,1021
3922,1022
3923,1022
3924,1022
3925,1022
3926,0
3927,0
3928,0
3929,0
3930,0
3931,0
3932,0
3933,0
3934,0
3935,0
3936,0
3937,1022
3938,1022
3939,1022
3940,1022
3941,1022
3942,1022
3943,1022
3944,1022
3945,1021
3946,1022
3947,0
3948,0
3949,0
3950,0
3951,0
3952,0
3953,0
3954,0
3955,0
3956,0
3957,0
3958,1021
3959,1022
3960,1022
3961,1022
3962,1022
3963,1022
3964,1022
3965,1022
3966,1022
3967,1022
3968,1022
3969,0
3970,0
3971,0
3972,0
3973,0
3974,0
3975,0
3976,0
3977,0
3978,0
3979,1022
3980,1021
3981,1022
3982,1022
3983,1022
3984,1022
3985,1022
3986,1022
3987,1022
3988,1022
3989,1022
3990,0
3991,0
3992,0
3993,0
3994,0
3995,0
3996,0
3997,0
3998,0
3999,0
4000,1022
4001,1022
4002,1022
4003,1022
4004,1022
4005,1022
4006,1022
4007,1022
4008,1022
4009,1022
4010,1022
4011,0
4012,0
4013,0
4014,0
4015,0
4016,0
4017,0
4018,0
4019,0
4020,0
4021,0
4022,1022
4023,1022
4024,1022
4025,1022
4026,1022
4027,1022
4028,1022
4029,1022
4030,1022
4031,1022
4032,0
4033,0
4034,0
4035,0
4036,0
4037,0
4038,0
4039,0
4040,0
4041,0
4042,0
4043,1022
4044,1022
4045,1022
4046,1022
4047,1022
4048,1022
4049,1022
4050,1022
4051,1021
4052,1021
4053,1022
4054,0
4055,0
4056,0
4057,0
4058,0
4059,0
4060,0
4061,0
4062,0
4063,0
4064,1021
4065,1022
4066,1022
4067,1022
4068,1021
4069,1022
4070,1022
4071,1022
4072,1022
4073,1022
4074,1022
4075,0
4076,0
4077,0
4078,0
4079,0
4080,0
4081,0
4082,0
4083,0
4084,0
4085,1022
4086,1022
4087,1022
4088,1022
4089,1022
4090,1022
4091,1022
4092,1022
4093,1022
4094,1022
4095,1021
4096,0
4097,0
4098,0
4099,0
4100,0
4101,0
4102,0
4103,0
4104,0
4105,0
4106,0
4107,1023
4108,1023
4109,1022
4110,1022
4111,1023
4112,1022
4113,1022
4114,1022
4115,1022
4116,1021
4117,0
4118,0
4119,0
4120,0
4121,0
4122,0
4123,0
4124,0
4125,0
4126,0
4127,0
4128,1022
4129,1022
4130,1022
4131,1022
4132,1022
4133,1022
4134,1022
4135,1022
4136,1022
4137,1022
4138,1022
4139,0
4140,0
4141,0
4142,0
4143,0
4144,0
4145,0
4146,0
4147,0
4148,0
4149,1022
4150,1022
4151,1022
4152,1022
4153,1022
4154,1022
4155,1022
4156,1022
4157,1022
4158,1022
4159,1022
4160,0
4161,0
4162,0
4163,0
4164,0
4165,0
4166,0
4167,0
4168,0
4169,0
4170,1022
4171,1021
4172,1022
4173,1022
4174,1022
4175,1021
4176,1022
4177,1022
4178,1022
4179,1022
4180,1022
4181,0
4182,0
4183,0
4184,0
4185,0
4186,0
4187,0
4188,0
4189,0
4190,0
4191,0
4192,1021
4193,1022
4194,1022
4195,1021
4196,1021
4197,1021
4198,1021
4199,1022
4200,1021
4201,1021
4202,0
4203,0
4204,0
4205,0
4206,0
4207,0
4208,0
4209,0
4210,0
4211,0
4212,0
4213,1022
4214,1022
4215,1022
4216,1022
4217,1022
4218,1022
4219,1022
4220,1022
4221,1022
4222,1022
4223,1022
4224,0
4225,0
4226,0
4227,0
4228,0
4229,0
4230,0
4231,0
4232,0
4233,0
4234,1022
4235,1022
4236,1022
4237,1022
4238,1022
4239,1022
4240,1022
4241,1022
4242,1022
4243,1022
4244,1022
4245,0
4246,0
4247,0
4248,0
4249,0
4250,0
4251,0
4252,0
4253,0
4254,0
4255,1022
4256,1022
4257,1022
4258,1022
4259,1022
4260,1022
4261,1022
4262,1022
4263,1022
4264,1022
4265,1022
4266,0
4267,0
4268,0
4269,0
4270,0
4271,0
4272,0
4273,0
4274,0
4275,0
4276,0
4277,1022
4278,1022
4279,1022
4280,1022
4281,1022
4282,1022
4283,1022
4284,1022
4285,1022
4286,1022
4287,0
4288,0
4289,0
4290,0
4291,0
4292,0
4293,0
4294,0
4295,0
4296,0
4297,0
4298,1022
4299,1022
4300,1022
4301,1022
4302,1022
4303,1022
4304,1022
4305,1022
4306,1022
4307,1022
4308,1022
4309,0
4310,0
4311,0
4312,0
4313,0
4314,0
4315,0
4316,0
4317,0
4318,0
4319,1022
4320,1022
4321,1022
4322,1022
4323,1022
4324,1022
4325,1022
4326,1022
4327,1021
4328,1022
4329,1021
4330,0
4331,0
4332,0
4333,0
4334,0
4335,0
4336,0
4337,0
4338,0
4339,0
4340,1022
4341,1022
4342,1022
4343,1021
4344,1022
4345,1021
4346,1022
4347,1022
4348,1022
4349,1022
4350,1021
4351,0
4352,0
4353,0
4354,0
4355,0
4356,0
4357,0
4358,0
4359,0
4360,0
4361,0
4362,1022
4363,1022
4364,1022
4365,1022
4366,1021
4367,1022
4368,1022
4369,1022
4370,1021
4371,1022
4372,0
4373,0
4374,0
4375,0
4376,0
4377,0
4378,0
4379,0
4380,0
4381,0
4382,0
4383,1022
4384,1022
4385,1022
4386,1022
4387,1022
4388,1022
4389,1022
4390,1022
4391,1022
4392,1022
4393,1022
4394,0
4395,0
4396,0
4397,0
4398,0
4399,0
4400,0
4401,0
4402,0
4403,0
4404,1022
4405,1022
4406,1022
4407,1022
4408,1022
4409,1022
4410,1022
4411,1022
4412,1022
4413,1022
4414,1022
4415,0
4416,0
4417,0
4418,0
4419,0
4420,0
4421,0
4422,0
4423,0
4424,0
4425,1022
4426,1021
4427,1021
4428,1022
4429,1022
4430,1022
4431,1022
4432,1022
4433,1021
4434,1021
4435,1022
4436,0
4437,0
4438,0
4439,0
4440,0
4441,0
4442,0
4443,0
4444,0
4445,0
4446,0
4447,1021
4448,1022
4449,1021
4450,1022
4451,1021
4452,1021
4453,1022
4454,1022
4455,1022
4456,1022
4457,0
4458,0
4459,0
4460,0
4461,0
4462,0
4463,0
4464,0
4465,0
4466,0
4467,0
4468,1022
4469,1022
4470,1022
4471,1022
4472,1022
4473,1022
4474,1022
4475,1022
4476,1022
4477,1022
4478,1022
4479,0
4480,0
4481,0
4482,0
4483,0
4484,0
4485,0
4486,0
4487,0
4488,0
4489,1022
4490,1022
4491,1022
4492,1022
4493,1022
4494,1022
4495,1022
4496,1022
4497,1021
4498,1022
4499,1022
4500,0
4501,0
4502,0
4503,0
4504,0
4505,0
4506,0
4507,0
4508,0
4509,0
4510,1022
4511,1022
4512,1022
4513,1022
4514,1022
4515,1022
4516,1022
4517,1022
4518,1022
4519,1022
4520,1022
4521,0
4522,0
4523,0
4524,0
4525,0
4526,0
4527,0
4528,0
4529,0
4530,0
4531,0
4532,1022
4533,1022
4534,1023
4535,1022
4536,1021
4537,1022
4538,1022
4539,1022
4540,1022
4541,1022
4542,0
4543,0
4544,0
4545,0
4546,0
4547,0
4548,0
4549,0
4550,0
4551,0
4552,0
4553,1022
4554,1022
4555,1022
4556,1022
4557,1022
4558,1022
4559,1022
4560,1022
4561,1022
4562,1022
4563,1022
4564,0
4565,0
4566,0
4567,0
4568,0
4569,0
4570,0
4571,0
4572,0
4573,0
4574,1022
4575,1022
4576,1022
4577,1022
4578,1022
4579,1022
4580,1022
4581,1022
4582,1022
4583,1022
4584,1022
4585,0
4586,0
4587,0
4588,0
4589,0
4590,0
4591,0
4592,0
4593,0
4594,0
4595,1022
4596,1022
4597,1022
4598,1022
4599,1022
4600,1022
4601,1022
4602,1022
4603,1022
4604,1022
4605,1022
4606,0
4607,0
4608,0
4609,0
4610,0
4611,0
4612,0
4613,0
4614,0
4615,0
4616,0
4617,1022
4618,1021
4619,1022
4620,1022
4621,1022
4622,1022
4623,1022
4624,1022
4625,1022
4626,1022
4627,0
4628,0
4629,0
4630,0
4631,0
4632,0
4633,0
4634,0
4635,0
4636,0
4637,0
4638,1022
4639,1022
4640,1022
4641,1022
4642,1022
4643,1022
4644,1022
4645,1022
4646,1022
4647,1021
4648,1022
4649,0
4650,0
4651,0
4652,0
4653,0
4654,0
4655,0
4656,0
4657,0
4658,0
4659,1021
4660,1022
4661,1022
4662,1022
4663,1022
4664,1022
4665,1022
4666,1022
4667,1022
4668,1022
4669,1022
4670,0
4671,0
4672,0
4673,0
4674,0
4675,0
4676,0
4677,0
4678,0
4679,0
4680,1022
4681,1022
4682,1022
4683,1022
4684,1022
4685,1022
4686,1022
4687,1022
4688,1022
4689,1021
4690,1021
4691,0
4692,0
4693,0
4694,0
4695,0
4696,0
4697,0
4698,0
4699,0
4700,0
4701,0
4702,1022
4703,1022
4704,1022
4705,1022
4706,1022
4707,1022
4708,1021
4709,1022
4710,1021
4711,1022
4712,0
4713,0
4714,0
4715,0
4716,0
4717,0
4718,0
4719,0
4720,0
4721,0
4722,0
4723,1022
4724,1021
4725,1021
4726,1022
4727,1022
4728,1021
4729,1021
4730,1021
4731,1022
4732,1021
4733,1022
4734,0
4735,0
4736,0
4737,0
4738,0
4739,0
4740,0
4741,0
4742,0
4743,0
4744,1022
4745,1022
4746,1022
4747,1022
4748,1022
4749,1021
4750,1022
4751,1022
4752,1022
4753,1022
4754,1022
4755,0
4756,0
4757,0
4758,0
4759,0
4760,0
4761,0
4762,0
4763,0
4764,0
4765,1022
4766,1022
4767,1022
4768,1022
4769,1022
4770,1022
4771,1022
4772,1022
4773,1022
4774,1022
4775,1022
4776,0
4777,0
4778,0
4779,0
4780,0
4781,0
4782,0
4783,0
4784,0
4785,0
4786,0
4787,1022
4788,1022
4789,1022
4790,1022
4791,1022
4792,1022
4793,1022
4794,1022
4795,1022
4796,1022
4797,0
4798,0
4799,0
4800,0
4801,0
4802,0
4803,0
4804,0
4805,0
4806,0
4807,0
4808,1022
4809,1022
4810,1022
4811,1022
4812,1022
4813,1022
4814,1022
4815,1022
4816,1022
4817,1022
4818,1022
4819,0
4820,0
4821,0
4822,0
4823,0
4824,0
4825,0
4826,0
4827,0
4828,0
4829,1021
4830,1022
4831,1022
4832,1022
4833,1022
4834,1022
4835,1022
4836,1022
4837,1022
4838,1022
4839,1022
4840,0
4841,0
4842,0
4843,0
4844,0
4845,0
4846,0
4847,0
4848,0
4849,0
4850,1022
4851,1021
4852,1022
4853,1022
4854,1022
4855,1022
4856,1022
4857,1022
4858,1022
4859,1022
4860,1022
4861,0
4862,0
4863,0
4864,0
4865,0
4866,0
4867,0
4868,0
4869,0
4870,0
4871,0
4872,1022
4873,1022
4874,1022
4875,1022
4876,1022
4877,1022
4878,1021
4879,1021
4880,1022
4881,1022
4882,0
4883,0
4884,0
4885,0
4886,0
4887,0
4888,0
4889,0
4890,0
4891,0
4892,0
4893,1022
4894,1022
4895,1022
4896,1022
4897,1022
4898,1022
4899,1021
4900,1022
4901,1022
4902,1022
4903,1022
4904,0
4905,0
4906,0
4907,0
4908,0
4909,0
4910,0
4911,0
4912,0
4913,0
4914,1022
4915,1022
4916,1022
4917,1022
4918,1021
4919,1022
4920,1022
4921,1022
4922,1022
4923,1023
4924,1022
4925,0
4926,0
4927,0
4928,0
4929,0
4930,0
4931,0
4932,0
4933,0
4934,0
4935,1022
4936,1022
4937,1022
4938,1022
4939,1021
4940,1022
4941,1022
4942,1022
4943,1022
4944,1022
4945,1022
4946,0
4947,0
4948,0
4949,0
4950,0
4951,0
4952,0
4953,0
4954,0
4955,0
4956,0
4957,1021
4958,1022
4959,1022
4960,1022
4961,1022
4962,1022
4963,1022
4964,1022
4965,1021
4966,1022
4967,0
4968,0
4969,0
4970,0
4971,0
4972,0
4973,0
4974,0
4975,0
4976,0
4977,0
4978,1022
4979,1022
4980,1022
4981,1022
4982,1022
4983,1022
4984,1022
4985,1022
4986,1022
4987,1022
4988,1022
4989,0
4990,0
4991,0
4992,0
4993,0
4994,0
4995,0
4996,0
4997,0
4998,0
4999,1022
5000,1022
5001,1022
5002,1022
5003,1022
5004,1022
5005,1021
5006,1022
5007,1022
5008,1022
5009,1022
5010,0
5011,0
5012,0
5013,0
5014,0
5015,0
5016,0
5017,0
5018,0
5019,0
5020,1022
5021,1022
5022,1022
5023,1022
5024,1022
5025,1022
5026,1022
5027,1022
5028,1022
5029,1021
5030,1022
5031,0
5032,0
5033,0
5034,0
5035,0
5036,0
5037,0
5038,0
5039,0
5040,0
5041,0
5042,1022
5043,1022
5044,1022
5045,1021
5046,1022
5047,1022
5048,1021
5049,1022
5050,1022
5051,1022
5052,0
5053,0
5054,0
5055,0
5056,0
5057,0
5058,0
5059,0
5060,0
5061,0
5062,0
5063,1022
5064,1022
5065,1022
5066,1022
5067,1022
5068,1022
5069,1022
5070,1022
5071,1021
5072,1021
5073,1022
5074,0
5075,0
5076,0
5077,0
5078,0
5079,0
5080,0
5081,0
5082,0
5083,0
5084,1022
5085,1022
5086,1022
5087,1022
5088,1022
5089,1022
5090,1022
5091,1022
5092,1023
5093,1022
5094,1022
5095,0
5096,0
5097,0
5098,0
5099,0
5100,0
5101,0
5102,0
5103,0
5104,0
5105,1022
5106,1021
5107,1022
5108,1022
5109,1022
5110,1022
5111,1022
5112,1022
5113,1022
5114,1022
5115,1022
5116,0
5117,0
5118,0
5119,0
5120,0
5121,0
5122,0
5123,0
5124,0
5125,0
5126,0
5127,1022
5128,1022
5129,1022
5130,1022
5131,1022
5132,1022
5133,1022
5134,1022
5135,1022
5136,1022
5137,0
5138,0
5139,0
5140,0
5141,0
5142,0
5143,0
5144,0
5145,0
5146,0
5147,0
5148,1022
5149,1022
5150,1022
5151,1022
5152,1022
5153,1022
5154,1022
5155,1022
5156,1022
5157,1022
5158,0
5159,0
5160,0
5161,0
5162,0
5163,0
5164,0
5165,0
5166,0
5167,0
5168,0
5169,1022
5170,1022
5171,1022
5172,1022
5173,1022
5174,1022
5175,1022
5176,1022
5177,1022
5178,1022
5179,1022
5180,0
5181,0
5182,0
5183,0
5184,0
5185,0
5186,0
5187,0
5188,0
5189,0
5190,1022
5191,1021
5192,1022
5193,1022
5194,1021
5195,1022
5196,1022
5197,1022
5198,1022
5199,1022
5200,1022
5201,0
5202,0
5203,0
5204,0
5205,0
5206,0
5207,0
5208,0
5209,0
5210,0
5211,0
5212,1022
5213,1022
5214,1022
5215,1022
5216,1022
5217,1022
5218,1022
5219,1022
5220,1022
5221,1022
5222,0
5223,0
5224,0
5225,0
5226,0
5227,0
5228,0
5229,0
5230,0
5231,0
5232,0
5233,1022
5234,1022
5235,1022
5236,1022
5237,1022
5238,1022
5239,1022
5240,1022
5241,1022
5242,1022
5243,0
5244,0
5245,0
5246,0
5247,0
5248,0
5249,0
5250,0
5251,0
5252,0
5253,0
5254,1022
5255,1022
5256,1022
5257,1022
5258,1021
5259,1022
5260,1021
5261,1021
5262,1021
5263,1022
5264,1021
5265,0
5266,0
5267,0
5268,0
5269,0
5270,0
5271,0
5272,0
5273,0
5274,0
5275,1022
5276,1022
5277,1022
5278,1022
5279,1022
5280,1022
5281,1022
5282,1022
5283,1022
5284,1022
5285,1022
5286,0
5287,0
5288,0
5289,0
5290,0
5291,0
5292,0
5293,0
5294,0
5295,0
5296,0
5297,1022
5298,1022
5299,1022
5300,1022
5301,1021
5302,1022
5303,1022
5304,1022
5305,1022
5306,1022
5307,0
5308,0
5309,0
5310,0
5311,0
5312,0
5313,0
5314,0
5315,0
5316,0
5317,0
5318,1022
5319,1022
5320,1022
5321,1021
5322,1022
5323,1022
5324,1022
5325,1022
5326,1022
5327,1022
5328,0
5329,0
5330,0
5331,0
5332,0
5333,0
5334,0
5335,0
5336,0
5337,0
5338,0
5339,1022
5340,1022
5341,1022
5342,1022
5343,1022
5344,1022
5345,1022
5346,1022
5347,1022
5348,1022
5349,1022
5350,0
5351,0
5352,0
5353,0
5354,0
5355,0
5356,0
5357,0
5358,0
5359,0
5360,1022
5361,1022
5362,1022
5363,1022
5364,1022
5365,1022
5366,1022
5367,1022
5368,1022
5369,1022
5370,1022
5371,0
5372,0
5373,0
5374,0
5375,0
5376,0
5377,0
5378,0
5379,0
5380,0
5381,0
5382,1022
5383,1022
5384,1022
5385,1022
5386,1021
5387,1022
5388,1022
5389,1022
5390,1022
5391,1022
5392,0
5393,0
5394,0
5395,0
5396,0
5397,0
5398,0
5399,0
5400,0
5401,0
5402,0
5403,1022
5404,1022
5405,1022
5406,1022
5407,1022
5408,1022
5409,1022
5410,1022
5411,1022
5412,1021
5413,0
5414,0
5415,0
5416,0
5417,0
5418,0
5419,0
5420,0
5421,0
5422,0
5423,0
5424,1022
5425,1022
5426,1022
5427,1022
5428,1022
5429,1022
5430,1022
5431,1022
5432,1022
5433,1022
5434,1022
5435,0
5436,0
5437,0
5438,0
5439,0
5440,0
5441,0
5442,0
5443,0
5444,0
5445,1022
5446,1022
5447,1022
5448,1022
5449,1022
5450,1022
5451,1022
5452,1022
5453,1022
5454,1022
5455,1022
5456,0
5457,0
5458,0
5459,0
5460,0
5461,0
5462,0
5463,0
5464,0
5465,0
5466,0
5467,1022
5468,1022
5469,1022
5470,1022
5471,1022
5472,1023
5473,1022
5474,1022
5475,1022
5476,1022
5477,0
5478,0
5479,0
5480,0
5481,0
5482,0
5483,0
5484,0
5485,0
5486,0
5487,0
5488,1021
5489,1021
5490,1022
5491,1022
5492,1021
5493,1021
5494,1022
5495,1021
5496,1022
5497,1022
5498,0
5499,0
5500,0
5501,0
5502,0
5503,0
5504,0
5505,0
5506,0
5507,0
5508,0
5509,1022
5510,1022
5511,1022
5512,1022
5513,1022
5514,1022
5515,1022
5516,1022
5517,1022
5518,1022
5519,1022
5520,0
5521,0
5522,0
5523,0
5524,0
5525,0
5526,0
5527,0
5528,0
5529,0
5530,1021
5531,1022
5532,1022
5533,1022
5534,1022
5535,1022
5536,1022
5537,1022
5538,1022
5539,1022
5540,1022
5541,0
5542,0
5543,0
5544,0
5545,0
5546,0
5547,0
5548,0
5549,0
5550,0
5551,0
5552,1022
5553,1022
5554,1022
5555,1022
5556,1022
5557,1022
5558,1023
5559,1022
5560,1021
5561,1023
5562,0
5563,0
5564,0
5565,0
5566,0
5567,0
5568,0
5569,0
5570,0
5571,0
5572,0
5573,1022
5574,1022
5575,1022
5576,1022
5577,1022
5578,1022
5579,1022
5580,1022
5581,1022
5582,1022
5583,0
5584,0
5585,0
5586,0
5587,0
5588,0
5589,0
5590,0
5591,0
5592,0
5593,0
5594,1022
5595,1022
5596,1022
5597,1022
5598,1022
5599,1023
5600,1022
5601,1022
5602,1022
5603,1022
5604,1022
5605,0
5606,0
5607,0
5608,0
5609,0
5610,0
5611,0
5612,0
5613,0
5614,0
5615,1022
5616,1022
5617,1022
5618,1022
5619,1022
5620,1022
5621,1022
5622,1022
5623,1022
5624,1022
5625,1022
5626,0
5627,0
5628,0
5629,0
5630,0
5631,0
5632,0
5633,0
5634,0
5635,0
5636,0
5637,1021
5638,1022
5639,1022
5640,1021
5641,1022
5642,1021
5643,1021
5644,1021
5645,1022
5646,1021
5647,0
5648,0
5649,0
5650,0
5651,0
5652,0
5653,0
5654,0
5655,0
5656,0
5657,0
5658,1022
5659,1022
5660,1022
5661,1022
5662,1022
5663,1022
5664,1022
5665,1022
5666,1022
5667,1022
5668,0
5669,0
5670,0
5671,0
5672,0
5673,0
5674,0
5675,0
5676,0
5677,0
5678,0
5679,1022
5680,1022
5681,1022
5682,1022
5683,1022
5684,1022
5685,1022
5686,1022
5687,1022
5688,1022
5689,1022
5690,0
5691,0
5692,0
5693,0
5694,0
5695,0
5696,0
5697,0
5698,0
5699,0
5700,1022
5701,1022
5702,1022
5703,1022
5704,1022
5705,1021
5706,1022
5707,1022
5708,1022
5709,1022
5710,1022
5711,0
5712,0
5713,0
5714,0
5715,0
5716,0
5717,0
5718,0
5719,0
5720,0
5721,0
5722,1022
5723,1022
5724,1022
5725,1022
5726,1022
5727,1022
5728,1022
5729,1022
5730,1022
5731,1022
5732,0
5733,0
5734,0
5735,0
5736,0
5737,0
5738,0
5739,0
5740,0
5741,0
5742,0
5743,1022
5744,1022
5745,1022
5746,1022
5747,1022
5748,1022
5749,1022
5750,1022
5751,1022
5752,1022
5753,0
5754,0
5755,0
5756,0
5757,0
5758,0
5759,0
5760,0
5761,0
5762,0
5763,0
5764,1022
5765,1022
5766,1022
5767,1021
5768,1022
5769,1022
5770,1022
5771,1022
5772,1022
5773,1022
5774,1022
5775,0
5776,0
5777,0
5778,0
5779,0
5780,0
5781,0
5782,0
5783,0
5784,0
5785,1022
5786,1022
5787,1022
5788,1021
5789,1022
5790,1022
5791,1022
5792,1023
5793,1021
5794,1023
5795,1021
5796,0
5797,0
5798,0
5799,0
5800,0
5801,0
5802,0
5803,0
5804,0
5805,0
5806,0
5807,1022
5808,1022
5809,1022
5810,1022
5811,1022
5812,1023
5813,1022
5814,1021
5815,1022
5816,1022
5817,0
5818,0
5819,0
5820,0
5821,0
5822,0
5823,0
5824,0
5825,0
5826,0
5827,0
5828,1022
5829,1022
5830,1022
5831,1022
5832,1022
5833,1022
5834,1022
5835,1022
5836,1022
5837,1022
5838,0
5839,0
5840,0
5841,0
5842,0
5843,0
5844,0
5845,0
5846,0
5847,0
5848,0
5849,1022
5850,1022
5851,1022
5852,1022
5853,1022
5854,1022
5855,1022
5856,1022
5857,1022
5858,1022
5859,1022
5860,0
5861,0
5862,0
5863,0
5864,0
5865,0
5866,0
5867,0
5868,0
5869,0
5870,1021
5871,1022
5872,1021
5873,1021
5874,1021
5875,1022
5876,1021
5877,1022
5878,1022
5879,1021
5880,1022
5881,0
5882,0
5883,0
5884,0
5885,0
5886,0
5887,0
5888,0
5889,0
5890,0
5891,0
5892,1022
5893,1021
5894,1022
5895,1022
5896,1022
5897,1022
5898,1022
5899,1022
5900,1022
5901,1022
5902,0
5903,0
5904,0
5905,0
5906,0
5907,0
5908,0
5909,0
5910,0
5911,0
5912,0
5913,1022
5914,1021
5915,1022
5916,1022
5917,1022
5918,1022
5919,1022
5920,1022
5921,1022
5922,1022
5923,0
5924,0
5925,0
5926,0
5927,0
5928,0
5929,0
5930,0
5931,0
5932,0
5933,0
5934,1022
5935,1022
5936,1022
5937,1022
5938,1022
5939,1022
5940,1022
5941,1022
5942,1023
5943,1022
5944,1021
5945,0
5946,0
5947,0
5948,0
5949,0
5950,0
5951,0
5952,0
5953,0
5954,0
5955,1022
5956,1022
5957,1022
5958,1022
5959,1022
5960,1022
5961,1022
5962,1022
5963,1022
5964,1022
5965,1022
5966,0
5967,0
5968,0
5969,0
5970,0
5971,0
5972,0
5973,0
5974,0
5975,0
5976,0
5977,1022
5978,1022
5979,1022
5980,1022
5981,1022
5982,1022
5983,1022
5984,1022
5985,1022
5986,1022
5987,0
5988,0
5989,0
5990,0
5991,0
5992,0
5993,0
5994,0
5995,0
5996,0
5997,0
5998,1022
5999,1022
6000,1022
6001,1022
6002,1022
6003,1022
6004,1022
6005,1022
6006,1022
6007,1022
6008,0
6009,0
6010,0
6011,0
6012,0
6013,0
6014,0
6015,0
6016,0
6017,0
6018,0
6019,1022
6020,1022
6021,1020
6022,1022
6023,1021
6024,1021
6025,1022
6026,1021
6027,1021
6028,1022
6029,1022
6030,0
6031,0
6032,0
6033,0
6034,0
6035,0
6036,0
6037,0
6038,0
6039,0
6040,1023
6041,1022
6042,1022
6043,1022
6044,1022
6045,1022
6046,1022
6047,1022
6048,1022
6049,1022
6050,1022
6051,0
6052,0
6053,0
6054,0
6055,0
6056,0
6057,0
6058,0
6059,0
6060,0
6061,0
6062,1022
6063,1021
6064,1022
6065,1022
6066,1022
6067,1022
6068,1022
6069,1022
6070,1022
6071,1022
6072,0
6073,0
6074,0
6075,0
6076,0
6077,0
6078,0
6079,0
6080,0
6081,0
6082,0
6083,1022
6084,1022
6085,1022
6086,1022
6087,1022
6088,1022
6089,1022
6090,1022
6091,1022
6092,1022
6093,0
6094,0
6095,0
6096,0
6097,0
6098,0
6099,0
6100,0
6101,0
6102,0
6103,0
6104,1021
6105,1022
6106,1022
6107,1022
6108,1022
6109,1022
6110,1022
6111,1022
6112,1022
6113,1022
6114,1022
6115,0
6116,0
6117,0
6118,0
6119,0
6120,0
6121,0
6122,0
6123,0
6124,0
6125,1022
6126,1022
6127,1022
6128,1022
6129,1022
6130,1022
6131,1022
6132,1022
6133,1022
6134,1022
6135,1022
6136,0
6137,0
6138,0
6139,0
6140,0
6141,0
6142,0
6143,0
6144,0
6145,0
6146,0
6147,1022
6148,1021
6149,1022
6150,1022
6151,1022
6152,1022
6153,1022
6154,1022
6155,1022
6156,1022
6157,0
6158,0
6159,0
6160,0
6161,0
6162,0
6163,0
6164,0
6165,0
6166,0
6167,0
6168,1022
6169,1022
6170,1022
6171,1022
6172,1021
6173,1022
6174,1021
6175,1021
6176,1021
6177,1021
6178,0
6179,0
6180,0
6181,0
6182,0
6183,0
6184,0
6185,0
6186,0
6187,0
6188,0
6189,1022
6190,1022
6191,1022
6192,1022
6193,1022
6194,1022
6195,1022
6196,1021
6197,1022
6198,1021
6199,1021
6200,0
6201,0
6202,0
6203,0
6204,0
6205,0
6206,0
6207,0
6208,0
6209,0
6210,1022
6211,1022
6212,1022
6213,1022
6214,1022
6215,1021
6216,1022
6217,1021
6218,1022
6219,1021
6220,1022
6221,0
6222,0
6223,0
6224,0
6225,0
6226,0
6227,0
6228,0
6229,0
6230,0
6231,0
6232,1022
6233,1022
6234,1022
6235,1022
6236,1022
6237,1022
6238,1022
6239,1022
6240,1022
6241,1022
6242,0
6243,0
6244,0
6245,0
6246,0
6247,0
6248,0
6249,0
6250,0
6251,0
6252,0
6253,1022
6254,1023
6255,1022
6256,1022
6257,1022
6258,1023
6259,1022
6260,1022
6261,1022
6262,1022
6263,0
6264,0
6265,0
6266,0
6267,0
6268,0
6269,0
6270,0
6271,0
6272,0
6273,0
6274,1022
6275,1022
6276,1022
6277,1022
6278,1022
6279,1022
6280,1022
6281,1022
6282,1022
6283,1022
6284,1022
6285,0
6286,0
6287,0
6288,0
6289,0
6290,0
6291,0
6292,0
6293,0
6294,0
6295,1022
6296,1022
6297,1022
6298,1022
6299,1022
6300,1022
6301,1022
6302,1022
6303,1022
6304,1022
6305,1022
6306,0
6307,0
6308,0
6309,0
6310,0
6311,0
6312,0
6313,0
6314,0
6315,0
6316,0
6317,1022
6318,1022
6319,1022
6320,1022
6321,1022
6322,1022
6323,1022
6324,1022
6325,1022
6326,1022
6327,0
6328,0
6329,0
6330,0
6331,0
6332,0
6333,0
6334,0
6335,0
6336,0
6337,0
6338,1022
6339,1022
6340,1022
6341,1022
6342,1022
6343,1022
6344,1022
6345,1022
6346,1022
6347,1022
6348,0
6349,0
6350,0
6351,0
6352,0
6353,0
6354,0
6355,0
6356,0
6357,0
6358,0
6359,1022
6360,1022
6361,1022
6362,1022
6363,1022
6364,1022
6365,1022
6366,1022
6367,1022
6368,1022
6369,1022
6370,0
6371,0
6372,0
6373,0
6374,0
6375,0
6376,0
6377,0
6378,0
6379,0
6380,1022
6381,1021
6382,1022
6383,1022
6384,1022
6385,1022
6386,1022
6387,1022
6388,1022
6389,1022
6390,1022
6391,0
6392,0
6393,0
6394,0
6395,0
6396,0
6397,0
6398,0
6399,0
6400,0
6401,0
6402,1022
6403,1022
6404,1022
6405,1021
6406,1022
6407,1022
6408,1023
6409,1023
6410,1022
6411,1022
6412,0
6413,0
6414,0
6415,0
6416,0
6417,0
6418,0
6419,0
6420,0
6421,0
6422,0
6423,1022
6424,1022
6425,1022
6426,1022
6427,1022
6428,1022
6429,1022
6430,1022
6431,1022
6432,1022
6433,0
6434,0
6435,0
6436,0
6437,0
6438,0
6439,0
6440,0
6441,0
6442,0
6443,0
6444,1022
6445,1022
6446,1022
6447,1022
6448,1022
6449,1022
6450,1022
6451,1022
6452,1022
6453,1022
6454,1022
6455,0
6456,0
6457,0
6458,0
6459,0
6460,0
6461,0
6462,0
6463,0
6464,0
6465,1022
6466,1022
6467,1022
6468,1022
6469,1022
6470,1022
6471,1021
6472,1022
6473,1021
6474,1022
6475,1022
6476,0
6477,0
6478,0
6479,0
6480,0
6481,0
6482,0
6483,0
6484,0
6485,0
6486,1006
6487,1022
6488,1022
6489,1022
6490,1022
6491,1021
6492,1022
6493,1022
6494,1021
6495,1022
6496,1022
6497,0
6498,0
6499,0
6500,0
6501,0
6502,0
6503,0
6504,0
6505,0
6506,0
6507,0
6508,1022
6509,1022
6510,1022
6511,1022
6512,1022
6513,1022
6514,1022
6515,1022
6516,1022
6517,1022
6518,0
6519,0
6520,0
6521,0
6522,0
6523,0
6524,0
6525,0
6526,0
6527,0
6528,0
6529,1021
6530,1022
6531,1022
6532,1022
6533,1022
6534,1022
6535,1022
6536,1022
6537,1022
6538,1022
6539,1022
6540,0
6541,0
6542,0
6543,0
6544,0
6545,0
6546,0
6547,0
6548,0
6549,0
6550,1022
6551,1022
6552,1022
6553,1022
6554,1022
6555,1021
6556,1022
6557,1022
6558,1022
6559,1022
6560,1022
6561,0
6562,0
6563,0
6564,0
6565,0
6566,0
6567,0
6568,0
6569,0
6570,0
6571,1022
6572,1022
6573,1022
6574,1022
6575,1022
6576,1022
6577,1022
6578,1022
6579,1022
6580,1022
6581,1022
6582,0
6583,0
6584,0
6585,0
6586,0
6587,0
6588,0
6589,0
6590,0
6591,0
6592,0
6593,1022
6594,1022
6595,1021
6596,1022
6597,1022
6598,1022
6599,1022
6600,1021
6601,1022
6602,1022
6603,0
6604,0
6605,0
6606,0
6607,0
6608,0
6609,0
6610,0
6611,0
6612,0
6613,0
6614,1022
6615,1022
6616,1022
6617,1021
6618,1022
6619,1022
6620,1022
6621,1021
6622,1021
6623,1022
6624,1022
6625,0
6626,0
6627,0
6628,0
6629,0
6630,0
6631,0
6632,0
6633,0
6634,0
6635,1022
6636,1022
6637,1022
6638,1022
6639,1022
6640,1022
6641,1022
6642,1021
6643,1022
6644,1022
6645,1022
6646,0
6647,0
6648,0
6649,0
6650,0
6651,0
6652,0
6653,0
6654,0
6655,0
6656,1020
6657,1021
6658,1022
6659,1022
6660,1022
6661,1022
6662,1022
6663,1022
6664,1022
6665,1022
6666,1022
6667,0
6668,0
6669,0
6670,0
6671,0
6672,0
6673,0
6674,0
6675,0
6676,0
6677,0
6678,1022
6679,1022
6680,1022
6681,1022
6682,1022
6683,1022
6684,1022
6685,1022
6686,1022
6687,1022
6688,0
6689,0
6690,0
6691,0
6692,0
6693,0
6694,0
6695,0
6696,0
6697,0
6698,0
6699,1022
6700,1022
6701,1022
6702,1022
6703,1022
6704,1021
6705,1023
6706,1022
6707,1021
6708,1021
6709,1022
6710,0
6711,0
6712,0
6713,0
6714,0
6715,0
6716,0
6717,0
6718,0
6719,0
6720,1022
6721,1022
6722,1022
6723,1022
6724,1022
6725,1022
6726,1022
6727,1022
6728,1022
6729,1022
6730,1021
6731,0
6732,0
6733,0
6734,0
6735,0
6736,0
6737,0
6738,0
6739,0
6740,0
6741,1022
6742,1022
6743,1022
6744,1022
6745,1022
6746,1022
6747,1022
6748,1022
6749,1022
6750,1022
6751,1022
6752,0
6753,0
6754,0
6755,0
6756,0
6757,0
6758,0
6759,0
6760,0
6761,0
6762,0
6763,1022
6764,1022
6765,1022
6766,1022
6767,1022
6768,1022
6769,1022
6770,1022
6771,1022
6772,1022
6773,0
6774,0
6775,0
6776,0
6777,0
6778,0
6779,0
6780,0
6781,0
6782,0
6783,0
6784,1022
6785,1022
6786,1022
6787,1022
6788,1022
6789,1022
6790,1021
6791,1021
6792,1021
6793,1021
6794,1021
6795,0
6796,0
6797,0
6798,0
6799,0
6800,0
6801,0
6802,0
6803,0
6804,0
6805,1022
6806,1022
6807,1022
6808,1022
6809,1022
6810,1022
6811,1022
6812,1022
6813,1022
6814,1022
6815,1022
6816,0
6817,0
6818,0
6819,0
6820,0
6821,0
6822,0
6823,0
6824,0
6825,0
6826,1022
6827,1022
6828,1022
6829,1022
6830,1022
6831,1022
6832,1022
6833,1021
6834,1022
6835,1022
6836,1022
6837,0
6838,0
6839,0
6840,0
6841,0
6842,0
6843,0
6844,0
6845,0
6846,0
6847,0
6848,1022
6849,1022
6850,1021
6851,1022
6852,1022
6853,1021
6854,1022
6855,1022
6856,1022
6857,1022
6858,0
6859,0
6860,0
6861,0
6862,0
6863,0
6864,0
6865,0
6866,0
6867,0
6868,0
6869,1022
6870,1022
6871,1021
6872,1021
6873,1022
6874,1021
6875,1022
6876,1022
6877,1022
6878,1021
6879,1022
6880,0
6881,0
6882,0
6883,0
6884,0
6885,0
6886,0
6887,0
6888,0
6889,0
6890,1022
6891,1022
6892,1022
6893,1022
6894,1022
6895,1022
6896,1022
6897,1022
6898,1022
6899,1022
6900,1022
6901,0
6902,0
6903,0
6904,0
6905,0
6906,0
6907,0
6908,0
6909,0
6910,0
6911,1022
6912,1022
6913,1022
6914,1022
6915,1022
6916,1022
6917,1022
6918,1022
6919,1022
6920,1022
6921,1022
6922,0
6923,0
6924,0
6925,0
6926,0
6927,0
6928,0
6929,0
6930,0
6931,0
6932,0
6933,1022
6934,1022
6935,1022
6936,1022
6937,1022
6938,1022
6939,1022
6940,1022
6941,1022
6942,1022
6943,0
6944,0
6945,0
6946,0
6947,0
6948,0
6949,0
6950,0
6951,0
6952,0
6953,0
6954,1022
6955,1022
6956,1022
6957,1021
6958,1022
6959,1022
6960,1022
6961,1022
6962,1022
6963,1022
6964,1022
6965,0
6966,0
6967,0
6968,0
6969,0
6970,0
6971,0
6972,0
6973,0
6974,0
6975,1022
6976,1022
6977,1022
6978,1022
6979,1022
6980,1022
6981,1022
6982,1022
6983,1022
6984,1022
6985,1022
6986,0
6987,0
6988,0
6989,0
6990,0
6991,0
6992,0
6993,0
6994,0
6995,0
6996,1022
6997,1022
6998,1022
6999,1022
7000,1022
7001,1022
7002,1022
7003,1023
7004,1022
7005,1022
7006,1022
7007,0
7008,0
7009,0
7010,0
7011,0
7012,0
7013,0
7014,0
7015,0
7016,0
7017,0
7018,1021
7019,1021
7020,1021
7021,1021
7022,1021
7023,1021
7024,1021
7025,1022
7026,1022
7027,1021
7028,0
7029,0
7030,0
7031,0
7032,0
7033,0
7034,0
7035,0
7036,0
7037,0
7038,0
7039,1022
7040,1022
7041,1021
7042,1022
7043,1022
7044,1022
7045,1022
7046,1022
7047,1022
7048,1022
7049,1022
7050,0
7051,0
7052,0
7053,0
7054,0
7055,0
7056,0
7057,0
7058,0
7059,0
7060,1022
7061,1022
7062,1022
7063,1022
7064,1022
7065,1022
7066,1021
7067,1022
7068,1022
7069,1022
7070,1022
7071,0
7072,0
7073,0
7074,0
7075,0
7076,0
7077,0
7078,0
7079,0
7080,0
7081,1023
7082,1022
7083,1022
7084,1022
7085,1022
7086,1021
7087,1022
7088,1022
7089,1021
7090,1022
7091,1022
7092,0
7093,0
7094,0
7095,0
7096,0
7097,0
7098,0
7099,0
7100,0
7101,0
7102,0
7103,1022
7104,1022
7105,1022
7106,1022
7107,1022
7108,1022
7109,1022
7110,1022
7111,1022
7112,1022
7113,0
7114,0
7115,0
7116,0
7117,0
7118,0
7119,0
7120,0
7121,0
7122,0
7123,0
7124,1022
7125,1022
7126,1022
7127,1022
7128,1022
7129,1022
7130,1022
7131,1021
7132,1022
7133,1022
7134,1022
7135,0
7136,0
7137,0
7138,0
7139,0
7140,0
7141,0
7142,0
7143,0
7144,0
7145,1022
7146,1022
7147,1022
7148,1022
7149,1022
7150,1022
7151,1022
7152,1022
7153,1022
7154,1022
7155,1022
7156,0
7157,0
7158,0
7159,0
7160,0
7161,0
7162,0
7163,0
7164,0
7165,0
7166,1022
7167,1022
7168,1022
7169,1022
7170,1022
7171,1022
7172,1022
7173,1022
7174,1022
7175,1022
7176,1022
7177,0
7178,0
7179,0
7180,0
7181,0
7182,0
7183,0
7184,0
7185,0
7186,0
7187,0
7188,1022
7189,1022
7190,1022
7191,1022
7192,1022
7193,1022
7194,1022
7195,1022
7196,1022
7197,1022
7198,0
7199,0
7200,0
7201,0
7202,0
7203,0
7204,0
7205,0
7206,0
7207,0
7208,0
7209,1022
7210,1023
7211,1022
7212,1022
7213,1022
7214,1022
7215,1022
7216,1022
7217,1022
7218,1022
7219,1021
7220,0
7221,0
7222,0
7223,0
7224,0
7225,0
7226,0
7227,0
7228,0
7229,0
7230,1022
7231,1021
7232,1022
7233,1022
7234,1022
7235,1022
7236,1022
7237,1022
7238,1022
7239,1022
7240,1022
7241,0
7242,0
7243,0
7244,0
7245,0
7246,0
7247,0
7248,0
7249,0
7250,0
7251,1022
7252,1021
7253,1022
7254,1022
7255,1022
7256,1022
7257,1022
7258,1022
7259,1022
7260,1022
7261,1022
7262,0
7263,0
7264,0
7265,0
7266,0
7267,0
7268,0
7269,0
7270,0
7271,0
7272,0
7273,1022
7274,1022
7275,1022
7276,1022
7277,1022
7278,1022
7279,1022
7280,1022
7281,1022
7282,1022
7283,0
7284,0
7285,0
7286,0
7287,0
7288,0
7289,0
7290,0
7291,0
7292,0
7293,0
7294,1022
7295,1022
7296,1022
7297,1022
7298,1022
7299,1022
7300,1021
7301,1022
7302,1022
7303,1022
7304,1022
7305,0
7306,0
7307,0
7308,0
7309,0
7310,0
7311,0
7312,0
7313,0
7314,0
7315,1022
7316,1022
7317,1022
7318,1022
7319,1022
7320,1022
7321,1023
7322,1022
7323,1022
7324,1022
7325,1022
7326,0
7327,0
7328,0
7329,0
7330,0
7331,0
7332,0
7333,0
7334,0
7335,0
7336,1022
7337,1022
7338,1022
7339,1022
7340,1022
7341,1021
7342,1022
7343,1022
7344,1022
7345,1022
7346,1022
7347,0
7348,0
7349,0
7350,0
7351,0
7352,0
7353,0
7354,0
7355,0
7356,0
7357,0
7358,1022
7359,1022
7360,1022
7361,1022
7362,1022
7363,1022
7364,1021
7365,1022
7366,1022
7367,1022
7368,0
7369,0
7370,0
7371,0
7372,0
7373,0
7374,0
7375,0
7376,0
7377,0
7378,0
7379,1022
7380,1022
7381,1022
7382,1022
7383,1022
7384,1022
7385,1022
7386,1022
7387,1022
7388,1022
7389,1022
7390,0
7391,0
7392,0
7393,0
7394,0
7395,0
7396,0
7397,0
7398,0
7399,0
7400,1022
7401,1022
7402,1023
7403,1022
7404,1022
7405,1022
7406,1021
7407,1022
7408,1022
7409,1022
7410,1023
7411,0
7412,0
7413,0
7414,0
7415,0
7416,0
7417,0
7418,0
7419,0
7420,0
7421,1022
7422,1022
7423,1022
7424,1022
7425,1022
7426,1022
7427,1022
7428,1022
7429,1022
7430,1022
7431,1021
7432,0
7433,0
7434,0
7435,0
7436,0
7437,0
7438,0
7439,0
7440,0
7441,0
7442,0
7443,1022
7444,1022
7445,1022
7446,1022
7447,1022
7448,1022
7449,1022
7450,1022
7451,1022
7452,1022
7453,0
7454,0
7455,0
7456,0
7457,0
7458,0
7459,0
7460,0
7461,0
7462,0
7463,0
7464,1021
7465,1022
7466,1022
7467,1022
7468,1021
7469,1022
7470,1021
7471,1022
7472,1022
7473,1023
7474,1021
7475,0
7476,0
7477,0
7478,0
7479,0
7480,0
7481,0
7482,0
7483,0
7484,0
7485,1022
7486,1022
7487,1022
7488,1022
7489,1022
7490,1022
7491,1022
7492,1022
7493,1022
7494,1022
7495,1022
7496,0
7497,0
7498,0
7499,0
7500,0
7501,0
7502,0
7503,0
7504,0
7505,0
7506,1022
7507,1022
7508,1022
7509,1022
7510,1022
7511,1022
7512,1022
7513,1022
7514,1022
7515,1022
7516,1022
7517,0
7518,0
7519,0
7520,0
7521,0
7522,0
7523,0
7524,0
7525,0
7526,0
7527,0
7528,1022
7529,1022
7530,1022
7531,1022
7532,1022
7533,1022
7534,1022
7535,1022
7536,1022
7537,1022
7538,0
7539,0
7540,0
7541,0
7542,0
7543,0
7544,0
7545,0
7546,0
7547,0
7548,0
7549,1022
7550,1022
7551,1021
7552,1022
7553,1022
7554,1021
7555,1022
7556,1022
7557,1022
7558,1022
7559,1022
7560,0
7561,0
7562,0
7563,0
7564,0
7565,0
7566,0
7567,0
7568,0
7569,0
7570,1022
7571,1022
7572,1022
7573,1022
7574,1022
7575,1022
7576,1021
7577,1022
7578,1022
7579,1022
7580,1022
7581,0
7582,0
7583,0
7584,0
7585,0
7586,0
7587,0
7588,0
7589,0
7590,0
7591,1022
7592,1022
7593,1022
7594,1022
7595,1022
7596,1022
7597,1022
7598,1022
7599,1022
7600,1022
7601,1022
7602,0
7603,0
7604,0
7605,0
7606,0
7607,0
7608,0
7609,0
7610,0
7611,0
7612,0
7613,1022
7614,1022
7615,1022
7616,1022
7617,1022
7618,1022
7619,1022
7620,1022
7621,1022
7622,1021
7623,0
7624,0
7625,0
7626,0
7627,0
7628,0
7629,0
7630,0
7631,0
7632,0
7633,0
7634,1021
7635,1022
7636,1022
7637,1021
7638,1022
7639,1022
7640,1022
7641,1022
7642,1022
7643,1022
7644,1022
7645,0
7646,0
7647,0
7648,0
7649,0
7650,0
7651,0
7652,0
7653,0
7654,0
7655,1021
7656,1022
7657,1022
7658,1022
7659,1022
7660,1022
7661,1022
7662,1022
7663,1022
7664,1022
7665,1022
7666,0
7667,0
7668,0
7669,0
7670,0
7671,0
7672,0
7673,0
7674,0
7675,0
7676,1022
7677,1022
7678,1022
7679,1022
7680,1022
7681,1022
7682,1022
7683,1022
7684,1022
7685,1022
7686,1022
7687,0
7688,0
7689,0
7690,0
7691,0
7692,0
7693,0
7694,0
7695,0
7696,0
7697,0
7698,1021
7699,1021
7700,1023
7701,1022
7702,1021
7703,1022
7704,1021
7705,1022
7706,1022
7707,1022
7708,0
7709,0
7710,0
7711,0
7712,0
7713,0
7714,0
7715,0
7716,0
7717,0
7718,0
7719,1022
7720,1022
7721,1022
7722,1022
7723,1022
7724,1022
7725,1021
7726,1022
7727,1021
7728,1022
7729,1022
7730,0
7731,0
7732,0
7733,0
7734,0
7735,0
7736,0
7737,0
7738,0
7739,0
7740,1022
7741,1022
7742,1022
7743,1022
7744,1022
7745,1022
7746,1022
7747,1021
7748,1022
7749,1022
7750,1022
7751,0
7752,0
7753,0
7754,0
7755,0
7756,0
7757,0
7758,0
7759,0
7760,0
7761,1022
7762,1022
7763,1022
7764,1022
7765,1022
7766,1022
7767,1022
7768,1022
7769,1022
7770,1022
7771,1022
7772,0
7773,0
7774,0
7775,0
7776,0
7777,0
7778,0
7779,0
7780,0
7781,0
7782,0
7783,1022
7784,1022
7785,1022
7786,1021
7787,1022
7788,1022
7789,1021
7790,1022
7791,1022
7792,1022
7793,0
7794,0
7795,0
7796,0
7797,0
7798,0
7799,0
7800,0
7801,0
7802,0
7803,0
7804,1022
7805,1022
7806,1022
7807,1022
7808,1022
7809,1022
7810,1022
7811,1022
7812,1022
7813,1022
7814,0
7815,0
7816,0
7817,0
7818,0
7819,0
7820,0
7821,0
7822,0
7823,0
7824,0
7825,1022
7826,1022
7827,1022
7828,1021
7829,1022
7830,1022
7831,1022
7832,1022
7833,1022
7834,1022
7835,1022
7836,0
7837,0
7838,0
7839,0
7840,0
7841,0
7842,0
7843,0
7844,0
7845,0
7846,1022
7847,1022
7848,1023
7849,1022
7850,1022
7851,1022
7852,1021
7853,1022
7854,1021
7855,1022
7856,1021
7857,0
7858,0
7859,0
7860,0
7861,0
7862,0
7863,0
7864,0
7865,0
7866,0
7867,0
7868,1022
7869,1022
7870,1022
7871,1022
7872,1022
7873,1022
7874,1022
7875,1022
7876,1022
7877,1022
7878,0
7879,0
7880,0
7881,0
7882,0
7883,0
7884,0
7885,0
7886,0
7887,0
7888,0
7889,1022
7890,1022
7891,1022
7892,1022
7893,1022
7894,1022
7895,1022
7896,1022
7897,1022
7898,1022
7899,0
7900,0
7901,0
7902,0
7903,0
7904,0
7905,0
7906,0
7907,0
7908,0
7909,0
7910,1022
7911,1022
7912,1022
7913,1022
7914,1022
7915,1022
7916,1022
7917,1022
7918,1021
7919,1022
7920,1022
7921,0
7922,0
7923,0
7924,0
7925,0
7926,0
7927,0
7928,0
7929,0
7930,0
7931,1021
7932,1021
7933,1021
7934,1021
7935,1022
7936,1022
7937,1022
7938,1022
7939,1022
7940,1022
7941,1022
7942,0
7943,0
7944,0
7945,0
7946,0
7947,0
7948,0
7949,0
7950,0
7951,0
7952,0
7953,1022
7954,1022
7955,1022
7956,1022
7957,1022
7958,1022
7959,1023
7960,1021
7961,1022
7962,1022
7963,0
7964,0
7965,0
7966,0
7967,0
7968,0
7969,0
7970,0
7971,0
7972,0
7973,0
7974,1022
7975,1022
7976,1022
7977,1022
7978,1022
7979,1021
7980,1022
7981,1022
7982,1022
7983,1022
7984,0
7985,0
7986,0
7987,0
7988,0
7989,0
7990,0
7991,0
7992,0
7993,0
7994,0
7995,1022
7996,1022
7997,1022
7998,1022
7999,1022
8000,1022
8001,1021
8002,1022
8003,1022
8004,1021
8005,1022
8006,0
8007,0
8008,0
8009,0
8010,0
8011,0
8012,0
8013,0
8014,0
8015,0
8016,1022
8017,1022
8018,1022
8019,1022
8020,1022
8021,1022
8022,1022
8023,1022
8024,1022
8025,1022
8026,1022
8027,0
8028,0
8029,0
8030,0
8031,0
8032,0
8033,0
8034,0
8035,0
8036,0
8037,0
8038,1022
8039,1022
8040,1022
8041,1022
8042,1022
8043,1022
8044,1022
8045,1022
8046,1022
8047,1022
8048,0
8049,0
8050,0
8051,0
8052,0
8053,0
8054,0
8055,0
8056,0
8057,0
8058,0
8059,1022
8060,1022
8061,1022
8062,1022
8063,1022
8064,1022
8065,1022
8066,1022
8067,1022
8068,1022
8069,0
8070,0
8071,0
8072,0
8073,0
8074,0
8075,0
8076,0
8077,0
8078,0
8079,0
8080,1022
8081,1022
8082,1022
8083,1022
8084,1022
8085,1022
8086,1022
8087,1022
8088,1022
8089,1022
8090,1022
8091,0
8092,0
8093,0
8094,0
8095,0
8096,0
8097,0
8098,0
8099,0
8100,0
8101,1022
8102,1022
8103,1022
8104,1022
8105,1022
8106,1022
8107,1021
8108,1022
8109,1021
8110,1022
8111,1022
8112,0
8113,0
8114,0
8115,0
8116,0
8117,0
8118,0
8119,0
8120,0
8121,0
8122,0
8123,1021
8124,1022
8125,1022
8126,1022
8127,1022
8128,1022
8129,1022
8130,1022
8131,1022
8132,1022
8133,0
8134,0
8135,0
8136,0
8137,0
8138,0
8139,0
8140,0
8141,0
8142,0
8143,0
8144,1022
8145,1022
8146,1022
8147,1022
8148,1022
8149,1022
8150,1022
8151,1022
8152,1022
8153,1022
8154,0
8155,0
8156,0
8157,0
8158,0
8159,0
8160,0
8161,0
8162,0
8163,0
8164,0
8165,1021
8166,1022
8167,1022
8168,1022
8169,1022
8170,1022
8171,1022
8172,1021
8173,1022
8174,1021
8175,1022
8176,0
8177,0
8178,0
8179,0
8180,0
8181,0
8182,0
8183,0
8184,0
8185,0
8186,1022
8187,1022
8188,1022
8189,1022
8190,1022
8191,1022
8192,1022
8193,1022
8194,1022
8195,1022
8196,1022
8197,0
8198,0
8199,0
8200,0
8201,0
8202,0
8203,0
8204,0
8205,0
8206,0
8207,0
8208,1022
8209,1022
8210,1022
8211,1022
8212,1022
8213,1022
8214,1022
8215,1022
8216,1022
8217,1022
8218,0
8219,0
8220,0
8221,0
8222,0
8223,0
8224,0
8225,0
8226,0
8227,0
8228,0
8229,1022
8230,1021
8231,1022
8232,1021
8233,1021
8234,1022
8235,1022
8236,1021
8237,1022
8238,1021
8239,0
8240,0
8241,0
8242,0
8243,0
8244,0
8245,0
8246,0
8247,0
8248,0
8249,0
8250,1021
8251,1022
8252,1022
8253,1022
8254,1022
8255,1022
8256,1022
8257,1022
8258,1022
8259,1022
8260,1022
8261,0
8262,0
8263,0
8264,0
8265,0
8266,0
8267,0
8268,0
8269,0
8270,0
8271,1022
8272,1022
8273,1022
8274,1022
8275,1022
8276,1022
8277,1022
8278,1022
8279,1022
8280,1022
8281,1022
8282,0
8283,0
8284,0
8285,0
8286,0
8287,0
8288,0
8289,0
8290,0
8291,0
8292,0
8293,1022
8294,1022
8295,1022
8296,1022
8297,1022
8298,1022
8299,1022
8300,1022
8301,1022
8302,1022
8303,0
8304,0
8305,0
8306,0
8307,0
8308,0
8309,0
8310,0
8311,0
8312,0
8313,0
8314,1021
8315,1022
8316,1021
8317,1022
8318,1022
8319,1022
8320,1022
8321,1022
8322,1022
8323,1022
8324,0
8325,0
8326,0
8327,0
8328,0
8329,0
8330,0
8331,0
8332,0
8333,0
8334,0
8335,1022
8336,1022
8337,1022
8338,1022
8339,1022
8340,1022
8341,1022
8342,1022
8343,1022
8344,1022
8345,1022
8346,0
8347,0
8348,0
8349,0
8350,0
8351,0
8352,0
8353,0
8354,0
8355,0
8356,1022
8357,1022
8358,1022
8359,1022
8360,1022
8361,1022
8362,1022
8363,1022
8364,1022
8365,1022
8366,1022
8367,0
8368,0
8369,0
8370,0
8371,0
8372,0
8373,0
8374,0
8375,0
8376,0
8377,0
8378,1022
8379,1022
8380,1022
8381,1022
8382,1022
8383,1022
8384,1022
8385,1022
8386,1022
8387,1021
8388,0
8389,0
8390,0
8391,0
8392,0
8393,0
8394,0
8395,0
8396,0
8397,0
8398,0
8399,1022
8400,1022
8401,1022
8402,1022
8403,1022
8404,1022
8405,1022
8406,1022
8407,1022
8408,1022
8409,0
8410,0
8411,0
8412,0
8413,0
8414,0
8415,0
8416,0
8417,0
8418,0
8419,0
8420,1022
8421,1022
8422,1022
8423,1022
8424,1022
8425,1022
8426,1022
8427,1022
8428,1022
8429,1022
8430,1022
8431,0
8432,0
8433,0
8434,0
8435,0
8436,0
8437,0
8438,0
8439,0
8440,0
8441,1022
8442,1022
8443,1022
8444,1022
8445,1022
8446,1022
8447,1022
8448,1021
8449,1022
8450,1022
8451,1022
8452,0
8453,0
8454,0
8455,0
8456,0
8457,0
8458,0
8459,0
8460,0
8461,0
8462,0
8463,1022
8464,1021
8465,1021
8466,1021
8467,1021
8468,1022
8469,1021
8470,1022
8471,1022
8472,1022
8473,0
8474,0
8475,0
8476,0
8477,0
8478,0
8479,0
8480,0
8481,0
8482,0
8483,0
8484,1022
8485,1022
8486,1022
8487,1022
8488,1022
8489,1022
8490,1022
8491,1021
8492,1022
8493,1022
8494,0
8495,0
8496,0
8497,0
8498,0
8499,0
8500,0
8501,0
8502,0
8503,0
8504,0
8505,1022
8506,1022
8507,1022
8508,1022
8509,1022
8510,1022
8511,1022
8512,1022
8513,1022
8514,1022
8515,1022
8516,0
8517,0
8518,0
8519,0
8520,0
8521,0
8522,0
8523,0
8524,0
8525,0
8526,1022
8527,1022
8528,1022
8529,1022
8530,1022
8531,1022
8532,1022
8533,1022
8534,1022
8535,1022
8536,1022
8537,0
8538,0
8539,0
8540,0
8541,0
8542,0
8543,0
8544,0
8545,0
8546,0
8547,0
8548,1022
8549,1022
8550,1022
8551,1022
8552,1022
8553,1021
8554,1022
8555,1022
8556,1022
8557,1022
8558,0
8559,0
8560,0
8561,0
8562,0
8563,0
8564,0
8565,0
8566,0
8567,0
8568,0
8569,1022
8570,1022
8571,1022
8572,1022
8573,1022
8574,1022
8575,1022
8576,1022
8577,1022
8578,1022
8579,0
8580,0
8581,0
8582,0
8583,0
8584,0
8585,0
8586,0
8587,0
8588,0
8589,0
8590,1022
8591,1022
8592,1022
8593,1022
8594,1022
8595,1022
8596,1022
8597,1022
8598,1022
8599,1022
8600,1022
8601,0
8602,0
8603,0
8604,0
8605,0
8606,0
8607,0
8608,0
8609,0
8610,0
8611,1022
8612,1021
8613,1022
8614,1021
8615,1022
8616,1021
8617,1021
8618,1022
8619,1022
8620,1022
8621,1022
8622,0
8623,0
8624,0
8625,0
8626,0
8627,0
8628,0
8629,0
8630,0
8631,0
8632,0
8633,1022
8634,1022
8635,1021
8636,1022
8637,1022
8638,1022
8639,1022
8640,1022
8641,1022
8642,1022
8643,0
8644,0
8645,0
8646,0
8647,0
8648,0
8649,0
8650,0
8651,0
8652,0
8653,0
8654,1022
8655,1022
8656,1022
8657,1022
8658,1022
8659,1022
8660,1022
8661,1022
8662,1022
8663,1022
8664,0
8665,0
8666,0
8667,0
8668,0
8669,0
8670,0
8671,0
8672,0
8673,0
8674,0
8675,1022
8676,1022
8677,1022
8678,1022
8679,1022
8680,1022
8681,1022
8682,1022
8683,1022
8684,1021
8685,1022
8686,0
8687,0
8688,0
8689,0
8690,0
8691,0
8692,0
8693,0
8694,0
8695,0
8696,1021
8697,1022
8698,1022
8699,1022
8700,1022
8701,1022
8702,1022
8703,1022
8704,1022
8705,1022
8706,1022
8707,0
8708,0
8709,0
8710,0
8711,0
8712,0
8713,0
8714,0
8715,0
8716,0
8717,0
8718,1021
8719,1022
8720,1022
8721,1022
8722,1022
8723,1022
8724,1022
8725,1023
8726,1022
8727,1022
8728,0
8729,0
8730,0
8731,0
8732,0
8733,0
8734,0
8735,0
8736,0
8737,0
8738,0
8739,1022
8740,1022
8741,1022
8742,1022
8743,1022
8744,1022
8745,1022
8746,1022
8747,1022
8748,1022
8749,0
8750,0
8751,0
8752,0
8753,0
8754,0
8755,0
8756,0
8757,0
8758,0
8759,0
8760,1022
8761,1022
8762,1022
8763,1022
8764,1021
8765,1023
8766,1022
8767,1021
8768,1023
8769,1021
8770,1022
8771,0
8772,0
8773,0
8774,0
8775,0
8776,0
8777,0
8778,0
8779,0
8780,0
8781,1022
8782,1022
8783,1022
8784,1022
8785,1022
8786,1022
8787,1022
8788,1022
8789,1022
8790,1022
8791,1022
8792,0
8793,0
8794,0
8795,0
8796,0
8797,0
8798,0
8799,0
8800,0
8801,0
8802,0
8803,1022
8804,1022
8805,1022
8806,1022
8807,1021
8808,1022
8809,1022
8810,1022
8811,1022
8812,1022
8813,0
8814,0
8815,0
8816,0
8817,0
8818,0
8819,0
8820,0
8821,0
8822,0
8823,0
8824,1022
8825,1022
8826,1022
8827,1022
8828,1022
8829,1022
8830,1022
8831,1022
8832,1022
8833,1022
8834,0
8835,0
8836,0
8837,0
8838,0
8839,0
8840,0
8841,0
8842,0
8843,0
8844,0
8845,1022
8846,1021
8847,1022
8848,1022
8849,1022
8850,1022
8851,1022
8852,1022
8853,1022
8854,1022
8855,1022
8856,0
8857,0
8858,0
8859,0
8860,0
8861,0
8862,0
8863,0
8864,0
8865,0
8866,1022
8867,1022
8868,1022
8869,1022
8870,1022
8871,1022
8872,1022
8873,1022
8874,1022
8875,1022
8876,1022
8877,0
8878,0
8879,0
8880,0
8881,0
8882,0
8883,0
8884,0
8885,0
8886,0
8887,0
8888,1022
8889,1022
8890,1022
8891,1022
8892,1022
8893,1022
8894,1022
8895,1022
8896,1022
8897,1022
8898,0
8899,0
8900,0
8901,0
8902,0
8903,0
8904,0
8905,0
8906,0
8907,0
8908,0
8909,1022
8910,1022
8911,1022
8912,1022
8913,1022
8914,1022
8915,1022
8916,1022
8917,1022
8918,1022
8919,0
8920,0
8921,0
8922,0
8923,0
8924,0
8925,0
8926,0
8927,0
8928,0
8929,0
8930,1022
8931,1022
8932,1022
8933,1022
8934,1021
8935,1022
8936,1022
8937,1022
8938,1022
8939,1022
8940,1022
8941,0
8942,0
8943,0
8944,0
8945,0
8946,0
8947,0
8948,0
8949,0
8950,0
8951,1022
8952,1022
8953,1022
8954,1022
8955,1022
8956,1022
8957,1022
8958,1022
8959,1022
8960,1022
8961,1022
8962,0
8963,0
8964,0
8965,0
8966,0
8967,0
8968,0
8969,0
8970,0
8971,0
8972,0
8973,1022
8974,1022
8975,1022
8976,1022
8977,1022
8978,1022
8979,1022
8980,1022
8981,1022
8982,1022
8983,0
8984,0
8985,0
8986,0
8987,0
8988,0
8989,0
8990,0
8991,0
8992,0
8993,0
8994,1022
8995,1022
8996,1021
8997,1021
8998,1021
8999,1021
9000,1021
9001,1022
9002,1022
9003,1022
9004,0
9005,0
9006,0
9007,0
9008,0
9009,0
9010,0
9011,0
9012,0
9013,0
9014,0
9015,1022
9016,1022
9017,1022
9018,1022
9019,1022
9020,1022
9021,1022
9022,1022
9023,1022
9024,1022
9025,1022
9026,0
9027,0
9028,0
9029,0
9030,0
9031,0
9032,0
9033,0
9034,0
9035,0
9036,1022
9037,1022
9038,1022
9039,1021
9040,1022
9041,1022
9042,1022
9043,1022
9044,1022
9045,1022
9046,1022
9047,0
9048,0
9049,0
9050,0
9051,0
9052,0
9053,0
9054,0
9055,0
9056,0
9057,0
9058,1022
9059,1022
9060,1022
9061,1022
9062,1022
9063,1022
9064,1022
9065,1022
9066,1023
9067,1022
9068,0
9069,0
9070,0
9071,0
9072,0
9073,0
9074,0
9075,0
9076,0
9077,0
9078,0
9079,1022
9080,1022
9081,1022
9082,1022
9083,1022
9084,1022
9085,1022
9086,1022
9087,1022
9088,1022
9089,0
9090,0
9091,0
9092,0
9093,0
9094,0
9095,0
9096,0
9097,0
9098,0
9099,0
9100,1022
9101,1021
9102,1022
9103,1022
9104,1022
9105,1022
9106,1022
9107,1022
9108,1022
9109,1022
9110,1022
9111,0
9112,0
9113,0
9114,0
9115,0
9116,0
9117,0
9118,0
9119,0
9120,0
9121,1022
9122,1022
9123,1022
9124,1022
9125,1022
9126,1022
9127,1022
9128,1022
9129,1022
9130,1022
9131,1022
9132,0
9133,0
9134,0
9135,0
9136,0
9137,0
9138,0
9139,0
9140,0
9141,0
9142,1022
9143,1022
9144,1022
9145,1022
9146,1022
9147,1021
9148,1021
9149,1021
9150,1021
9151,1021
9152,1021
9153,0
9154,0
9155,0
9156,0
9157,0
9158,0
9159,0
9160,0
9161,0
9162,0
9163,0
9164,1022
9165,1022
9166,1022
9167,1022
9168,1022
9169,1022
9170,1022
9171,1022
9172,1022
9173,1022
9174,0
9175,0
9176,0
9177,0
9178,0
9179,0
9180,0
9181,0
9182,0
9183,0
9184,0
9185,1022
9186,1022
9187,1022
9188,1022
9189,1022
9190,1022
9191,1022
9192,1022
9193,1022
9194,1021
9195,1022
9196,0
9197,0
9198,0
9199,0
9200,0
9201,0
9202,0
9203,0
9204,0
9205,0
9206,1022
9207,1022
9208,1022
9209,1022
9210,1022
9211,1022
9212,1022
9213,1022
9214,1022
9215,1022
9216,1022
9217,0
9218,0
9219,0
9220,0
9221,0
9222,0
9223,0
9224,0
9225,0
9226,0
9227,1022
9228,1022
9229,1022
9230,1022
9231,1022
9232,1022
9233,1022
9234,1022
9235,1022
9236,1022
9237,1022
9238,0
9239,0
9240,0
9241,0
9242,0
9243,0
9244,0
9245,0
9246,0
9247,0
9248,0
9249,1022
9250,1021
9251,1022
9252,1022
9253,1022
9254,1021
9255,1022
9256,1022
9257,1022
9258,1022
9259,0
9260,0
9261,0
9262,0
9263,0
9264,0
9265,0
9266,0
9267,0
9268,0
9269,0
9270,1022
9271,1022
9272,1022
9273,1022
9274,1022
9275,1022
9276,1022
9277,1022
9278,1022
9279,1022
9280,1022
9281,0
9282,0
9283,0
9284,0
9285,0
9286,0
9287,0
9288,0
9289,0
9290,0
9291,1022
9292,1022
9293,1022
9294,1022
9295,1022
9296,1022
9297,1022
9298,1022
9299,1021
9300,1022
9301,1022
9302,0
9303,0
9304,0
9305,0
9306,0
9307,0
9308,0
9309,0
9310,0
9311,0
9312,1022
9313,1022
9314,1021
9315,1022
9316,1022
9317,1022
9318,1022
9319,1022
9320,1022
9321,1022
9322,1022
9323,0
9324,0
9325,0
9326,0
9327,0
9328,0
9329,0
9330,0
9331,0
9332,0
9333,0
9334,1022
9335,1022
9336,1022
9337,1022
9338,1022
9339,1022
9340,1022
9341,1022
9342,1022
9343,1022
9344,0
9345,0
9346,0
9347,0
9348,0
9349,0
9350,0
9351,0
9352,0
9353,0
9354,0
9355,1022
9356,1022
9357,1022
9358,1022
9359,1022
9360,1022
9361,1022
9362,1022
9363,1022
9364,1022
9365,1022
9366,0
9367,0
9368,0
9369,0
9370,0
9371,0
9372,0
9373,0
9374,0
9375,0
9376,1021
9377,1023
9378,1022
9379,1021
9380,1022
9381,1022
9382,1023
9383,1022
9384,1022
9385,1022
9386,1022
9387,0
9388,0
9389,0
9390,0
9391,0
9392,0
9393,0
9394,0
9395,0
9396,0
9397,1021
9398,1021
9399,1022
9400,1022
9401,1022
9402,1022
9403,1022
9404,1022
9405,1022
9406,1021
9407,1022
9408,0
9409,0
9410,0
9411,0
9412,0
9413,0
9414,0
9415,0
9416,0
9417,0
9418,0
9419,1022
9420,1022
9421,1022
9422,1021
9423,1022
9424,1022
9425,1022
9426,1022
9427,1022
9428,1022
9429,0
9430,0
9431,0
9432,0
9433,0
9434,0
9435,0
9436,0
9437,0
9438,0
9439,0
9440,1022
9441,1022
9442,1022
9443,1022
9444,1022
9445,1022
9446,1022
9447,1022
9448,1022
9449,1021
9450,1021
9451,0
9452,0
9453,0
9454,0
9455,0
9456,0
9457,0
9458,0
9459,0
9460,0
9461,1022
9462,1022
9463,1022
9464,1022
9465,1022
9466,1022
9467,1022
9468,1022
9469,1022
9470,1022
9471,1022
9472,0
9473,0
9474,0
9475,0
9476,0
9477,0
9478,0
9479,0
9480,0
9481,0
9482,1021
9483,1022
9484,1022
9485,1022
9486,1022
9487,1022
9488,1022
9489,1022
9490,1022
9491,1022
9492,1022
9493,0
9494,0
9495,0
9496,0
9497,0
9498,0
9499,0
9500,0
9501,0
9502,0
9503,0
9504,1022
9505,1022
9506,1022
9507,1022
9508,1021
9509,1022
9510,1022
9511,1022
9512,1022
9513,1021
9514,0
9515,0
9516,0
9517,0
9518,0
9519,0
9520,0
9521,0
9522,0
9523,0
9524,0
9525,1022
9526,1022
9527,1022
9528,1022
9529,1022
9530,1022
9531,1022
9532,1021
9533,1021
9534,1021
9535,1022
9536,0
9537,0
9538,0
9539,0
9540,0
9541,0
9542,0
9543,0
9544,0
9545,0
9546,1021
9547,1022
9548,1022
9549,1021
9550,1022
9551,1022
9552,1022
9553,1021
9554,1022
9555,1021
9556,1022
9557,0
9558,0
9559,0
9560,0
9561,0
9562,0
9563,0
9564,0
9565,0
9566,0
9567,1022
9568,1022
9569,1021
9570,1022
9571,1022
9572,1022
9573,1022
9574,1022
9575,1022
9576,1022
9577,1022
9578,0
9579,0
9580,0
9581,0
9582,0
9583,0
9584,0
9585,0
9586,0
9587,0
9588,0
9589,1022
9590,1022
9591,1021
9592,1022
9593,1021
9594,1022
9595,1021
9596,1022
9597,1021
9598,1022
9599,0
9600,0
9601,0
9602,0
9603,0
9604,0
9605,0
9606,0
9607,0
9608,0
9609,0
9610,1022
9611,1021
9612,1022
9613,1022
9614,1022
9615,1022
9616,1022
9617,1022
9618,1022
9619,1021
9620,1022
9621,0
9622,0
9623,0
9624,0
9625,0
9626,0
9627,0
9628,0
9629,0
9630,0
9631,1022
9632,1022
9633,1022
9634,1022
9635,1022
9636,1022
9637,1022
9638,1022
9639,1022
9640,1022
9641,1022
9642,0
9643,0
9644,0
9645,0
9646,0
9647,0
9648,0
9649,0
9650,0
9651,0
9652,1022
9653,1022
9654,1022
9655,1022
9656,1021
9657,1022
9658,1022
9659,1022
9660,1022
9661,1022
9662,1023
9663,0
9664,0
9665,0
9666,0
9667,0
9668,0
9669,0
9670,0
9671,0
9672,0
9673,0
9674,1022
9675,1022
9676,1022
9677,1021
9678,1022
9679,1022
9680,1022
9681,1021
9682,1022
9683,1022
9684,0
9685,0
9686,0
9687,0
9688,0
9689,0
9690,0
9691,0
9692,0
9693,0
9694,0
9695,1022
9696,1022
9697,1022
9698,1021
9699,1022
9700,1022
9701,1022
9702,1022
9703,1021
9704,1022
9705,1022
9706,0
9707,0
9708,0
9709,0
9710,0
9711,0
9712,0
9713,0
9714,0
9715,0
9716,1021
9717,1022
9718,1022
9719,1022
9720,1022
9721,1022
9722,1022
9723,1022
9724,1022
9725,1022
9726,1022
9727,0
9728,0
9729,0
9730,0
9731,0
9732,0
9733,0
9734,0
9735,0
9736,0
9737,1021
9738,1022
9739,1022
9740,1022
9741,1022
9742,1021
9743,1022
9744,1022
9745,1022
9746,1022
9747,1021
9748,0
9749,0
9750,0
9751,0
9752,0
9753,0
9754,0
9755,0
9756,0
9757,0
9758,0
9759,1023
9760,1022
9761,1022
9762,1022
9763,1022
9764,1022
9765,1022
9766,1022
9767,1021
9768,1022
9769,0
9770,0
9771,0
9772,0
9773,0
9774,0
9775,0
9776,0
9777,0
9778,0
9779,0
9780,1022
9781,1022
9782,1022
9783,1022
9784,1022
9785,1022
9786,1022
9787,1022
9788,1021
9789,1022
9790,1022
9791,0
9792,0
9793,0
9794,0
9795,0
9796,0
9797,0
9798,0
9799,0
9800,0
9801,1022
9802,1022
9803,1022
9804,1022
9805,1022
9806,1022
9807,1022
9808,1022
9809,1022
9810,1022
9811,1022
9812,0
9813,0
9814,0
9815,0
9816,0
9817,0
9818,0
9819,0
9820,0
9821,0
9822,1022
9823,1022
9824,1022
9825,1021
9826,1022
9827,1022
9828,1022
9829,1022
9830,1023
9831,1022
9832,1022
9833,0
9834,0
9835,0
9836,0
9837,0
9838,0
9839,0
9840,0
9841,0
9842,0
9843,0
9844,1022
9845,1021
9846,1022
9847,1022
9848,1022
9849,1022
9850,1022
9851,1022
9852,1022
9853,1022
9854,0
9855,0
9856,0
9857,0
9858,0
9859,0
9860,0
9861,0
9862,0
9863,0
9864,0
9865,1022
9866,1021
9867,1022
9868,1022
9869,1022
9870,1022
9871,1022
9872,1022
9873,1022
9874,1022
9875,1023
9876,0
9877,0
9878,0
9879,0
9880,0
9881,0
9882,0
9883,0
9884,0
9885,0
9886,1022
9887,1021
9888,1022
9889,1022
9890,1022
9891,1022
9892,1021
9893,1022
9894,1022
9895,1022
9896,1022
9897,0
9898,0
9899,0
9900,0
9901,0
9902,0
9903,0
9904,0
9905,0
9906,0
9907,1022
9908,1022
9909,1022
9910,1022
9911,1022
9912,1022
9913,1022
9914,1022
9915,1021
9916,1021
9917,1022
9918,0
9919,0
9920,0
9921,0
9922,0
9923,0
9924,0
9925,0
9926,0
9927,0
9928,0
9929,1022
9930,1023
9931,1022
9932,1022
9933,1022
9934,1022
9935,1022
9936,1022
9937,1022
9938,1022
9939,0
9940,0
9941,0
9942,0
9943,0
9944,0
9945,0
9946,0
9947,0
9948,0
9949,0
9950,1022
9951,1022
9952,1022
9953,1022
9954,1022
9955,1022
9956,1022
9957,1022
9958,1022
9959,1022
9960,1022
9961,0
9962,0
9963,0
9964,0
9965,0
9966,0
9967,0
9968,0
9969,0
9970,0
9971,1022
9972,1022
9973,1022
9974,1022
9975,1022
9976,1022
9977,1022
9978,1022
9979,1022
9980,1023
9981,1022
9982,0
9983,0
9984,0
9985,0
9986,0
9987,0
9988,0
9989,0
9990,0
9991,0
9992,1022
9993,1022
9994,1022
9995,1022
9996,1022
9997,1022
9998,1022
9999,1022
10000,1022
