1,1022
2,0
3,1022
4,0
5,1022
6,0
7,1022
8,0
9,1022
10,0
11,1022
12,0
13,1022
14,0
15,1022
16,0
17,1022
18,0
19,1022
20,1021
21,0
22,1021
23,0
24,1022
25,0
26,1022
27,0
28,1022
29,0
30,1022
31,0
32,1022
33,0
34,1022
35,0
36,1022
37,0
38,1022
39,0
40,1022
41,0
42,1022
43,0
44,1022
45,0
46,1022
47,0
48,1022
49,0
50,55
51,1022
52,0
53,1022
54,0
55,1022
56,0
57,1022
58,0
59,1022
60,0
61,1022
62,0
63,1021
64,0
65,1022
66,0
67,1021
68,0
69,1022
70,0
71,1022
72,0
73,1022
74,0
75,1022
76,0
77,1022
78,0
79,1023
80,999
81,0
82,1022
83,0
84,1022
85,0
86,1022
87,0
88,1021
89,0
90,1022
91,0
92,1022
93,0
94,1022
95,0
96,1022
97,0
98,1022
99,0
100,1022
101,0
102,1022
103,0
104,1022
105,0
106,1022
107,0
108,1021
109,0
110,1022
111,1022
112,0
113,1022
114,0
115,1022
116,0
117,1022
118,0
119,1022
120,0
121,1022
122,0
123,1022
124,0
125,1022
126,0
127,1022
128,0
129,1022
130,0
131,1022
132,0
133,1022
134,0
135,1022
136,0
137,1022
138,0
139,1022
140,0
141,0
142,1021
143,0
144,1021
145,0
146,1022
147,0
148,1022
149,0
150,1022
151,0
152,1022
153,0
154,1022
155,0
156,1022
157,0
158,1022
159,0
160,1022
161,0
162,1022
163,0
164,1022
165,0
166,1022
167,0
168,1022
169,0
170,1022
171,1022
172,0
173,1022
174,0
175,1022
176,0
177,1022
178,0
179,1022
180,0
181,1022
182,0
183,1022
184,0
185,1022
186,0
187,1022
188,0
189,1022
190,0
191,1022
192,0
193,1022
194,0
195,1022
196,0
197,1022
198,0
199,1022
200,0
201,1022
202,1022
203,0
204,1021
205,0
206,1022
207,0
208,1022
209,0
210,1022
211,0
212,1022
213,0
214,1022
215,0
216,1021
217,0
218,1021
219,0
220,1022
221,0
222,1022
223,0
224,1022
225,0
226,1022
227,0
228,1022
229,0
230,1022
231,0
232,0
233,1022
234,0
235,1022
236,0
237,1021
238,0
239,1021
240,0
241,1022
242,0
243,1022
244,0
245,1022
246,0
247,1022
248,0
249,1022
250,0
251,1022
252,0
253,1022
254,0
255,1022
256,0
257,1022
258,0
259,1022
260,0
261,1022
262,1022
263,0
264,1022
265,0
266,1022
267,0
268,1022
269,0
270,1022
271,0
272,1021
273,0
274,1022
275,0
276,1022
277,0
278,1022
279,0
280,1022
281,0
282,1022
283,0
284,1022
285,0
286,1022
287,0
288,1021
289,0
290,1022
291,0
292,0
293,1022
294,0
295,1022
296,0
297,1022
298,0
299,1021
300,0
301,1022
302,0
303,1022
304,0
305,1022
306,0
307,1021
308,0
309,1022
310,0
311,1022
312,0
313,1022
314,0
315,1022
316,0
317,1022
318,0
319,1022
320,0
321,1022
322,1005
323,0
324,1022
325,0
326,1022
327,0
328,1022
329,0
330,1022
331,0
332,1022
333,0
334,1022
335,0
336,1022
337,0
338,1022
339,0
340,1022
341,0
342,1022
343,0
344,1022
345,0
346,1022
347,0
348,1022
349,0
350,1022
351,0
352,1022
353,1022
354,0
355,1022
356,0
357,1022
358,0
359,1022
360,0
361,1022
362,0
363,1022
364,0
365,1023
366,0
367,1022
368,0
369,1022
370,0
371,1021
372,0
373,1022
374,0
375,1022
376,0
377,1022
378,0
379,1021
380,0
381,1022
382,0
383,0
384,1022
385,0
386,1022
387,0
388,1022
389,0
390,1022
391,0
392,1022
393,0
394,1022
395,0
396,1022
397,0
398,1022
399,0
400,1022
401,0
402,1022
403,0
404,1022
405,0
406,1022
407,0
408,1022
409,0
410,1022
411,0
412,1022
413,1006
414,0
415,1021
416,0
417,1022
418,0
419,1022
420,0
421,1022
422,0
423,1022
424,0
425,1022
426,0
427,1022
428,0
429,1022
430,0
431,1022
432,0
433,1022
434,0
435,1022
436,0
437,1022
438,0
439,1021
440,0
441,1021
442,0
443,1022
444,1022
445,0
446,1022
447,0
448,1022
449,0
450,1021
451,0
452,1021
453,0
454,1022
455,0
456,1022
457,0
458,1022
459,0
460,1022
461,0
462,1022
463,0
464,1022
465,0
466,1022
467,0
468,1022
469,0
470,1021
471,0
472,1022
473,0
474,0
475,1022
476,0
477,1022
478,0
479,1022
480,0
481,1022
482,0
483,1022
484,0
485,1022
486,0
487,1022
488,0
489,1022
490,0
491,1022
492,0
493,1021
494,0
495,1022
496,0
497,1022
498,0
499,1022
500,0
501,1022
502,0
503,1022
504,1022
505,0
506,1022
507,0
508,1022
509,0
510,1022
511,0
512,1022
513,0
514,1022
515,0
516,1022
517,0
518,1022
519,0
520,1021
521,0
522,1021
523,0
524,1022
525,0
526,1021
527,0
528,1022
529,0
530,1022
531,0
532,1022
533,0
534,56
535,1022
536,0
537,1022
538,0
539,1022
540,0
541,1021
542,0
543,1021
544,0
545,1021
546,0
547,1021
548,0
549,1021
550,0
551,1022
552,0
553,1022
554,0
555,1022
556,0
557,1022
558,0
559,1022
560,0
561,1022
562,0
563,1022
564,0
565,0
566,1022
567,0
568,1022
569,0
570,1022
571,0
572,1022
573,0
574,1022
575,0
576,1021
577,0
578,1022
579,0
580,1022
581,0
582,1022
583,0
584,1022
585,0
586,1022
587,0
588,1022
589,0
590,1022
591,0
592,1022
593,0
594,1022
595,1022
596,0
597,1022
598,0
599,1022
600,0
601,1022
602,0
603,1022
604,0
605,1022
606,0
607,1022
608,0
609,1022
610,0
611,1022
612,0
613,1022
614,0
615,1022
616,0
617,1022
618,0
619,1022
620,0
621,1022
622,0
623,1021
624,0
625,0
626,1022
627,0
628,1021
629,0
630,1022
631,0
632,1022
633,0
634,1022
635,0
636,1022
637,0
638,1022
639,0
640,1022
641,0
642,1022
643,0
644,1022
645,0
646,1022
647,0
648,1022
649,0
650,1022
651,0
652,1022
653,0
654,1022
655,999
656,0
657,1022
658,0
659,1022
660,0
661,1022
662,0
663,1022
664,0
665,1022
666,0
667,1022
668,0
669,1022
670,0
671,1021
672,0
673,1021
674,0
675,1021
676,0
677,1021
678,0
679,1022
680,0
681,1021
682,0
683,1022
684,0
685,81
686,1022
687,0
688,1022
689,0
690,1023
691,0
692,1022
693,0
694,1022
695,0
696,1022
697,0
698,1022
699,0
700,1022
701,0
702,1022
703,0
704,1021
705,0
706,1022
707,0
708,1022
709,0
710,1022
711,0
712,1022
713,0
714,1022
715,0
716,0
717,1022
718,0
719,1022
720,0
721,1022
722,0
723,1022
724,0
725,1022
726,0
727,1022
728,0
729,1022
730,0
731,1022
732,0
733,1022
734,0
735,1022
736,0
737,1022
738,0
739,1022
740,0
741,1022
742,0
743,1022
744,0
745,1022
746,1021
747,0
748,1021
749,0
750,1021
751,0
752,1021
753,0
754,1022
755,0
756,1021
757,0
758,1022
759,0
760,1022
761,0
762,1022
763,0
764,1022
765,0
766,1022
767,0
768,1022
769,0
770,1022
771,0
772,1021
773,0
774,1022
775,0
776,56
777,1021
778,0
779,1022
780,0
781,1023
782,0
783,1021
784,0
785,1021
786,0
787,1022
788,0
789,1022
790,0
791,1022
792,0
793,1022
794,0
795,1021
796,0
797,1022
798,0
799,1022
800,0
801,1022
802,0
803,1022
804,0
805,1022
806,0
807,0
808,1022
809,0
810,1022
811,0
812,1022
813,0
814,1022
815,0
816,1022
817,0
818,1022
819,0
820,1021
821,0
822,1022
823,0
824,1022
825,0
826,1022
827,0
828,1022
829,0
830,1021
831,0
832,1021
833,0
834,1022
835,0
836,1022
837,1022
838,0
839,1022
840,0
841,1022
842,0
843,1022
844,0
845,1022
846,0
847,1021
848,0
849,1022
850,0
851,1021
852,0
853,1022
854,0
855,1022
856,0
857,1022
858,0
859,1022
860,0
861,1022
862,0
863,1022
864,0
865,1022
866,0
867,0
868,1021
869,0
870,1022
871,0
872,1022
873,0
874,1022
875,0
876,1022
877,0
878,1022
879,0
880,1022
881,0
882,1022
883,0
884,1022
885,0
886,1022
887,0
888,1022
889,0
890,1022
891,0
892,1022
893,0
894,1022
895,0
896,1022
897,1022
898,0
899,1022
900,0
901,1022
902,0
903,1022
904,0
905,1022
906,0
907,1021
908,0
909,1022
910,0
911,1022
912,0
913,1022
914,0
915,1022
916,0
917,1022
918,0
919,1022
920,0
921,1022
922,0
923,1021
924,0
925,1021
926,0
927,80
928,1021
929,0
930,1022
931,0
932,1022
933,0
934,1022
935,0
936,1021
937,0
938,1022
939,0
940,1022
941,0
942,1022
943,0
944,1022
945,0
946,1022
947,0
948,1021
949,0
950,1022
951,0
952,1022
953,0
954,1022
955,0
956,1022
957,0
958,0
959,1022
960,0
961,1022
962,0
963,1022
964,0
965,1022
966,0
967,1022
968,0
969,1022
970,0
971,1022
972,0
973,1022
974,0
975,1021
976,0
977,1021
978,0
979,1021
980,0
981,1023
982,0
983,1021
984,0
985,1022
986,0
987,1022
988,1021
989,0
990,1022
991,0
992,1022
993,0
994,1022
995,0
996,1022
997,0
998,1022
999,0
1000,1022
1001,0
1002,1022
1003,0
1004,1022
1005,0
1006,1022
1007,0
1008,1022
1009,0
1010,1022
1011,0
1012,1022
1013,0
1014,1022
1015,0
1016,1022
1017,0
1018,55
1019,1022
1020,0
1021,1022
1022,0
1023,1022
1024,0
1025,1022
1026,0
1027,1022
1028,0
1029,1022
1030,0
1031,1022
1032,0
1033,1022
1034,0
1035,1022
1036,0
1037,1022
1038,0
1039,1022
1040,0
1041,1022
1042,0
1043,1022
1044,0
1045,1022
1046,0
1047,1022
1048,0
1049,0
1050,1022
1051,0
1052,1022
1053,0
1054,1022
1055,0
1056,1021
1057,0
1058,1022
1059,0
1060,1021
1061,0
1062,1021
1063,0
1064,1022
1065,0
1066,1022
1067,0
1068,1022
1069,0
1070,1022
1071,0
1072,1022
1073,0
1074,1022
1075,0
1076,1021
1077,0
1078,1022
1079,1021
1080,0
1081,1022
1082,0
1083,1022
1084,0
1085,1022
1086,0
1087,1022
1088,0
1089,1022
1090,0
1091,1022
1092,0
1093,1022
1094,0
1095,1022
1096,0
1097,1022
1098,0
1099,1022
1100,0
1101,1022
1102,0
1103,1022
1104,0
1105,1022
1106,0
1107,1022
1108,0
1109,0
1110,1021
1111,0
1112,1022
1113,0
1114,1021
1115,0
1116,1022
1117,0
1118,1022
1119,0
1120,1021
1121,0
1122,1022
1123,0
1124,1022
1125,0
1126,1022
1127,0
1128,1022
1129,0
1130,1022
1131,0
1132,1021
1133,0
1134,1022
1135,0
1136,1022
1137,0
1138,1022
1139,1006
1140,0
1141,1022
1142,0
1143,1022
1144,0
1145,1022
1146,0
1147,1022
1148,0
1149,1022
1150,0
1151,1022
1152,0
1153,1021
1154,0
1155,1022
1156,0
1157,1022
1158,0
1159,1022
1160,0
1161,1022
1162,0
1163,1022
1164,0
1165,1022
1166,0
1167,1022
1168,0
1169,1022
1170,1022
1171,0
1172,1022
1173,0
1174,1022
1175,0
1176,1022
1177,0
1178,1022
1179,0
1180,1022
1181,0
1182,1022
1183,0
1184,1022
1185,0
1186,1022
1187,0
1188,1022
1189,0
1190,1022
1191,0
1192,1022
1193,0
1194,1022
1195,0
1196,1022
1197,0
1198,1021
1199,0
1200,0
1201,1022
1202,0
1203,1022
1204,0
1205,1021
1206,0
1207,1021
1208,0
1209,1021
1210,0
1211,1022
1212,0
1213,1021
1214,0
1215,1022
1216,0
1217,1022
1218,0
1219,1022
1220,0
1221,1022
1222,0
1223,1022
1224,0
1225,1022
1226,0
1227,1022
1228,0
1229,1022
1230,1022
1231,0
1232,1022
1233,0
1234,1022
1235,0
1236,1022
1237,0
1238,1022
1239,0
1240,1022
1241,0
1242,1022
1243,0
1244,1022
1245,0
1246,1022
1247,0
1248,1022
1249,0
1250,1022
1251,0
1252,1022
1253,0
1254,1021
1255,0
1256,1022
1257,0
1258,1022
1259,0
1260,57
1261,1022
1262,0
1263,1022
1264,0
1265,1022
1266,0
1267,1022
1268,0
1269,1022
1270,0
1271,1022
1272,0
1273,1022
1274,0
1275,1022
1276,0
1277,1022
1278,0
1279,1022
1280,0
1281,1022
1282,0
1283,1022
1284,0
1285,1022
1286,0
1287,1021
1288,0
1289,1022
1290,1006
1291,0
1292,1022
1293,0
1294,1022
1295,0
1296,1022
1297,0
1298,1022
1299,0
1300,1022
1301,0
1302,1022
1303,0
1304,1022
1305,0
1306,1022
1307,0
1308,1022
1309,0
1310,1022
1311,0
1312,1022
1313,0
1314,1022
1315,0
1316,1022
1317,0
1318,1022
1319,0
1320,1022
1321,1021
1322,0
1323,1022
1324,0
1325,1022
1326,0
1327,1022
1328,0
1329,1022
1330,0
1331,1021
1332,0
1333,1022
1334,0
1335,1022
1336,0
1337,1022
1338,0
1339,1022
1340,0
1341,1022
1342,0
1343,1022
1344,0
1345,1022
1346,0
1347,1022
1348,0
1349,1022
1350,0
1351,0
1352,1022
1353,0
1354,1022
1355,0
1356,1022
1357,0
1358,1022
1359,0
1360,1022
1361,0
1362,1021
1363,0
1364,1021
1365,0
1366,1022
1367,0
1368,1021
1369,0
1370,1022
1371,0
1372,1022
1373,0
1374,1022
1375,0
1376,1022
1377,0
1378,1022
1379,0
1380,1023
1381,999
1382,0
1383,1022
1384,0
1385,1022
1386,0
1387,1022
1388,0
1389,1022
1390,0
1391,1021
1392,0
1393,1022
1394,0
1395,1022
1396,0
1397,1022
1398,0
1399,1022
1400,0
1401,1022
1402,0
1403,1022
1404,0
1405,1022
1406,0
1407,1022
1408,0
1409,1022
1410,0
1411,81
1412,1022
1413,0
1414,1022
1415,0
1416,1022
1417,0
1418,1022
1419,0
1420,1022
1421,0
1422,1022
1423,0
1424,1022
1425,0
1426,1022
1427,0
1428,1022
1429,0
1430,1022
1431,0
1432,1022
1433,0
1434,1022
1435,0
1436,1022
1437,0
1438,1022
1439,0
1440,1021
1441,0
1442,0
1443,1021
1444,0
1445,1022
1446,0
1447,1022
1448,0
1449,1022
1450,0
1451,1022
1452,0
1453,1022
1454,0
1455,1022
1456,0
1457,1022
1458,0
1459,1022
1460,0
1461,1021
1462,0
1463,1021
1464,0
1465,1022
1466,0
1467,1021
1468,0
1469,1022
1470,0
1471,1022
1472,1021
1473,0
1474,1022
1475,0
1476,1022
1477,0
1478,1022
1479,0
1480,1022
1481,0
1482,1022
1483,0
1484,1022
1485,0
1486,1022
1487,0
1488,1022
1489,0
1490,1022
1491,0
1492,1022
1493,0
1494,1022
1495,0
1496,1022
1497,0
1498,1022
1499,0
1500,1022
1501,0
1502,56
1503,1022
1504,0
1505,1022
1506,0
1507,1022
1508,0
1509,1022
1510,0
1511,1022
1512,0
1513,1022
1514,0
1515,1022
1516,0
1517,1022
1518,0
1519,1022
1520,0
1521,1022
1522,0
1523,1022
1524,0
1525,1022
1526,0
1527,1022
1528,0
1529,1022
1530,0
1531,1022
1532,0
1533,0
1534,1021
1535,0
1536,1022
1537,0
1538,1022
1539,0
1540,1022
1541,0
1542,1023
1543,0
1544,1022
1545,0
1546,1022
1547,0
1548,1022
1549,0
1550,1022
1551,0
1552,1022
1553,0
1554,1022
1555,0
1556,1022
1557,0
1558,1022
1559,0
1560,1022
1561,0
1562,1021
1563,1022
1564,0
1565,1022
1566,0
1567,1022
1568,0
1569,1022
1570,0
1571,1022
1572,0
1573,1022
1574,0
1575,1022
1576,0
1577,1022
1578,0
1579,1022
1580,0
1581,1022
1582,0
1583,1022
1584,0
1585,1022
1586,0
1587,1022
1588,0
1589,1022
1590,0
1591,1022
1592,0
1593,0
1594,1022
1595,0
1596,1022
1597,0
1598,1022
1599,0
1600,1022
1601,0
1602,1022
1603,0
1604,1022
1605,0
1606,1022
1607,0
1608,1022
1609,0
1610,1022
1611,0
1612,1022
1613,0
1614,1022
1615,0
1616,1022
1617,0
1618,1022
1619,0
1620,1022
1621,0
1622,1022
1623,1022
1624,0
1625,1022
1626,0
1627,1022
1628,0
1629,1022
1630,0
1631,1022
1632,0
1633,1022
1634,0
1635,1021
1636,0
1637,1022
1638,0
1639,1022
1640,0
1641,1022
1642,0
1643,1022
1644,0
1645,1022
1646,0
1647,1022
1648,0
1649,1022
1650,0
1651,1022
1652,0
1653,1022
1654,1021
1655,0
1656,1022
1657,0
1658,1022
1659,0
1660,1021
1661,0
1662,1022
1663,0
1664,1022
1665,0
1666,1022
1667,0
1668,1022
1669,0
1670,1022
1671,0
1672,1022
1673,0
1674,1022
1675,0
1676,1022
1677,0
1678,1022
1679,0
1680,1022
1681,0
1682,1022
1683,0
1684,0
1685,1022
1686,0
1687,1022
1688,0
1689,1022
1690,0
1691,1022
1692,0
1693,1022
1694,0
1695,1022
1696,0
1697,1022
1698,0
1699,1022
1700,0
1701,1022
1702,0
1703,1022
1704,0
1705,1022
1706,0
1707,1022
1708,0
1709,1022
1710,0
1711,1022
1712,0
1713,1022
1714,1022
1715,0
1716,1022
1717,0
1718,1022
1719,0
1720,1022
1721,0
1722,1022
1723,0
1724,1021
1725,0
1726,1022
1727,0
1728,1022
1729,0
1730,1022
1731,0
1732,1022
1733,0
1734,1022
1735,0
1736,1021
1737,0
1738,1022
1739,0
1740,1022
1741,0
1742,1022
1743,0
1744,56
1745,1022
1746,0
1747,1022
1748,0
1749,1022
1750,0
1751,1022
1752,0
1753,1022
1754,0
1755,1022
1756,0
1757,1022
1758,0
1759,1022
1760,0
1761,1022
1762,0
1763,1022
1764,0
1765,1022
1766,0
1767,1022
1768,0
1769,1021
1770,0
1771,1022
1772,0
1773,1022
1774,0
1775,0
1776,1022
1777,0
1778,1022
1779,0
1780,1022
1781,0
1782,1022
1783,0
1784,1022
1785,0
1786,1022
1787,0
1788,1022
1789,0
1790,1022
1791,0
1792,1022
1793,0
1794,1022
1795,0
1796,1022
1797,0
1798,1022
1799,0
1800,1022
1801,0
1802,1021
1803,0
1804,1022
1805,1022
1806,0
1807,1022
1808,0
1809,1022
1810,0
1811,1022
1812,0
1813,1021
1814,0
1815,1022
1816,0
1817,1022
1818,0
1819,1021
1820,0
1821,1022
1822,0
1823,1022
1824,0
1825,1022
1826,0
1827,1022
1828,0
1829,1022
1830,0
1831,1022
1832,0
1833,1022
1834,0
1835,0
1836,1021
1837,0
1838,1022
1839,0
1840,1022
1841,0
1842,1022
1843,0
1844,1022
1845,0
1846,1022
1847,0
1848,1023
1849,0
1850,1022
1851,0
1852,1022
1853,0
1854,1022
1855,0
1856,1022
1857,0
1858,1022
1859,0
1860,1022
1861,0
1862,1022
1863,0
1864,1022
1865,1006
1866,0
1867,1022
1868,0
1869,1022
1870,0
1871,1021
1872,0
1873,1022
1874,0
1875,1022
1876,0
1877,1021
1878,0
1879,1023
1880,0
1881,1022
1882,0
1883,1022
1884,0
1885,1022
1886,0
1887,1022
1888,0
1889,1022
1890,0
1891,1021
1892,0
1893,1022
1894,0
1895,1022
1896,1022
1897,0
1898,1022
1899,0
1900,1022
1901,0
1902,1022
1903,0
1904,1022
1905,0
1906,1022
1907,0
1908,1021
1909,0
1910,1022
1911,0
1912,1022
1913,0
1914,1022
1915,0
1916,1022
1917,0
1918,1022
1919,0
1920,1021
1921,0
1922,1022
1923,0
1924,1023
1925,0
1926,0
1927,1022
1928,0
1929,1021
1930,0
1931,1022
1932,0
1933,1022
1934,0
1935,1022
1936,0
1937,1022
1938,0
1939,1022
1940,0
1941,1022
1942,0
1943,1022
1944,0
1945,1021
1946,0
1947,1022
1948,0
1949,1022
1950,0
1951,1022
1952,0
1953,1022
1954,0
1955,1022
1956,1021
1957,0
1958,1021
1959,0
1960,1022
1961,0
1962,1022
1963,0
1964,1022
1965,0
1966,1022
1967,0
1968,1022
1969,0
1970,1022
1971,0
1972,1022
1973,0
1974,1022
1975,0
1976,1022
1977,0
1978,1022
1979,0
1980,1021
1981,0
1982,1021
1983,0
1984,1022
1985,0
1986,81
1987,1022
1988,0
1989,1022
1990,0
1991,1022
1992,0
1993,1022
1994,0
1995,1022
1996,0
1997,1022
1998,0
1999,1022
2000,0
2001,1022
2002,0
2003,1022
2004,0
2005,1022
2006,0
2007,1021
2008,0
2009,1022
2010,0
2011,1022
2012,0
2013,1022
2014,0
2015,1022
2016,0
2017,0
2018,1021
2019,0
2020,1022
2021,0
2022,1022
2023,0
2024,1022
2025,0
2026,1022
2027,0
2028,1021
2029,0
2030,1022
2031,0
2032,1022
2033,0
2034,1022
2035,0
2036,1021
2037,0
2038,1022
2039,0
2040,1022
2041,0
2042,1022
2043,0
2044,1022
2045,0
2046,1022
2047,1022
2048,0
2049,1022
2050,0
2051,1022
2052,0
2053,1022
2054,0
2055,1022
2056,0
2057,1022
2058,0
2059,1021
2060,0
2061,1022
2062,0
2063,1022
2064,0
2065,1021
2066,0
2067,1022
2068,0
2069,1022
2070,0
2071,1022
2072,0
2073,1022
2074,0
2075,1022
2076,0
2077,0
2078,1023
2079,0
2080,1022
2081,0
2082,1022
2083,0
2084,1022
2085,0
2086,1022
2087,0
2088,1022
2089,0
2090,1022
2091,0
2092,1021
2093,0
2094,1022
2095,0
2096,1022
2097,0
2098,1022
2099,0
2100,1022
2101,0
2102,1021
2103,0
2104,1022
2105,0
2106,1022
2107,1006
2108,0
2109,1022
2110,0
2111,1022
2112,0
2113,1021
2114,0
2115,1022
2116,0
2117,1022
2118,0
2119,1021
2120,0
2121,1022
2122,0
2123,1022
2124,0
2125,1023
2126,0
2127,1022
2128,0
2129,1023
2130,0
2131,1021
2132,0
2133,1022
2134,0
2135,1021
2136,0
2137,1022
2138,1022
2139,0
2140,1022
2141,0
2142,1022
2143,0
2144,1022
2145,0
2146,1022
2147,0
2148,1022
2149,0
2150,1022
2151,0
2152,1022
2153,0
2154,1022
2155,0
2156,1022
2157,0
2158,1022
2159,0
2160,1022
2161,0
2162,1022
2163,0
2164,1022
2165,0
2166,1022
2167,0
2168,0
2169,1022
2170,0
2171,1022
2172,0
2173,1022
2174,0
2175,1022
2176,0
2177,1022
2178,0
2179,1022
2180,0
2181,1022
2182,0
2183,1022
2184,0
2185,1022
2186,0
2187,1022
2188,0
2189,1022
2190,0
2191,1022
2192,0
2193,1021
2194,0
2195,1021
2196,0
2197,1022
2198,1021
2199,0
2200,1022
2201,0
2202,1022
2203,0
2204,1022
2205,0
2206,1022
2207,0
2208,1022
2209,0
2210,1022
2211,0
2212,1022
2213,0
2214,1022
2215,0
2216,1022
2217,0
2218,1022
2219,0
2220,1022
2221,0
2222,1022
2223,0
2224,1022
2225,0
2226,1022
2227,0
2228,56
2229,1022
2230,0
2231,1022
2232,0
2233,1022
2234,0
2235,1021
2236,0
2237,1021
2238,0
2239,1022
2240,0
2241,1022
2242,0
2243,1022
2244,0
2245,1022
2246,0
2247,1022
2248,0
2249,1022
2250,0
2251,1022
2252,0
2253,1022
2254,0
2255,1022
2256,0
2257,1021
2258,0
2259,0
2260,1022
2261,0
2262,1022
2263,0
2264,1022
2265,0
2266,1022
2267,0
2268,1022
2269,0
2270,1023
2271,0
2272,1022
2273,0
2274,1022
2275,0
2276,1022
2277,0
2278,1022
2279,0
2280,1022
2281,0
2282,1022
2283,0
2284,1022
2285,0
2286,1022
2287,0
2288,1021
2289,1022
2290,0
2291,1022
2292,0
2293,1022
2294,0
2295,1022
2296,0
2297,1022
2298,0
2299,1022
2300,0
2301,1022
2302,0
2303,1021
2304,0
2305,1021
2306,0
2307,1022
2308,0
2309,1022
2310,0
2311,1022
2312,0
2313,1022
2314,0
2315,1022
2316,0
2317,1022
2318,0
2319,0
2320,1022
2321,0
2322,1022
2323,0
2324,1022
2325,0
2326,1022
2327,0
2328,1022
2329,0
2330,1022
2331,0
2332,1022
2333,0
2334,1022
2335,0
2336,1022
2337,0
2338,1022
2339,0
2340,1022
2341,0
2342,1022
2343,0
2344,1021
2345,0
2346,1022
2347,0
2348,1023
2349,1022
2350,0
2351,1021
2352,0
2353,1022
2354,0
2355,1022
2356,0
2357,1022
2358,0
2359,1022
2360,0
2361,1022
2362,0
2363,1022
2364,0
2365,1022
2366,0
2367,1022
2368,0
2369,1022
2370,0
2371,1022
2372,0
2373,1022
2374,0
2375,1022
2376,0
2377,1022
2378,0
2379,1022
2380,1022
2381,0
2382,1022
2383,0
2384,1022
2385,0
2386,1021
2387,0
2388,1022
2389,0
2390,1022
2391,0
2392,1021
2393,0
2394,1022
2395,0
2396,1022
2397,0
2398,1022
2399,0
2400,1022
2401,0
2402,1022
2403,0
2404,1022
2405,0
2406,1022
2407,0
2408,1022
2409,0
2410,0
2411,1022
2412,0
2413,1022
2414,0
2415,1022
2416,0
2417,1022
2418,0
2419,1022
2420,0
2421,1022
2422,0
2423,1022
2424,0
2425,1022
2426,0
2427,1022
2428,0
2429,1022
2430,0
2431,1022
2432,0
2433,1022
2434,0
2435,1021
2436,0
2437,1022
2438,0
2439,1021
2440,1022
2441,0
2442,1021
2443,0
2444,1022
2445,0
2446,1022
2447,0
2448,1022
2449,0
2450,1022
2451,0
2452,1022
2453,0
2454,1022
2455,0
2456,1022
2457,0
2458,1022
2459,0
2460,1021
2461,0
2462,1022
2463,0
2464,1021
2465,0
2466,1022
2467,0
2468,1022
2469,0
2470,81
2471,1022
2472,0
2473,1022
2474,0
2475,1023
2476,0
2477,1022
2478,0
2479,1022
2480,0
2481,1022
2482,0
2483,1022
2484,0
2485,1022
2486,0
2487,1022
2488,0
2489,1022
2490,0
2491,1021
2492,0
2493,1022
2494,0
2495,1022
2496,0
2497,1022
2498,0
2499,1021
2500,0
2501,0
2502,1022
2503,0
2504,1022
2505,0
2506,1022
2507,0
2508,1022
2509,0
2510,1022
2511,0
2512,1022
2513,0
2514,1022
2515,0
2516,1022
2517,0
2518,1023
2519,0
2520,1021
2521,0
2522,1021
2523,0
2524,1022
2525,0
2526,1022
2527,0
2528,1022
2529,0
2530,1022
2531,1021
2532,0
2533,1022
2534,0
2535,1022
2536,0
2537,1022
2538,0
2539,1022
2540,0
2541,1022
2542,0
2543,1022
2544,0
2545,1022
2546,0
2547,1022
2548,0
2549,1022
2550,0
2551,1022
2552,0
2553,1022
2554,0
2555,1022
2556,0
2557,1022
2558,0
2559,1021
2560,0
2561,0
2562,1022
2563,0
2564,1022
2565,0
2566,1022
2567,0
2568,1022
2569,0
2570,1022
2571,0
2572,1022
2573,0
2574,1022
2575,0
2576,1022
2577,0
2578,1022
2579,0
2580,1022
2581,0
2582,1022
2583,0
2584,1022
2585,0
2586,1022
2587,0
2588,1022
2589,0
2590,1022
2591,1005
2592,0
2593,1021
2594,0
2595,1021
2596,0
2597,1021
2598,0
2599,1022
2600,0
2601,1021
2602,0
2603,1022
2604,0
2605,1021
2606,0
2607,1022
2608,0
2609,1022
2610,0
2611,1022
2612,0
2613,1022
2614,0
2615,1022
2616,0
2617,1022
2618,0
2619,1021
2620,0
2621,1022
2622,1022
2623,0
2624,1022
2625,0
2626,1022
2627,0
2628,1022
2629,0
2630,1022
2631,0
2632,1022
2633,0
2634,1022
2635,0
2636,1022
2637,0
2638,1022
2639,0
2640,1022
2641,0
2642,1022
2643,0
2644,1022
2645,0
2646,1022
2647,0
2648,1022
2649,0
2650,1023
2651,0
2652,0
2653,1022
2654,0
2655,1021
2656,0
2657,1023
2658,0
2659,1022
2660,0
2661,1022
2662,0
2663,1022
2664,0
2665,1021
2666,0
2667,1022
2668,0
2669,1022
2670,0
2671,1022
2672,0
2673,1022
2674,0
2675,1021
2676,0
2677,1022
2678,0
2679,1022
2680,0
2681,1022
2682,1022
2683,0
2684,1022
2685,0
2686,1022
2687,0
2688,1022
2689,0
2690,1022
2691,0
2692,1022
2693,0
2694,1022
2695,0
2696,1022
2697,0
2698,1022
2699,0
2700,1022
2701,0
2702,1022
2703,0
2704,1022
2705,0
2706,1022
2707,0
2708,1022
2709,0
2710,1021
2711,0
2712,56
2713,1022
2714,0
2715,1022
2716,0
2717,1022
2718,0
2719,1022
2720,0
2721,1022
2722,0
2723,1022
2724,0
2725,1022
2726,0
2727,1022
2728,0
2729,1022
2730,0
2731,1022
2732,0
2733,1022
2734,0
2735,1022
2736,0
2737,1022
2738,0
2739,1022
2740,0
2741,1022
2742,0
2743,0
2744,1022
2745,0
2746,1022
2747,0
2748,1022
2749,0
2750,1022
2751,0
2752,1022
2753,0
2754,1022
2755,0
2756,1022
2757,0
2758,1022
2759,0
2760,1022
2761,0
2762,1022
2763,0
2764,1021
2765,0
2766,1022
2767,0
2768,1022
2769,0
2770,1022
2771,0
2772,1022
2773,1021
2774,0
2775,1022
2776,0
2777,1022
2778,0
2779,1022
2780,0
2781,1022
2782,0
2783,1022
2784,0
2785,1022
2786,0
2787,1022
2788,0
2789,1022
2790,0
2791,1022
2792,0
2793,1022
2794,0
2795,1022
2796,0
2797,1022
2798,0
2799,1022
2800,0
2801,1022
2802,0
2803,0
2804,1022
2805,0
2806,1022
2807,0
2808,1022
2809,0
2810,1022
2811,0
2812,1022
2813,0
2814,1022
2815,0
2816,1022
2817,0
2818,1022
2819,0
2820,1022
2821,0
2822,1022
2823,0
2824,1022
2825,0
2826,1022
2827,0
2828,1022
2829,0
2830,1022
2831,0
2832,1022
2833,1006
2834,0
2835,1022
2836,0
2837,1022
2838,0
2839,1022
2840,0
2841,1021
2842,0
2843,1022
2844,0
2845,1022
2846,0
2847,1022
2848,0
2849,1021
2850,0
2851,1022
2852,0
2853,1022
2854,0
2855,1021
2856,0
2857,1022
2858,0
2859,1021
2860,0
2861,1022
2862,0
2863,1022
2864,1021
2865,0
2866,1022
2867,0
2868,1022
2869,0
2870,1022
2871,0
2872,1022
2873,0
2874,1022
2875,0
2876,1022
2877,0
2878,1022
2879,0
2880,1022
2881,0
2882,1022
2883,0
2884,1022
2885,0
2886,1022
2887,0
2888,1022
2889,0
2890,1022
2891,0
2892,1021
2893,0
2894,0
2895,1022
2896,0
2897,1021
2898,0
2899,1023
2900,0
2901,1022
2902,0
2903,1022
2904,0
2905,1022
2906,0
2907,1022
2908,0
2909,1022
2910,0
2911,1022
2912,0
2913,1022
2914,0
2915,1021
2916,0
2917,1022
2918,0
2919,1022
2920,0
2921,1022
2922,0
2923,1022
2924,1022
2925,0
2926,1022
2927,0
2928,1022
2929,0
2930,1022
2931,0
2932,1022
2933,0
2934,1022
2935,0
2936,1022
2937,0
2938,1022
2939,0
2940,1021
2941,0
2942,1022
2943,0
2944,1022
2945,0
2946,1022
2947,0
2948,1022
2949,0
2950,1022
2951,0
2952,1022
2953,0
2954,56
2955,1022
2956,0
2957,1022
2958,0
2959,1022
2960,0
2961,1022
2962,0
2963,1022
2964,0
2965,1022
2966,0
2967,1022
2968,0
2969,1022
2970,0
2971,1021
2972,0
2973,1022
2974,0
2975,1022
2976,0
2977,1022
2978,0
2979,1022
2980,0
2981,1022
2982,0
2983,1022
2984,0
2985,0
2986,1022
2987,0
2988,1021
2989,0
2990,1022
2991,0
2992,1022
2993,0
2994,1021
2995,0
2996,1021
2997,0
2998,1021
2999,0
3000,1022
3001,0
3002,1022
3003,0
3004,1022
3005,0
3006,1022
3007,0
3008,1022
3009,0
3010,1022
3011,0
3012,1022
3013,0
3014,1021
3015,1021
3016,0
3017,1022
3018,0
3019,1022
3020,0
3021,1022
3022,0
3023,1021
3024,0
3025,1022
3026,0
3027,1021
3028,0
3029,1022
3030,0
3031,1022
3032,0
3033,1022
3034,0
3035,1022
3036,0
3037,1021
3038,0
3039,1022
3040,0
3041,1022
3042,0
3043,1022
3044,0
3045,0
3046,1022
3047,0
3048,1022
3049,0
3050,1022
3051,0
3052,1022
3053,0
3054,1022
3055,0
3056,1022
3057,0
3058,1022
3059,0
3060,1022
3061,0
3062,1022
3063,0
3064,1021
3065,0
3066,1022
3067,0
3068,1022
3069,0
3070,1021
3071,0
3072,1022
3073,0
3074,1022
3075,1021
3076,0
3077,1022
3078,0
3079,1022
3080,0
3081,1022
3082,0
3083,1022
3084,0
3085,1021
3086,0
3087,1022
3088,0
3089,1022
3090,0
3091,1022
3092,0
3093,1022
3094,0
3095,1022
3096,0
3097,1022
3098,0
3099,1022
3100,0
3101,1022
3102,0
3103,1022
3104,0
3105,1022
3106,1022
3107,0
3108,1022
3109,0
3110,1021
3111,0
3112,1021
3113,0
3114,1022
3115,0
3116,1022
3117,0
3118,1022
3119,0
3120,1021
3121,0
3122,1022
3123,0
3124,1022
3125,0
3126,1022
3127,0
3128,1022
3129,0
3130,1022
3131,0
3132,1022
3133,0
3134,1022
3135,0
3136,0
3137,1022
3138,0
3139,1022
3140,0
3141,1021
3142,0
3143,1022
3144,0
3145,1022
3146,0
3147,1022
3148,0
3149,1021
3150,0
3151,1022
3152,0
3153,1021
3154,0
3155,1022
3156,0
3157,1022
3158,0
3159,1022
3160,0
3161,1022
3162,0
3163,1022
3164,0
3165,1022
3166,1021
3167,0
3168,1022
3169,0
3170,1022
3171,0
3172,1022
3173,0
3174,1022
3175,0
3176,1022
3177,0
3178,1022
3179,0
3180,1022
3181,0
3182,1022
3183,0
3184,1022
3185,0
3186,1021
3187,0
3188,1022
3189,0
3190,1022
3191,0
3192,1022
3193,0
3194,1021
3195,0
3196,56
3197,1022
3198,0
3199,1022
3200,0
3201,1022
3202,0
3203,1022
3204,0
3205,1022
3206,0
3207,1022
3208,0
3209,1022
3210,0
3211,1022
3212,0
3213,1022
3214,0
3215,1022
3216,0
3217,1022
3218,0
3219,1022
3220,0
3221,1022
3222,0
3223,1022
3224,0
3225,1022
3226,0
3227,0
3228,1021
3229,0
3230,1022
3231,0
3232,1022
3233,0
3234,1022
3235,0
3236,1022
3237,0
3238,1022
3239,0
3240,1022
3241,0
3242,1022
3243,0
3244,1021
3245,0
3246,1022
3247,0
3248,1022
3249,0
3250,1022
3251,0
3252,1022
3253,0
3254,1022
3255,0
3256,1022
3257,1022
3258,0
3259,1022
3260,0
3261,1022
3262,0
3263,1022
3264,0
3265,1022
3266,0
3267,1022
3268,0
3269,1022
3270,0
3271,1022
3272,0
3273,1022
3274,0
3275,1022
3276,0
3277,1022
3278,0
3279,1021
3280,0
3281,1021
3282,0
3283,1021
3284,0
3285,1022
3286,0
3287,0
3288,1021
3289,0
3290,1022
3291,0
3292,1022
3293,0
3294,1022
3295,0
3296,1022
3297,0
3298,1022
3299,0
3300,1022
3301,0
3302,1022
3303,0
3304,1022
3305,0
3306,1023
3307,0
3308,1022
3309,0
3310,1022
3311,0
3312,1022
3313,0
3314,1021
3315,0
3316,1022
3317,1006
3318,0
3319,1022
3320,0
3321,1022
3322,0
3323,1022
3324,0
3325,1022
3326,0
3327,1022
3328,0
3329,1022
3330,0
3331,1022
3332,0
3333,1022
3334,0
3335,1022
3336,0
3337,1022
3338,0
3339,1022
3340,0
3341,1022
3342,0
3343,1021
3344,0
3345,1022
3346,0
3347,1022
3348,1021
3349,0
3350,1022
3351,0
3352,1022
3353,0
3354,1022
3355,0
3356,1022
3357,0
3358,1022
3359,0
3360,1022
3361,0
3362,1022
3363,0
3364,1022
3365,0
3366,1022
3367,0
3368,1022
3369,0
3370,1022
3371,0
3372,1022
3373,0
3374,1022
3375,0
3376,1022
3377,0
3378,0
3379,1022
3380,0
3381,1022
3382,0
3383,1022
3384,0
3385,1022
3386,0
3387,1022
3388,0
3389,1022
3390,0
3391,1022
3392,0
3393,1022
3394,0
3395,1022
3396,0
3397,1022
3398,0
3399,1022
3400,0
3401,1022
3402,0
3403,1022
3404,0
3405,1021
3406,0
3407,1022
3408,1022
3409,0
3410,1022
3411,0
3412,1022
3413,0
3414,1022
3415,0
3416,1022
3417,0
3418,1022
3419,0
3420,1022
3421,0
3422,1022
3423,0
3424,1022
3425,0
3426,1022
3427,0
3428,1022
3429,0
3430,1022
3431,0
3432,1022
3433,0
3434,1022
3435,0
3436,1021
3437,0
3438,55
3439,1022
3440,0
3441,1022
3442,0
3443,1022
3444,0
3445,1022
3446,0
3447,1022
3448,0
3449,1022
3450,0
3451,1022
3452,0
3453,1021
3454,0
3455,1022
3456,0
3457,1021
3458,0
3459,1022
3460,0
3461,1022
3462,0
3463,1022
3464,0
3465,1022
3466,0
3467,1022
3468,0
3469,0
3470,1021
3471,0
3472,1022
3473,0
3474,1022
3475,0
3476,1022
3477,0
3478,1022
3479,0
3480,1022
3481,0
3482,1022
3483,0
3484,1022
3485,0
3486,1022
3487,0
3488,1022
3489,0
3490,1022
3491,0
3492,1022
3493,0
3494,1022
3495,0
3496,1022
3497,0
3498,1022
3499,1022
3500,0
3501,1022
3502,0
3503,1022
3504,0
3505,1022
3506,0
3507,1022
3508,0
3509,1022
3510,0
3511,1022
3512,0
3513,1022
3514,0
3515,1021
3516,0
3517,1022
3518,0
3519,1021
3520,0
3521,1022
3522,0
3523,1022
3524,0
3525,1022
3526,0
3527,1021
3528,0
3529,0
3530,1021
3531,0
3532,1021
3533,0
3534,1021
3535,0
3536,1022
3537,0
3538,1021
3539,0
3540,1022
3541,0
3542,1022
3543,0
3544,1022
3545,0
3546,1022
3547,0
3548,1022
3549,0
3550,1022
3551,0
3552,1022
3553,0
3554,1022
3555,0
3556,1022
3557,0
3558,1022
3559,999
3560,0
3561,1022
3562,0
3563,1022
3564,0
3565,1022
3566,0
3567,1022
3568,0
3569,1022
3570,0
3571,1022
3572,0
3573,1022
3574,0
3575,1022
3576,0
3577,1021
3578,0
3579,1022
3580,0
3581,1022
3582,0
3583,1022
3584,0
3585,1022
3586,0
3587,1022
3588,0
3589,1022
3590,1022
3591,0
3592,1022
3593,0
3594,1022
3595,0
3596,1022
3597,0
3598,1022
3599,0
3600,1022
3601,0
3602,1022
3603,0
3604,1022
3605,0
3606,1022
3607,0
3608,1022
3609,0
3610,1021
3611,0
3612,1022
3613,0
3614,1022
3615,0
3616,1022
3617,0
3618,1022
3619,0
3620,0
3621,1022
3622,0
3623,1022
3624,0
3625,1022
3626,0
3627,1022
3628,0
3629,1021
3630,0
3631,1022
3632,0
3633,1022
3634,0
3635,1022
3636,0
3637,1022
3638,0
3639,1022
3640,0
3641,1022
3642,0
3643,1022
3644,0
3645,1022
3646,0
3647,1022
3648,0
3649,1022
3650,1022
3651,0
3652,1022
3653,0
3654,1021
3655,0
3656,1022
3657,0
3658,1022
3659,0
3660,1022
3661,0
3662,1023
3663,0
3664,1022
3665,0
3666,1022
3667,0
3668,1022
3669,0
3670,1022
3671,0
3672,1022
3673,0
3674,1022
3675,0
3676,1022
3677,0
3678,1022
3679,0
3680,55
3681,1021
3682,0
3683,1022
3684,0
3685,1021
3686,0
3687,1022
3688,0
3689,1022
3690,0
3691,1022
3692,0
3693,1022
3694,0
3695,1022
3696,0
3697,1022
3698,0
3699,1022
3700,0
3701,1022
3702,0
3703,1021
3704,0
3705,1022
3706,0
3707,1022
3708,0
3709,1022
3710,0
3711,0
3712,1022
3713,0
3714,1022
3715,0
3716,1022
3717,0
3718,1022
3719,0
3720,1022
3721,0
3722,1022
3723,0
3724,1022
3725,0
3726,1022
3727,0
3728,1022
3729,0
3730,1022
3731,0
3732,1022
3733,0
3734,1022
3735,0
3736,1022
3737,0
3738,1022
3739,0
3740,1022
3741,1022
3742,0
3743,1022
3744,0
3745,1022
3746,0
3747,1022
3748,0
3749,1022
3750,0
3751,1022
3752,0
3753,1022
3754,0
3755,1022
3756,0
3757,1022
3758,0
3759,1022
3760,0
3761,1022
3762,0
3763,1022
3764,0
3765,1022
3766,0
3767,1022
3768,0
3769,1022
3770,0
3771,0
3772,1022
3773,0
3774,1022
3775,0
3776,1022
3777,0
3778,1022
3779,0
3780,1022
3781,0
3782,1022
3783,0
3784,1022
3785,0
3786,1022
3787,0
3788,1022
3789,0
3790,1022
3791,0
3792,1022
3793,0
3794,1022
3795,0
3796,1022
3797,0
3798,1021
3799,0
3800,1022
3801,1022
3802,0
3803,1022
3804,0
3805,1022
3806,0
3807,1022
3808,0
3809,1022
3810,0
3811,1022
3812,0
3813,1022
3814,0
3815,1022
3816,0
3817,1022
3818,0
3819,1022
3820,0
3821,1022
3822,0
3823,1022
3824,0
3825,1022
3826,0
3827,1022
3828,0
3829,1022
3830,0
3831,1022
3832,1022
3833,0
3834,1023
3835,0
3836,1021
3837,0
3838,1021
3839,0
3840,1022
3841,0
3842,1022
3843,0
3844,1022
3845,0
3846,1022
3847,0
3848,1022
3849,0
3850,1022
3851,0
3852,1022
3853,0
3854,1022
3855,0
3856,1022
3857,0
3858,1022
3859,0
3860,1022
3861,0
3862,0
3863,1021
3864,0
3865,1022
3866,0
3867,1021
3868,0
3869,1022
3870,0
3871,1023
3872,0
3873,1022
3874,0
3875,1022
3876,0
3877,1022
3878,0
3879,1022
3880,0
3881,1022
3882,0
3883,1022
3884,0
3885,1021
3886,0
3887,1022
3888,0
3889,1022
3890,0
3891,1022
3892,1021
3893,0
3894,1022
3895,0
3896,1022
3897,0
3898,1022
3899,0
3900,1022
3901,0
3902,1022
3903,0
3904,1022
3905,0
3906,1022
3907,0
3908,1022
3909,0
3910,1023
3911,0
3912,1022
3913,0
3914,1022
3915,0
3916,1022
3917,0
3918,1022
3919,0
3920,1022
3921,0
3922,56
3923,1022
3924,0
3925,1022
3926,0
3927,1022
3928,0
3929,1022
3930,0
3931,1022
3932,0
3933,1022
3934,0
3935,1022
3936,0
3937,1022
3938,0
3939,1022
3940,0
3941,1022
3942,0
3943,1022
3944,0
3945,1022
3946,0
3947,1022
3948,0
3949,1022
3950,0
3951,1022
3952,0
3953,0
3954,1022
3955,0
3956,1022
3957,0
3958,1022
3959,0
3960,1022
3961,0
3962,1022
3963,0
3964,1022
3965,0
3966,1022
3967,0
3968,1022
3969,0
3970,1021
3971,0
3972,1021
3973,0
3974,1022
3975,0
3976,1022
3977,0
3978,1022
3979,0
3980,1022
3981,0
3982,1022
3983,1021
3984,0
3985,1022
3986,0
3987,1022
3988,0
3989,1022
3990,0
3991,1021
3992,0
3993,1022
3994,0
3995,1022
3996,0
3997,1022
3998,0
3999,1022
4000,0
4001,1022
4002,0
4003,1022
4004,0
4005,1021
4006,0
4007,1022
4008,0
4009,1022
4010,0
4011,1022
4012,0
4013,0
4014,1022
4015,0
4016,1022
4017,0
4018,1022
4019,0
4020,1022
4021,0
4022,1022
4023,0
4024,1022
4025,0
4026,1022
4027,0
4028,1022
4029,0
4030,1022
4031,0
4032,1022
4033,0
4034,1022
4035,0
4036,1022
4037,0
4038,1022
4039,0
4040,1022
4041,0
4042,1021
4043,1006
4044,0
4045,1022
4046,0
4047,1022
4048,0
4049,1021
4050,0
4051,1022
4052,0
4053,1022
4054,0
4055,1022
4056,0
4057,1022
4058,0
4059,1022
4060,0
4061,1022
4062,0
4063,1022
4064,0
4065,1022
4066,0
4067,1022
4068,0
4069,1022
4070,0
4071,1022
4072,0
4073,1022
4074,1022
4075,0
4076,1021
4077,0
4078,1022
4079,0
4080,1021
4081,0
4082,1022
4083,0
4084,1022
4085,0
4086,1022
4087,0
4088,1022
4089,0
4090,1022
4091,0
4092,1022
4093,0
4094,1022
4095,0
4096,1022
4097,0
4098,1022
4099,0
4100,1022
4101,0
4102,1022
4103,0
4104,0
4105,1022
4106,0
4107,1022
4108,0
4109,1022
4110,0
4111,1022
4112,0
4113,1022
4114,0
4115,1022
4116,0
4117,1022
4118,0
4119,1022
4120,0
4121,1022
4122,0
4123,1021
4124,0
4125,1022
4126,0
4127,1022
4128,0
4129,1022
4130,0
4131,1022
4132,0
4133,1022
4134,1022
4135,0
4136,1022
4137,0
4138,1022
4139,0
4140,1022
4141,0
4142,1022
4143,0
4144,1022
4145,0
4146,1022
4147,0
4148,1022
4149,0
4150,1022
4151,0
4152,1022
4153,0
4154,1022
4155,0
4156,1022
4157,0
4158,1022
4159,0
4160,1022
4161,0
4162,1023
4163,0
4164,80
4165,1022
4166,0
4167,1022
4168,0
4169,1022
4170,0
4171,1022
4172,0
4173,1022
4174,0
4175,1022
4176,0
4177,1022
4178,0
4179,1022
4180,0
4181,1022
4182,0
4183,1022
4184,0
4185,1022
4186,0
4187,1022
4188,0
4189,1022
4190,0
4191,1021
4192,0
4193,1022
4194,0
4195,0
4196,1022
4197,0
4198,1023
4199,0
4200,1022
4201,0
4202,1021
4203,0
4204,1021
4205,0
4206,1022
4207,0
4208,1022
4209,0
4210,1022
4211,0
4212,1022
4213,0
4214,1022
4215,0
4216,1022
4217,0
4218,1021
4219,0
4220,1022
4221,0
4222,1022
4223,0
4224,56
4225,1021
4226,0
4227,1022
4228,0
4229,1022
4230,0
4231,1022
4232,0
4233,1022
4234,0
4235,1022
4236,0
4237,1022
4238,0
4239,1022
4240,0
4241,1022
4242,0
4243,1022
4244,0
4245,1022
4246,0
4247,1022
4248,0
4249,1022
4250,0
4251,1022
4252,0
4253,1022
4254,0
4255,0
4256,1022
4257,0
4258,1022
4259,0
4260,1022
4261,0
4262,1022
4263,0
4264,1022
4265,0
4266,1023
4267,0
4268,1022
4269,0
4270,1021
4271,0
4272,1021
4273,0
4274,1021
4275,0
4276,1022
4277,0
4278,1021
4279,0
4280,1022
4281,0
4282,1022
4283,0
4284,1022
4285,999
4286,0
4287,1022
4288,0
4289,1022
4290,0
4291,1022
4292,0
4293,1022
4294,0
4295,1022
4296,0
4297,1022
4298,0
4299,1022
4300,0
4301,1022
4302,0
4303,1021
4304,0
4305,1022
4306,0
4307,1022
4308,0
4309,1022
4310,0
4311,1022
4312,0
4313,1021
4314,0
4315,1022
4316,1022
4317,0
4318,1022
4319,0
4320,1022
4321,0
4322,1022
4323,0
4324,1022
4325,0
4326,1022
4327,0
4328,1022
4329,0
4330,1021
4331,0
4332,1022
4333,0
4334,1022
4335,0
4336,1022
4337,0
4338,1022
4339,0
4340,1022
4341,0
4342,1022
4343,0
4344,1022
4345,0
4346,0
4347,1022
4348,0
4349,1022
4350,0
4351,1022
4352,0
4353,1022
4354,0
4355,1022
4356,0
4357,1022
4358,0
4359,1022
4360,0
4361,1022
4362,0
4363,1022
4364,0
4365,1022
4366,0
4367,1022
4368,0
4369,1022
4370,0
4371,1021
4372,0
4373,1021
4374,0
4375,1022
4376,1022
4377,0
4378,1022
4379,0
4380,1022
4381,0
4382,1022
4383,0
4384,1022
4385,0
4386,1022
4387,0
4388,1021
4389,0
4390,1022
4391,0
4392,1022
4393,0
4394,1022
4395,0
4396,1022
4397,0
4398,1022
4399,0
4400,1022
4401,0
4402,1022
4403,0
4404,1022
4405,0
4406,56
4407,1022
4408,0
4409,1022
4410,0
4411,1022
4412,0
4413,1022
4414,0
4415,1022
4416,0
4417,1022
4418,0
4419,1022
4420,0
4421,1022
4422,0
4423,1022
4424,0
4425,1021
4426,0
4427,1022
4428,0
4429,1022
4430,0
4431,1022
4432,0
4433,1022
4434,0
4435,1022
4436,0
4437,0
4438,1022
4439,0
4440,1022
4441,0
4442,1022
4443,0
4444,1022
4445,0
4446,1021
4447,0
4448,1021
4449,0
4450,1022
4451,0
4452,1022
4453,0
4454,1022
4455,0
4456,1022
4457,0
4458,1022
4459,0
4460,1022
4461,0
4462,1022
4463,0
4464,1022
4465,0
4466,1022
4467,1022
4468,0
4469,1022
4470,0
4471,1022
4472,0
4473,1022
4474,0
4475,1022
4476,0
4477,1022
4478,0
4479,1022
4480,0
4481,1022
4482,0
4483,1022
4484,0
4485,1022
4486,0
4487,1022
4488,0
4489,1022
4490,0
4491,1022
4492,0
4493,1022
4494,0
4495,1022
4496,0
4497,0
4498,1022
4499,0
4500,1022
4501,0
4502,1022
4503,0
4504,1022
4505,0
4506,1022
4507,0
4508,1022
4509,0
4510,1022
4511,0
4512,1022
4513,0
4514,1022
4515,0
4516,1022
4517,0
4518,1022
4519,0
4520,1022
4521,0
4522,1022
4523,0
4524,1021
4525,0
4526,1022
4527,1022
4528,0
4529,1022
4530,0
4531,1022
4532,0
4533,1022
4534,0
4535,1022
4536,0
4537,1022
4538,0
4539,1022
4540,0
4541,1022
4542,0
4543,1022
4544,0
4545,1022
4546,0
4547,1022
4548,0
4549,1022
4550,0
4551,1023
4552,0
4553,1022
4554,0
4555,1022
4556,0
4557,1022
4558,1022
4559,0
4560,1022
4561,0
4562,1022
4563,0
4564,1022
4565,0
4566,1022
4567,0
4568,1022
4569,0
4570,1022
4571,0
4572,1022
4573,0
4574,1022
4575,0
4576,1022
4577,0
4578,1022
4579,0
4580,1022
4581,0
4582,1022
4583,0
4584,1022
4585,0
4586,1022
4587,0
4588,0
4589,1022
4590,0
4591,1022
4592,0
4593,1022
4594,0
4595,1022
4596,0
4597,1022
4598,0
4599,1022
4600,0
4601,1023
4602,0
4603,1022
4604,0
4605,1022
4606,0
4607,1022
4608,0
4609,1022
4610,0
4611,1022
4612,0
4613,1022
4614,0
4615,1022
4616,0
4617,1022
4618,1021
4619,0
4620,1022
4621,0
4622,1021
4623,0
4624,1022
4625,0
4626,1022
4627,0
4628,1022
4629,0
4630,1022
4631,0
4632,1022
4633,0
4634,1022
4635,0
4636,1022
4637,0
4638,1022
4639,0
4640,1022
4641,0
4642,1022
4643,0
4644,1022
4645,0
4646,1022
4647,0
4648,56
4649,1022
4650,0
4651,1022
4652,0
4653,1022
4654,0
4655,1023
4656,0
4657,1022
4658,0
4659,1022
4660,0
4661,1022
4662,0
4663,1022
4664,0
4665,1022
4666,0
4667,1022
4668,0
4669,1022
4670,0
4671,1022
4672,0
4673,1022
4674,0
4675,1021
4676,0
4677,1021
4678,0
4679,0
4680,1022
4681,0
4682,1022
4683,0
4684,1022
4685,0
4686,1022
4687,0
4688,1022
4689,0
4690,1022
4691,0
4692,1022
4693,0
4694,1022
4695,0
4696,1022
4697,0
4698,1022
4699,0
4700,1022
4701,0
4702,1022
4703,0
4704,1022
4705,0
4706,1022
4707,0
4708,1022
4709,1022
4710,0
4711,1022
4712,0
4713,1022
4714,0
4715,1022
4716,0
4717,1022
4718,0
4719,1022
4720,0
4721,1022
4722,0
4723,1022
4724,0
4725,1022
4726,0
4727,1022
4728,0
4729,1022
4730,0
4731,1022
4732,0
4733,1022
4734,0
4735,1022
4736,0
4737,1022
4738,0
4739,0
4740,1022
4741,0
4742,1022
4743,0
4744,1022
4745,0
4746,1022
4747,0
4748,1022
4749,0
4750,1021
4751,0
4752,1021
4753,0
4754,1022
4755,0
4756,1022
4757,0
4758,1022
4759,0
4760,1022
4761,0
4762,1022
4763,0
4764,1022
4765,0
4766,1022
4767,0
4768,1022
4769,1006
4770,0
4771,1022
4772,0
4773,1022
4774,0
4775,1022
4776,0
4777,1022
4778,0
4779,1022
4780,0
4781,1022
4782,0
4783,1022
4784,0
4785,1022
4786,0
4787,1022
4788,0
4789,1022
4790,0
4791,1022
4792,0
4793,1022
4794,0
4795,1022
4796,0
4797,1022
4798,0
4799,1021
4800,1022
4801,0
4802,1022
4803,0
4804,1021
4805,0
4806,1022
4807,0
4808,1021
4809,0
4810,1021
4811,0
4812,1022
4813,0
4814,1022
4815,0
4816,1022
4817,0
4818,1022
4819,0
4820,1022
4821,0
4822,1022
4823,0
4824,1022
4825,0
4826,1022
4827,0
4828,1022
4829,0
4830,0
4831,1022
4832,0
4833,1022
4834,0
4835,1022
4836,0
4837,1022
4838,0
4839,1022
4840,0
4841,1022
4842,0
4843,1022
4844,0
4845,1022
4846,0
4847,1022
4848,0
4849,1022
4850,0
4851,1022
4852,0
4853,1022
4854,0
4855,1022
4856,0
4857,1022
4858,0
4859,1022
4860,1023
4861,0
4862,1022
4863,0
4864,1022
4865,0
4866,1022
4867,0
4868,1021
4869,0
4870,1022
4871,0
4872,1022
4873,0
4874,1021
4875,0
4876,1021
4877,0
4878,1022
4879,0
4880,1022
4881,0
4882,1021
4883,0
4884,1022
4885,0
4886,1022
4887,0
4888,1022
4889,0
4890,81
4891,1022
4892,0
4893,1021
4894,0
4895,1021
4896,0
4897,1022
4898,0
4899,1022
4900,0
4901,1022
4902,0
4903,1022
4904,0
4905,1022
4906,0
4907,1022
4908,0
4909,1021
4910,0
4911,1022
4912,0
4913,1022
4914,0
4915,1022
4916,0
4917,1021
4918,0
4919,1022
4920,0
4921,0
4922,1022
4923,0
4924,1022
4925,0
4926,1022
4927,0
4928,1021
4929,0
4930,1022
4931,0
4932,1022
4933,0
4934,1022
4935,0
4936,1022
4937,0
4938,1022
4939,0
4940,1022
4941,0
4942,1022
4943,0
4944,1022
4945,0
4946,1022
4947,0
4948,1022
4949,0
4950,57
4951,1022
4952,0
4953,1022
4954,0
4955,1022
4956,0
4957,1022
4958,0
4959,1022
4960,0
4961,1022
4962,0
4963,1022
4964,0
4965,1022
4966,0
4967,1022
4968,0
4969,1022
4970,0
4971,1022
4972,0
4973,1022
4974,0
4975,1022
4976,0
4977,1022
4978,0
4979,1021
4980,0
4981,0
4982,1022
4983,0
4984,1022
4985,0
4986,1022
4987,0
4988,1021
4989,0
4990,1022
4991,0
4992,1022
4993,0
4994,1022
4995,0
4996,1022
4997,0
4998,1022
4999,0
5000,1022
5001,0
5002,1022
5003,0
5004,1022
5005,0
5006,1022
5007,0
5008,1022
5009,0
5010,1022
5011,999
5012,0
5013,1022
5014,0
5015,1021
5016,0
5017,1022
5018,0
5019,1021
5020,0
5021,1021
5022,0
5023,1022
5024,0
5025,1022
5026,0
5027,1022
5028,0
5029,1022
5030,0
5031,1022
5032,0
5033,1022
5034,0
5035,1022
5036,0
5037,1022
5038,0
5039,1022
5040,0
5041,1021
5042,1022
5043,0
5044,1022
5045,0
5046,1022
5047,0
5048,1022
5049,0
5050,1021
5051,0
5052,1022
5053,0
5054,1022
5055,0
5056,1022
5057,0
5058,1023
5059,0
5060,1022
5061,0
5062,1021
5063,0
5064,1022
5065,0
5066,1022
5067,0
5068,1021
5069,0
5070,1022
5071,0
5072,0
5073,1022
5074,0
5075,1021
5076,0
5077,1022
5078,0
5079,1022
5080,0
5081,1022
5082,0
5083,1022
5084,0
5085,1022
5086,0
5087,1021
5088,0
5089,1022
5090,0
5091,1022
5092,0
5093,1022
5094,0
5095,1022
5096,0
5097,1022
5098,0
5099,1022
5100,0
5101,1021
5102,1022
5103,0
5104,1022
5105,0
5106,1022
5107,0
5108,1022
5109,0
5110,1022
5111,0
5112,1022
5113,0
5114,1022
5115,0
5116,1022
5117,0
5118,1022
5119,0
5120,1022
5121,0
5122,1021
5123,0
5124,1022
5125,0
5126,1021
5127,0
5128,1022
5129,0
5130,1022
5131,0
5132,80
5133,1022
5134,0
5135,1022
5136,0
5137,1021
5138,0
5139,1022
5140,0
5141,1022
5142,0
5143,1022
5144,0
5145,1022
5146,0
5147,1022
5148,0
5149,1022
5150,0
5151,1022
5152,0
5153,1022
5154,0
5155,1022
5156,0
5157,1022
5158,0
5159,1022
5160,0
5161,1022
5162,0
5163,0
5164,1021
5165,0
5166,1022
5167,0
5168,1022
5169,0
5170,1022
5171,0
5172,1022
5173,0
5174,1022
5175,0
5176,1022
5177,0
5178,1022
5179,0
5180,1021
5181,0
5182,1021
5183,0
5184,1022
5185,0
5186,1022
5187,0
5188,1022
5189,0
5190,1022
5191,0
5192,1021
5193,1022
5194,0
5195,1022
5196,0
5197,1021
5198,0
5199,1022
5200,0
5201,1022
5202,0
5203,1022
5204,0
5205,1022
5206,0
5207,1022
5208,0
5209,1022
5210,0
5211,1022
5212,0
5213,1022
5214,0
5215,1022
5216,0
5217,1022
5218,0
5219,1021
5220,0
5221,1022
5222,0
5223,0
5224,1022
5225,0
5226,1022
5227,0
5228,1022
5229,0
5230,1022
5231,0
5232,1022
5233,0
5234,1022
5235,0
5236,1021
5237,0
5238,1022
5239,0
5240,1022
5241,0
5242,1022
5243,0
5244,1022
5245,0
5246,1022
5247,0
5248,1022
5249,0
5250,1022
5251,0
5252,1022
5253,998
5254,0
5255,1022
5256,0
5257,1023
5258,0
5259,1022
5260,0
5261,1022
5262,0
5263,1022
5264,0
5265,1021
5266,0
5267,1022
5268,0
5269,1022
5270,0
5271,1022
5272,0
5273,1022
5274,0
5275,1022
5276,0
5277,1022
5278,0
5279,1022
5280,0
5281,1022
5282,0
5283,1021
5284,1022
5285,0
5286,1022
5287,0
5288,1022
5289,0
5290,1022
5291,0
5292,1021
5293,0
5294,1022
5295,0
5296,1022
5297,0
5298,1022
5299,0
5300,1022
5301,0
5302,1022
5303,0
5304,1022
5305,0
5306,1022
5307,0
5308,1022
5309,0
5310,1022
5311,0
5312,1022
5313,0
5314,0
5315,1022
5316,0
5317,1022
5318,0
5319,1022
5320,0
5321,1022
5322,0
5323,1022
5324,0
5325,1022
5326,0
5327,1022
5328,0
5329,1022
5330,0
5331,1022
5332,0
5333,1022
5334,0
5335,1023
5336,0
5337,1022
5338,0
5339,1022
5340,0
5341,1022
5342,0
5343,1022
5344,1022
5345,0
5346,1021
5347,0
5348,1022
5349,0
5350,1022
5351,0
5352,1022
5353,0
5354,1022
5355,0
5356,1022
5357,0
5358,1022
5359,0
5360,1022
5361,0
5362,1022
5363,0
5364,1021
5365,0
5366,1021
5367,0
5368,1021
5369,0
5370,1022
5371,0
5372,1022
5373,0
5374,56
5375,1022
5376,0
5377,1022
5378,0
5379,1022
5380,0
5381,1022
5382,0
5383,1022
5384,0
5385,1022
5386,0
5387,1022
5388,0
5389,1022
5390,0
5391,1022
5392,0
5393,1022
5394,0
5395,1022
5396,0
5397,1022
5398,0
5399,1022
5400,0
5401,1022
5402,0
5403,1022
5404,0
5405,0
5406,1022
5407,0
5408,1021
5409,0
5410,1022
5411,0
5412,1022
5413,0
5414,1022
5415,0
5416,1022
5417,0
5418,1022
5419,0
5420,1022
5421,0
5422,1021
5423,0
5424,1022
5425,0
5426,1021
5427,0
5428,1022
5429,0
5430,1021
5431,0
5432,1022
5433,0
5434,1022
5435,1023
5436,0
5437,1022
5438,0
5439,1022
5440,0
5441,1022
5442,0
5443,1021
5444,0
5445,1022
5446,0
5447,1022
5448,0
5449,1022
5450,0
5451,1022
5452,0
5453,1022
5454,0
5455,1022
5456,0
5457,1022
5458,0
5459,1022
5460,0
5461,1022
5462,0
5463,1022
5464,0
5465,0
5466,1022
5467,0
5468,1021
5469,0
5470,1021
5471,0
5472,1022
5473,0
5474,1022
5475,0
5476,1022
5477,0
5478,1022
5479,0
5480,1022
5481,0
5482,1022
5483,0
5484,1022
5485,0
5486,1022
5487,0
5488,1022
5489,0
5490,1022
5491,0
5492,1022
5493,0
5494,1022
5495,1005
5496,0
5497,1022
5498,0
5499,1022
5500,0
5501,1022
5502,0
5503,1022
5504,0
5505,1022
5506,0
5507,1022
5508,0
5509,1022
5510,0
5511,1022
5512,0
5513,1022
5514,0
5515,1021
5516,0
5517,1021
5518,0
5519,1021
5520,0
5521,1022
5522,0
5523,1022
5524,0
5525,1022
5526,1022
5527,0
5528,1021
5529,0
5530,1022
5531,0
5532,1021
5533,0
5534,1022
5535,0
5536,1022
5537,0
5538,1022
5539,0
5540,1022
5541,0
5542,1022
5543,0
5544,1022
5545,0
5546,1022
5547,0
5548,1022
5549,0
5550,1022
5551,0
5552,1022
5553,0
5554,1022
5555,0
5556,0
5557,1022
5558,0
5559,1022
5560,0
5561,1022
5562,0
5563,1022
5564,0
5565,1022
5566,0
5567,1022
5568,0
5569,1022
5570,0
5571,1022
5572,0
5573,1022
5574,0
5575,1022
5576,0
5577,1021
5578,0
5579,1022
5580,0
5581,1022
5582,0
5583,1022
5584,0
5585,1022
5586,1022
5587,0
5588,1022
5589,0
5590,1022
5591,0
5592,1022
5593,0
5594,1022
5595,0
5596,1022
5597,0
5598,1022
5599,0
5600,1022
5601,0
5602,1022
5603,0
5604,1022
5605,0
5606,1022
5607,0
5608,1022
5609,0
5610,1022
5611,0
5612,1022
5613,0
5614,1022
5615,0
5616,56
5617,1022
5618,0
5619,1022
5620,0
5621,1022
5622,0
5623,1022
5624,0
5625,1022
5626,0
5627,1022
5628,0
5629,1022
5630,0
5631,1022
5632,0
5633,1022
5634,0
5635,1022
5636,0
5637,1022
5638,0
5639,1023
5640,0
5641,1022
5642,0
5643,1022
5644,0
5645,1021
5646,0
5647,0
5648,1022
5649,0
5650,1021
5651,0
5652,1022
5653,0
5654,1022
5655,0
5656,1022
5657,0
5658,1022
5659,0
5660,1022
5661,0
5662,1022
5663,0
5664,1022
5665,0
5666,1022
5667,0
5668,1022
5669,0
5670,1022
5671,0
5672,1022
5673,0
5674,1022
5675,0
5676,1022
5677,1022
5678,0
5679,1022
5680,0
5681,1022
5682,0
5683,1022
5684,0
5685,1022
5686,0
5687,1021
5688,0
5689,1022
5690,0
5691,1022
5692,0
5693,1022
5694,0
5695,1022
5696,0
5697,1021
5698,0
5699,1021
5700,0
5701,1022
5702,0
5703,1022
5704,0
5705,1022
5706,0
5707,0
5708,1022
5709,0
5710,1022
5711,0
5712,1022
5713,0
5714,1021
5715,0
5716,1022
5717,0
5718,1022
5719,0
5720,1022
5721,0
5722,1021
5723,0
5724,1022
5725,0
5726,1022
5727,0
5728,1022
5729,0
5730,1022
5731,0
5732,1022
5733,0
5734,1022
5735,0
5736,1022
5737,1006
5738,0
5739,1022
5740,0
5741,1022
5742,0
5743,1021
5744,0
5745,1022
5746,0
5747,1022
5748,0
5749,1022
5750,0
5751,1022
5752,0
5753,1022
5754,0
5755,1022
5756,0
5757,1022
5758,0
5759,1022
5760,0
5761,1022
5762,0
5763,1022
5764,0
5765,1022
5766,0
5767,1022
5768,1022
5769,0
5770,1021
5771,0
5772,1021
5773,0
5774,1022
5775,0
5776,1022
5777,0
5778,1022
5779,0
5780,1022
5781,0
5782,1022
5783,0
5784,1022
5785,0
5786,1022
5787,0
5788,1022
5789,0
5790,1022
5791,0
5792,1022
5793,0
5794,1022
5795,0
5796,1022
5797,0
5798,0
5799,1022
5800,0
5801,1022
5802,0
5803,1022
5804,0
5805,1022
5806,0
5807,1022
5808,0
5809,1022
5810,0
5811,1022
5812,0
5813,1022
5814,0
5815,1022
5816,0
5817,1022
5818,0
5819,1022
5820,0
5821,1022
5822,0
5823,1021
5824,0
5825,1021
5826,0
5827,1021
5828,1022
5829,0
5830,1022
5831,0
5832,1021
5833,0
5834,1021
5835,0
5836,1022
5837,0
5838,1021
5839,0
5840,1022
5841,0
5842,1022
5843,0
5844,1022
5845,0
5846,1022
5847,0
5848,1021
5849,0
5850,1022
5851,0
5852,1022
5853,0
5854,1022
5855,0
5856,1022
5857,0
5858,81
5859,1022
5860,0
5861,1022
5862,0
5863,1022
5864,0
5865,1022
5866,0
5867,1022
5868,0
5869,1022
5870,0
5871,1022
5872,0
5873,1022
5874,0
5875,1022
5876,0
5877,1022
5878,0
5879,1022
5880,0
5881,1022
5882,0
5883,1021
5884,0
5885,1022
5886,0
5887,1022
5888,1021
5889,0
5890,1022
5891,0
5892,1022
5893,0
5894,1022
5895,0
5896,1022
5897,0
5898,1022
5899,0
5900,1022
5901,0
5902,1021
5903,0
5904,1022
5905,0
5906,1022
5907,0
5908,1021
5909,0
5910,1022
5911,0
5912,1021
5913,0
5914,1022
5915,0
5916,1022
5917,0
5918,1022
5919,1022
5920,0
5921,1021
5922,0
5923,1022
5924,0
5925,1022
5926,0
5927,1022
5928,0
5929,1022
5930,0
5931,1022
5932,0
5933,1022
5934,0
5935,1022
5936,0
5937,1022
5938,0
5939,1022
5940,0
5941,1022
5942,0
5943,1021
5944,0
5945,1021
5946,0
5947,1022
5948,0
5949,0
5950,1022
5951,0
5952,1022
5953,0
5954,1022
5955,0
5956,1022
5957,0
5958,1022
5959,0
5960,1022
5961,0
5962,1022
5963,0
5964,1022
5965,0
5966,1022
5967,0
5968,1022
5969,0
5970,1022
5971,0
5972,1022
5973,0
5974,1022
5975,0
5976,1022
5977,0
5978,1022
5979,1021
5980,0
5981,1022
5982,0
5983,1021
5984,0
5985,1021
5986,0
5987,1022
5988,0
5989,1022
5990,0
5991,1022
5992,0
5993,1022
5994,0
5995,1022
5996,0
5997,1022
5998,0
5999,1022
6000,0
6001,1022
6002,0
6003,1022
6004,0
6005,1022
6006,0
6007,1022
6008,0
6009,1022
6010,1021
6011,0
6012,1022
6013,0
6014,1022
6015,0
6016,1021
6017,0
6018,1022
6019,0
6020,1022
6021,0
6022,1022
6023,0
6024,1022
6025,0
6026,1022
6027,0
6028,1022
6029,0
6030,1022
6031,0
6032,1022
6033,0
6034,1022
6035,0
6036,1022
6037,0
6038,1021
6039,0
6040,0
6041,1022
6042,0
6043,1022
6044,0
6045,1022
6046,0
6047,1022
6048,0
6049,1022
6050,0
6051,1022
6052,0
6053,1022
6054,0
6055,1022
6056,0
6057,1021
6058,0
6059,1022
6060,0
6061,1022
6062,0
6063,1022
6064,0
6065,1022
6066,0
6067,1021
6068,0
6069,1022
6070,1022
6071,0
6072,1022
6073,0
6074,1022
6075,0
6076,1022
6077,0
6078,1022
6079,0
6080,1022
6081,0
6082,1022
6083,0
6084,1022
6085,0
6086,1022
6087,0
6088,1021
6089,0
6090,1022
6091,0
6092,1022
6093,0
6094,1022
6095,0
6096,1022
6097,0
6098,1022
6099,0
6100,81
6101,1022
6102,0
6103,1022
6104,0
6105,1022
6106,0
6107,1023
6108,0
6109,1022
6110,0
6111,1022
6112,0
6113,1022
6114,0
6115,1022
6116,0
6117,1022
6118,0
6119,1022
6120,0
6121,1022
6122,0
6123,1022
6124,0
6125,1022
6126,0
6127,1022
6128,0
6129,1022
6130,0
6131,0
6132,1021
6133,0
6134,1021
6135,0
6136,1022
6137,0
6138,1022
6139,0
6140,1022
6141,0
6142,1022
6143,0
6144,1022
6145,0
6146,1022
6147,0
6148,1022
6149,0
6150,1022
6151,0
6152,1022
6153,0
6154,1022
6155,0
6156,1022
6157,0
6158,1022
6159,0
6160,1022
6161,1021
6162,0
6163,1022
6164,0
6165,1022
6166,0
6167,1022
6168,0
6169,1022
6170,0
6171,1022
6172,0
6173,1022
6174,0
6175,1022
6176,0
6177,1022
6178,0
6179,1022
6180,0
6181,1022
6182,0
6183,1022
6184,0
6185,1022
6186,0
6187,1022
6188,0
6189,1022
6190,0
6191,0
6192,1022
6193,0
6194,1022
6195,0
6196,1022
6197,0
6198,1022
6199,0
6200,1022
6201,0
6202,1022
6203,0
6204,1022
6205,0
6206,1022
6207,0
6208,1023
6209,0
6210,1021
6211,0
6212,1021
6213,0
6214,1022
6215,0
6216,1022
6217,0
6218,1022
6219,0
6220,1022
6221,1006
6222,0
6223,1022
6224,0
6225,1022
6226,0
6227,1021
6228,0
6229,1022
6230,0
6231,1022
6232,0
6233,1022
6234,0
6235,1022
6236,0
6237,1022
6238,0
6239,1022
6240,0
6241,1022
6242,0
6243,1021
6244,0
6245,1022
6246,0
6247,1022
6248,0
6249,1021
6250,0
6251,1022
6252,1022
6253,0
6254,1021
6255,0
6256,1022
6257,0
6258,1022
6259,0
6260,1022
6261,0
6262,1022
6263,0
6264,1022
6265,0
6266,1022
6267,0
6268,1022
6269,0
6270,1022
6271,0
6272,1022
6273,0
6274,1022
6275,0
6276,1021
6277,0
6278,1022
6279,0
6280,1022
6281,0
6282,0
6283,1022
6284,0
6285,1022
6286,0
6287,1021
6288,0
6289,1022
6290,0
6291,1022
6292,0
6293,1022
6294,0
6295,1022
6296,0
6297,1022
6298,0
6299,1022
6300,0
6301,1022
6302,0
6303,1022
6304,0
6305,1022
6306,0
6307,1022
6308,0
6309,1022
6310,0
6311,1022
6312,1021
6313,0
6314,1022
6315,0
6316,1022
6317,0
6318,1022
6319,0
6320,1022
6321,0
6322,1022
6323,0
6324,1022
6325,0
6326,1022
6327,0
6328,1022
6329,0
6330,1022
6331,0
6332,1022
6333,0
6334,1022
6335,0
6336,1022
6337,0
6338,1022
6339,0
6340,1022
6341,0
6342,81
6343,1022
6344,0
6345,1022
6346,0
6347,1022
6348,0
6349,1022
6350,0
6351,1022
6352,0
6353,1022
6354,0
6355,1022
6356,0
6357,1022
6358,0
6359,1022
6360,0
6361,1022
6362,0
6363,1022
6364,0
6365,1021
6366,0
6367,1021
6368,0
6369,1022
6370,0
6371,1022
6372,1006
6373,0
6374,1022
6375,0
6376,1022
6377,0
6378,1022
6379,0
6380,1022
6381,0
6382,1022
6383,0
6384,1022
6385,0
6386,1022
6387,0
6388,1022
6389,0
6390,1022
6391,0
6392,1022
6393,0
6394,1022
6395,0
6396,1022
6397,0
6398,1022
6399,0
6400,1022
6401,0
6402,1022
6403,1022
6404,0
6405,1022
6406,0
6407,1021
6408,0
6409,1022
6410,0
6411,1022
6412,0
6413,1023
6414,0
6415,1022
6416,0
6417,1022
6418,0
6419,1022
6420,0
6421,1022
6422,0
6423,1022
6424,0
6425,1022
6426,0
6427,1022
6428,0
6429,1022
6430,0
6431,1022
6432,0
6433,0
6434,1022
6435,0
6436,1022
6437,0
6438,1022
6439,0
6440,1022
6441,0
6442,1022
6443,0
6444,1022
6445,0
6446,1022
6447,0
6448,1022
6449,0
6450,1022
6451,0
6452,1022
6453,0
6454,1022
6455,0
6456,1022
6457,0
6458,1022
6459,0
6460,1022
6461,0
6462,1021
6463,1006
6464,0
6465,1022
6466,0
6467,1022
6468,0
6469,1022
6470,0
6471,1022
6472,0
6473,1022
6474,0
6475,1022
6476,0
6477,1022
6478,0
6479,1022
6480,0
6481,1022
6482,0
6483,1022
6484,0
6485,1022
6486,0
6487,1021
6488,0
6489,1022
6490,0
6491,1021
6492,0
6493,1021
6494,1022
6495,0
6496,1022
6497,0
6498,1022
6499,0
6500,1022
6501,0
6502,1022
6503,0
6504,1022
6505,0
6506,1022
6507,0
6508,1022
6509,0
6510,1022
6511,0
6512,1022
6513,0
6514,1022
6515,0
6516,1022
6517,0
6518,1022
6519,0
6520,1022
6521,0
6522,1021
6523,0
6524,0
6525,1022
6526,0
6527,1022
6528,0
6529,1022
6530,0
6531,1021
6532,0
6533,1022
6534,0
6535,1022
6536,0
6537,1022
6538,0
6539,1022
6540,0
6541,1022
6542,0
6543,1022
6544,0
6545,1022
6546,0
6547,1022
6548,0
6549,1022
6550,0
6551,1022
6552,0
6553,1022
6554,1022
6555,0
6556,1022
6557,0
6558,1022
6559,0
6560,1022
6561,0
6562,1022
6563,0
6564,1021
6565,0
6566,1021
6567,0
6568,1022
6569,0
6570,1022
6571,0
6572,1022
6573,0
6574,1022
6575,0
6576,1022
6577,0
6578,1022
6579,0
6580,1022
6581,0
6582,1022
6583,0
6584,56
6585,1022
6586,0
6587,1022
6588,0
6589,1022
6590,0
6591,1021
6592,0
6593,1022
6594,0
6595,1021
6596,0
6597,1022
6598,0
6599,1021
6600,0
6601,1022
6602,0
6603,1022
6604,0
6605,1022
6606,0
6607,1022
6608,0
6609,1022
6610,0
6611,1022
6612,0
6613,1022
6614,1022
6615,0
6616,1022
6617,0
6618,1022
6619,0
6620,1022
6621,0
6622,1022
6623,0
6624,1022
6625,0
6626,1022
6627,0
6628,1022
6629,0
6630,1022
6631,0
6632,1022
6633,0
6634,1022
6635,0
6636,1022
6637,0
6638,1022
6639,0
6640,1022
6641,0
6642,1022
6643,0
6644,1021
6645,1022
6646,0
6647,1022
6648,0
6649,1022
6650,0
6651,1022
6652,0
6653,1022
6654,0
6655,1022
6656,0
6657,1022
6658,0
6659,1021
6660,0
6661,1022
6662,0
6663,1022
6664,0
6665,1022
6666,0
6667,1022
6668,0
6669,1022
6670,0
6671,1022
6672,0
6673,1022
6674,0
6675,0
6676,1022
6677,0
6678,1022
6679,0
6680,1022
6681,0
6682,1022
6683,0
6684,1022
6685,0
6686,1022
6687,0
6688,1022
6689,0
6690,1021
6691,0
6692,1022
6693,0
6694,1022
6695,0
6696,1022
6697,0
6698,1022
6699,0
6700,1022
6701,0
6702,1021
6703,0
6704,1022
6705,998
6706,0
6707,1022
6708,0
6709,1022
6710,0
6711,1022
6712,0
6713,1022
6714,0
6715,1022
6716,0
6717,1022
6718,0
6719,1022
6720,0
6721,1021
6722,0
6723,1021
6724,0
6725,1022
6726,0
6727,1021
6728,0
6729,1022
6730,0
6731,1021
6732,0
6733,1022
6734,0
6735,1022
6736,1022
6737,0
6738,1022
6739,0
6740,1022
6741,0
6742,1022
6743,0
6744,1022
6745,0
6746,1022
6747,0
6748,1021
6749,0
6750,1022
6751,0
6752,1022
6753,0
6754,1022
6755,0
6756,1022
6757,0
6758,1022
6759,0
6760,1022
6761,0
6762,1022
6763,0
6764,1022
6765,0
6766,0
6767,1022
6768,0
6769,1022
6770,0
6771,1022
6772,0
6773,1022
6774,0
6775,1022
6776,0
6777,1022
6778,0
6779,1022
6780,0
6781,1022
6782,0
6783,1022
6784,0
6785,1022
6786,0
6787,1022
6788,0
6789,1022
6790,0
6791,1022
6792,0
6793,1022
6794,0
6795,1022
6796,1022
6797,0
6798,1022
6799,0
6800,1022
6801,0
6802,1021
6803,0
6804,1022
6805,0
6806,1022
6807,0
6808,1022
6809,0
6810,1022
6811,0
6812,1022
6813,0
6814,1022
6815,0
6816,1022
6817,0
6818,1022
6819,0
6820,1021
6821,0
6822,1021
6823,0
6824,1022
6825,0
6826,80
6827,1022
6828,0
6829,1021
6830,0
6831,1022
6832,0
6833,1022
6834,0
6835,1022
6836,0
6837,1022
6838,0
6839,1022
6840,0
6841,1022
6842,0
6843,1022
6844,0
6845,1022
6846,0
6847,1021
6848,0
6849,1022
6850,0
6851,1022
6852,0
6853,1022
6854,0
6855,1022
6856,0
6857,0
6858,1022
6859,0
6860,1022
6861,0
6862,1022
6863,0
6864,1022
6865,0
6866,1022
6867,0
6868,1022
6869,0
6870,1022
6871,0
6872,1022
6873,0
6874,1022
6875,0
6876,1022
6877,0
6878,1022
6879,0
6880,1022
6881,0
6882,1022
6883,0
6884,1022
6885,0
6886,1022
6887,1022
6888,0
6889,1021
6890,0
6891,1022
6892,0
6893,1022
6894,0
6895,1022
6896,0
6897,1021
6898,0
6899,1021
6900,0
6901,1021
6902,0
6903,1022
6904,0
6905,1022
6906,0
6907,1021
6908,0
6909,1022
6910,0
6911,1021
6912,0
6913,1022
6914,0
6915,1022
6916,0
6917,0
6918,1022
6919,0
6920,1022
6921,0
6922,1022
6923,0
6924,1022
6925,0
6926,1022
6927,0
6928,1022
6929,0
6930,1022
6931,0
6932,1022
6933,0
6934,1022
6935,0
6936,1022
6937,0
6938,1021
6939,0
6940,1022
6941,0
6942,1022
6943,0
6944,1022
6945,0
6946,1021
6947,1006
6948,0
6949,1022
6950,0
6951,1022
6952,0
6953,1022
6954,0
6955,1022
6956,0
6957,1021
6958,0
6959,1022
6960,0
6961,1022
6962,0
6963,1022
6964,0
6965,1022
6966,0
6967,1022
6968,0
6969,1022
6970,0
6971,1022
6972,0
6973,1022
6974,0
6975,1022
6976,0
6977,1022
6978,1021
6979,0
6980,1022
6981,0
6982,1022
6983,0
6984,1022
6985,0
6986,1022
6987,0
6988,1022
6989,0
6990,1022
6991,0
6992,1022
6993,0
6994,1022
6995,0
6996,1022
6997,0
6998,1022
6999,0
7000,1022
7001,0
7002,1022
7003,0
7004,1022
7005,0
7006,1022
7007,0
7008,0
7009,1022
7010,0
7011,1022
7012,0
7013,1022
7014,0
7015,1022
7016,0
7017,1022
7018,0
7019,1022
7020,0
7021,1022
7022,0
7023,1022
7024,0
7025,1022
7026,0
7027,1022
7028,0
7029,1022
7030,0
7031,1022
7032,0
7033,1022
7034,0
7035,1022
7036,0
7037,1022
7038,1022
7039,0
7040,1022
7041,0
7042,1021
7043,0
7044,1022
7045,0
7046,1022
7047,0
7048,1021
7049,0
7050,1021
7051,0
7052,1021
7053,0
7054,1023
7055,0
7056,1021
7057,0
7058,1021
7059,0
7060,1022
7061,0
7062,1022
7063,0
7064,1022
7065,0
7066,1022
7067,0
7068,80
7069,1022
7070,0
7071,1022
7072,0
7073,1022
7074,0
7075,1022
7076,0
7077,1022
7078,0
7079,1022
7080,0
7081,1022
7082,0
7083,1022
7084,0
7085,1022
7086,0
7087,1022
7088,0
7089,1022
7090,0
7091,1022
7092,0
7093,1022
7094,0
7095,1022
7096,0
7097,1022
7098,1006
7099,0
7100,1022
7101,0
7102,1022
7103,0
7104,1022
7105,0
7106,1022
7107,0
7108,1022
7109,0
7110,1022
7111,0
7112,1022
7113,0
7114,1022
7115,0
7116,1022
7117,0
7118,1022
7119,0
7120,1022
7121,0
7122,1022
7123,0
7124,1022
7125,0
7126,1022
7127,0
7128,1021
7129,1021
7130,0
7131,1022
7132,0
7133,1022
7134,0
7135,1022
7136,0
7137,1022
7138,0
7139,1022
7140,0
7141,1022
7142,0
7143,1022
7144,0
7145,1022
7146,0
7147,1022
7148,0
7149,1022
7150,0
7151,1022
7152,0
7153,1022
7154,0
7155,1022
7156,0
7157,1022
7158,0
7159,0
7160,1022
7161,0
7162,1022
7163,0
7164,1022
7165,0
7166,1022
7167,0
7168,1022
7169,0
7170,1022
7171,0
7172,1022
7173,0
7174,1022
7175,0
7176,1022
7177,0
7178,1021
7179,0
7180,1022
7181,0
7182,1022
7183,0
7184,1022
7185,0
7186,1022
7187,0
7188,1022
7189,998
7190,0
7191,1022
7192,0
7193,1022
7194,0
7195,1022
7196,0
7197,1022
7198,0
7199,1021
7200,0
7201,1022
7202,0
7203,1022
7204,0
7205,1021
7206,0
7207,1021
7208,0
7209,1022
7210,0
7211,1022
7212,0
7213,1022
7214,0
7215,1022
7216,0
7217,1022
7218,0
7219,1022
7220,1022
7221,0
7222,1022
7223,0
7224,1022
7225,0
7226,1022
7227,0
7228,1022
7229,0
7230,1022
7231,0
7232,1022
7233,0
7234,1022
7235,0
7236,1022
7237,0
7238,1022
7239,0
7240,1022
7241,0
7242,1022
7243,0
7244,1022
7245,0
7246,1022
7247,0
7248,1022
7249,0
7250,0
7251,1020
7252,0
7253,1022
7254,0
7255,1021
7256,0
7257,1021
7258,0
7259,1021
7260,0
7261,1022
7262,0
7263,1022
7264,0
7265,1022
7266,0
7267,1022
7268,0
7269,1022
7270,0
7271,1022
7272,0
7273,1022
7274,0
7275,1022
7276,0
7277,1021
7278,0
7279,1022
7280,1021
7281,0
7282,1021
7283,0
7284,1022
7285,0
7286,1022
7287,0
7288,1022
7289,0
7290,1022
7291,0
7292,1021
7293,0
7294,1022
7295,0
7296,1022
7297,0
7298,1022
7299,0
7300,1022
7301,0
7302,1022
7303,0
7304,1022
7305,0
7306,1022
7307,0
7308,1022
7309,0
7310,81
7311,1022
7312,0
7313,1022
7314,0
7315,1022
7316,0
7317,1022
7318,0
7319,1022
7320,0
7321,1022
7322,0
7323,1022
7324,0
7325,1022
7326,0
7327,1022
7328,0
7329,1022
7330,0
7331,1022
7332,0
7333,1022
7334,0
7335,1022
7336,0
7337,1022
7338,0
7339,1022
7340,998
7341,0
7342,1022
7343,0
7344,1022
7345,0
7346,1022
7347,0
7348,1022
7349,0
7350,1022
7351,0
7352,1022
7353,0
7354,1022
7355,0
7356,1021
7357,0
7358,1021
7359,0
7360,1022
7361,0
7362,1022
7363,0
7364,1022
7365,0
7366,1023
7367,0
7368,1021
7369,0
7370,1022
7371,1022
7372,0
7373,1022
7374,0
7375,1022
7376,0
7377,1022
7378,0
7379,1022
7380,0
7381,1022
7382,0
7383,1022
7384,0
7385,1022
7386,0
7387,1022
7388,0
7389,1022
7390,0
7391,1022
7392,0
7393,1022
7394,0
7395,1022
7396,0
7397,1022
7398,0
7399,1022
7400,0
7401,0
7402,1022
7403,0
7404,1022
7405,0
7406,1022
7407,0
7408,1022
7409,0
7410,1022
7411,0
7412,1022
7413,0
7414,1022
7415,0
7416,1022
7417,0
7418,1022
7419,0
7420,1022
7421,0
7422,1022
7423,0
7424,1022
7425,0
7426,1022
7427,0
7428,1022
7429,0
7430,1022
7431,998
7432,0
7433,1021
7434,0
7435,1021
7436,0
7437,1022
7438,0
7439,1022
7440,0
7441,1022
7442,0
7443,1022
7444,0
7445,1022
7446,0
7447,1022
7448,0
7449,1022
7450,0
7451,1022
7452,0
7453,1022
7454,0
7455,1022
7456,0
7457,1021
7458,0
7459,1022
7460,0
7461,1022
7462,1022
7463,0
7464,1022
7465,0
7466,1022
7467,0
7468,1022
7469,0
7470,1022
7471,0
7472,1022
7473,0
7474,1022
7475,0
7476,1022
7477,0
7478,1021
7479,0
7480,1022
7481,0
7482,1022
7483,0
7484,1022
7485,0
7486,1022
7487,0
7488,1022
7489,0
7490,1022
7491,0
7492,0
7493,1022
7494,0
7495,1022
7496,0
7497,1022
7498,0
7499,1022
7500,0
7501,1022
7502,0
7503,1022
7504,0
7505,1022
7506,0
7507,1022
7508,0
7509,1023
7510,0
7511,1022
7512,0
7513,1022
7514,0
7515,1022
7516,0
7517,1022
7518,0
7519,1022
7520,0
7521,1022
7522,1022
7523,0
7524,1022
7525,0
7526,1022
7527,0
7528,1022
7529,0
7530,1022
7531,0
7532,1022
7533,0
7534,1022
7535,0
7536,1022
7537,0
7538,1022
7539,0
7540,1022
7541,0
7542,1022
7543,0
7544,1021
7545,0
7546,1022
7547,0
7548,1022
7549,0
7550,1022
7551,0
7552,0
7553,1021
7554,0
7555,1022
7556,0
7557,1022
7558,0
7559,1022
7560,0
7561,1022
7562,0
7563,1022
7564,0
7565,1022
7566,0
7567,1022
7568,0
7569,1022
7570,0
7571,1022
7572,0
7573,1022
7574,0
7575,1022
7576,0
7577,1022
7578,0
7579,1022
7580,0
7581,1022
7582,0
7583,0
7584,1022
7585,0
7586,1022
7587,0
7588,1022
7589,0
7590,1022
7591,0
7592,1022
7593,0
7594,1022
7595,0
7596,1022
7597,0
7598,1022
7599,0
7600,1022
7601,0
7602,1022
7603,0
7604,1022
7605,0
7606,1022
7607,0
7608,1022
7609,0
7610,1022
7611,0
7612,1022
7613,1022
7614,0
7615,1022
7616,0
7617,1022
7618,0
7619,1022
7620,0
7621,1022
7622,0
7623,1022
7624,0
7625,1022
7626,0
7627,1022
7628,0
7629,1022
7630,0
7631,1022
7632,0
7633,1022
7634,0
7635,1022
7636,0
7637,1022
7638,0
7639,1021
7640,0
7641,1022
7642,0
7643,0
7644,1022
7645,0
7646,1022
7647,0
7648,1022
7649,0
7650,1022
7651,0
7652,1022
7653,0
7654,1022
7655,0
7656,1022
7657,0
7658,1021
7659,0
7660,1021
7661,0
7662,1022
7663,0
7664,1022
7665,0
7666,1022
7667,0
7668,1022
7669,0
7670,1022
7671,0
7672,1022
7673,1005
7674,0
7675,1022
7676,0
7677,1022
7678,0
7679,1022
7680,0
7681,1022
7682,0
7683,1022
7684,0
7685,1022
7686,0
7687,1022
7688,0
7689,1021
7690,0
7691,1022
7692,0
7693,1022
7694,0
7695,1022
7696,0
7697,1022
7698,0
7699,1022
7700,0
7701,1022
7702,0
7703,1021
7704,1021
7705,0
7706,1022
7707,0
7708,1022
7709,0
7710,1022
7711,0
7712,1022
7713,0
7714,1022
7715,0
7716,1022
7717,0
7718,1022
7719,0
7720,1021
7721,0
7722,1021
7723,0
7724,1022
7725,0
7726,1022
7727,0
7728,1022
7729,0
7730,1022
7731,0
7732,1022
7733,0
7734,0
7735,1022
7736,0
7737,1022
7738,0
7739,1021
7740,0
7741,1021
7742,0
7743,1022
7744,0
7745,1022
7746,0
7747,1022
7748,0
7749,1022
7750,0
7751,1022
7752,0
7753,1022
7754,0
7755,1022
7756,0
7757,1022
7758,0
7759,1022
7760,0
7761,1022
7762,0
7763,1022
7764,1022
7765,0
7766,1022
7767,0
7768,1022
7769,0
7770,1022
7771,0
7772,1021
7773,0
7774,1022
7775,0
7776,1022
7777,0
7778,1022
7779,0
7780,1022
7781,0
7782,1022
7783,0
7784,1022
7785,0
7786,1022
7787,0
7788,1022
7789,0
7790,1021
7791,0
7792,1022
7793,0
7794,80
7795,1021
7796,0
7797,1022
7798,0
7799,1022
7800,0
7801,1022
7802,0
7803,1022
7804,0
7805,1022
7806,0
7807,1022
7808,0
7809,1022
7810,0
7811,1022
7812,0
7813,1022
7814,0
7815,1022
7816,0
7817,1022
7818,0
7819,1022
7820,0
7821,1022
7822,0
7823,1022
7824,0
7825,0
7826,1022
7827,0
7828,1022
7829,0
7830,1022
7831,0
7832,1022
7833,0
7834,1022
7835,0
7836,1022
7837,0
7838,1022
7839,0
7840,1022
7841,0
7842,1022
7843,0
7844,1022
7845,0
7846,1022
7847,0
7848,1022
7849,0
7850,1022
7851,0
7852,1021
7853,0
7854,1022
7855,1022
7856,0
7857,1022
7858,0
7859,1022
7860,0
7861,1022
7862,0
7863,1022
7864,0
7865,1022
7866,0
7867,1022
7868,0
7869,1022
7870,0
7871,1022
7872,0
7873,1022
7874,0
7875,1022
7876,0
7877,1022
7878,0
7879,1022
7880,0
7881,1022
7882,0
7883,1022
7884,0
7885,0
7886,1022
7887,0
7888,1022
7889,0
7890,1022
7891,0
7892,1022
7893,0
7894,1022
7895,0
7896,1022
7897,0
7898,1022
7899,0
7900,1022
7901,0
7902,1022
7903,0
7904,1022
7905,0
7906,1022
7907,0
7908,1022
7909,0
7910,1022
7911,0
7912,1022
7913,0
7914,1022
7915,999
7916,0
7917,1022
7918,0
7919,1022
7920,0
7921,1022
7922,0
7923,1022
7924,0
7925,1022
7926,0
7927,1021
7928,0
7929,1022
7930,0
7931,1022
7932,0
7933,1022
7934,0
7935,1022
7936,0
7937,1021
7938,0
7939,1022
7940,0
7941,1022
7942,0
7943,1022
7944,0
7945,1022
7946,1023
7947,0
7948,1022
7949,0
7950,1022
7951,0
7952,1022
7953,0
7954,1023
7955,0
7956,1021
7957,0
7958,1022
7959,0
7960,1022
7961,0
7962,1022
7963,0
7964,1022
7965,0
7966,1022
7967,0
7968,1022
7969,0
7970,1021
7971,0
7972,1022
7973,0
7974,1022
7975,0
7976,0
7977,1022
7978,0
7979,1022
7980,0
7981,1022
7982,0
7983,1022
7984,0
7985,1022
7986,0
7987,1022
7988,0
7989,1021
7990,0
7991,1022
7992,0
7993,1021
7994,0
7995,1022
7996,0
7997,1022
7998,0
7999,1022
8000,0
8001,1022
8002,0
8003,1022
8004,0
8005,1022
8006,1021
8007,0
8008,1021
8009,0
8010,1021
8011,0
8012,1022
8013,0
8014,1021
8015,0
8016,1022
8017,0
8018,1022
8019,0
8020,1022
8021,0
8022,1023
8023,0
8024,1021
8025,0
8026,1022
8027,0
8028,1022
8029,0
8030,1022
8031,0
8032,1021
8033,0
8034,1022
8035,0
8036,56
8037,1022
8038,0
8039,1022
8040,0
8041,1021
8042,0
8043,1022
8044,0
8045,1023
8046,0
8047,1022
8048,0
8049,1022
8050,0
8051,1022
8052,0
8053,1022
8054,0
8055,1022
8056,0
8057,1021
8058,0
8059,1022
8060,0
8061,1022
8062,0
8063,1021
8064,0
8065,1022
8066,1006
8067,0
8068,1022
8069,0
8070,1022
8071,0
8072,1022
8073,0
8074,1022
8075,0
8076,1022
8077,0
8078,1022
8079,0
8080,1022
8081,0
8082,1022
8083,0
8084,1022
8085,0
8086,1022
8087,0
8088,1022
8089,0
8090,1022
8091,0
8092,1022
8093,0
8094,1022
8095,0
8096,1022
8097,1022
8098,0
8099,1022
8100,0
8101,1022
8102,0
8103,1022
8104,0
8105,1022
8106,0
8107,1021
8108,0
8109,1022
8110,0
8111,1021
8112,0
8113,1022
8114,0
8115,1022
8116,0
8117,1022
8118,0
8119,1022
8120,0
8121,1022
8122,0
8123,1021
8124,0
8125,1022
8126,0
8127,0
8128,1022
8129,0
8130,1022
8131,0
8132,1021
8133,0
8134,1022
8135,0
8136,1022
8137,0
8138,1022
8139,0
8140,1022
8141,0
8142,1022
8143,0
8144,1022
8145,0
8146,1022
8147,0
8148,1022
8149,0
8150,1022
8151,0
8152,1022
8153,0
8154,1023
8155,0
8156,1022
8157,998
8158,0
8159,1022
8160,0
8161,1022
8162,0
8163,1022
8164,0
8165,1022
8166,0
8167,1022
8168,0
8169,1022
8170,0
8171,1022
8172,0
8173,1022
8174,0
8175,1022
8176,0
8177,1022
8178,0
8179,1022
8180,0
8181,1022
8182,0
8183,1022
8184,0
8185,1021
8186,0
8187,1022
8188,1022
8189,0
8190,1022
8191,0
8192,1022
8193,0
8194,1021
8195,0
8196,1022
8197,0
8198,1022
8199,0
8200,1022
8201,0
8202,1022
8203,0
8204,1022
8205,0
8206,1022
8207,0
8208,1022
8209,0
8210,1022
8211,0
8212,1022
8213,0
8214,1022
8215,0
8216,1022
8217,0
8218,0
8219,1022
8220,0
8221,1022
8222,0
8223,1022
8224,0
8225,1022
8226,0
8227,1022
8228,0
8229,1022
8230,0
8231,1022
8232,0
8233,1021
8234,0
8235,1021
8236,0
8237,1022
8238,0
8239,1022
8240,0
8241,1022
8242,0
8243,1022
8244,0
8245,1023
8246,0
8247,1022
8248,1021
8249,0
8250,1022
8251,0
8252,1022
8253,0
8254,1022
8255,0
8256,1022
8257,0
8258,1022
8259,0
8260,1022
8261,0
8262,1022
8263,0
8264,1022
8265,0
8266,1022
8267,0
8268,1022
8269,0
8270,1022
8271,0
8272,1021
8273,0
8274,1022
8275,0
8276,1022
8277,0
8278,0
8279,1021
8280,0
8281,1022
8282,0
8283,1021
8284,0
8285,1022
8286,0
8287,1022
8288,0
8289,1022
8290,0
8291,1022
8292,0
8293,1022
8294,0
8295,1022
8296,0
8297,1022
8298,0
8299,1022
8300,0
8301,1022
8302,0
8303,1022
8304,0
8305,1022
8306,0
8307,1022
8308,0
8309,0
8310,1022
8311,0
8312,1022
8313,0
8314,1022
8315,0
8316,1022
8317,0
8318,1022
8319,0
8320,1022
8321,0
8322,1022
8323,0
8324,1022
8325,0
8326,1022
8327,0
8328,1021
8329,0
8330,1021
8331,0
8332,1022
8333,0
8334,1022
8335,0
8336,1022
8337,0
8338,1022
8339,1022
8340,0
8341,1022
8342,0
8343,1022
8344,0
8345,1022
8346,0
8347,1022
8348,0
8349,1021
8350,0
8351,1021
8352,0
8353,1022
8354,0
8355,1022
8356,0
8357,1022
8358,0
8359,1021
8360,0
8361,1022
8362,0
8363,1022
8364,0
8365,1022
8366,0
8367,1022
8368,0
8369,0
8370,1021
8371,0
8372,1022
8373,0
8374,1022
8375,0
8376,1022
8377,0
8378,1022
8379,0
8380,1022
8381,0
8382,1022
8383,0
8384,1022
8385,0
8386,1022
8387,0
8388,1022
8389,0
8390,1022
8391,0
8392,1022
8393,0
8394,1023
8395,0
8396,1022
8397,0
8398,1022
8399,999
8400,0
8401,1021
8402,0
8403,1022
8404,0
8405,1021
8406,0
8407,1022
8408,0
8409,1022
8410,0
8411,1022
8412,0
8413,1022
8414,0
8415,1022
8416,0
8417,1022
8418,0
8419,1022
8420,0
8421,1022
8422,0
8423,1022
8424,0
8425,1021
8426,0
8427,1022
8428,0
8429,1022
8430,1022
8431,0
8432,1022
8433,0
8434,1022
8435,0
8436,1021
8437,0
8438,1023
8439,0
8440,1022
8441,0
8442,1022
8443,0
8444,1022
8445,0
8446,1022
8447,0
8448,1022
8449,0
8450,1022
8451,0
8452,1022
8453,0
8454,1022
8455,0
8456,1022
8457,0
8458,1022
8459,0
8460,0
8461,1022
8462,0
8463,1022
8464,0
8465,1022
8466,0
8467,1022
8468,0
8469,1022
8470,0
8471,1022
8472,0
8473,1022
8474,0
8475,1022
8476,0
8477,1022
8478,0
8479,1022
8480,0
8481,1022
8482,0
8483,1021
8484,0
8485,1022
8486,0
8487,1021
8488,0
8489,1022
8490,1022
8491,0
8492,1021
8493,0
8494,1022
8495,0
8496,1022
8497,0
8498,1022
8499,0
8500,1022
8501,0
8502,1022
8503,0
8504,1022
8505,0
8506,1021
8507,0
8508,1022
8509,0
8510,1022
8511,0
8512,1022
8513,0
8514,1022
8515,0
8516,1022
8517,0
8518,1022
8519,0
8520,56
8521,1022
8522,0
8523,1022
8524,0
8525,1022
8526,0
8527,1022
8528,0
8529,1022
8530,0
8531,1022
8532,0
8533,1022
8534,0
8535,1022
8536,0
8537,1022
8538,0
8539,1022
8540,0
8541,1022
8542,0
8543,1022
8544,0
8545,1022
8546,0
8547,1022
8548,0
8549,1022
8550,0
8551,0
8552,1022
8553,0
8554,1022
8555,0
8556,1022
8557,0
8558,1022
8559,0
8560,1022
8561,0
8562,1022
8563,0
8564,1022
8565,0
8566,1022
8567,0
8568,1022
8569,0
8570,1022
8571,0
8572,1022
8573,0
8574,1022
8575,0
8576,1022
8577,0
8578,1022
8579,0
8580,1022
8581,1022
8582,0
8583,1022
8584,0
8585,1021
8586,0
8587,1022
8588,0
8589,1021
8590,0
8591,1021
8592,0
8593,1022
8594,0
8595,1022
8596,0
8597,1022
8598,0
8599,1021
8600,0
8601,1022
8602,0
8603,1021
8604,0
8605,1022
8606,0
8607,1022
8608,0
8609,1022
8610,0
8611,0
8612,1022
8613,0
8614,1022
8615,0
8616,1022
8617,0
8618,1022
8619,0
8620,1022
8621,0
8622,1022
8623,0
8624,1022
8625,0
8626,1022
8627,0
8628,1022
8629,0
8630,1022
8631,0
8632,1022
8633,0
8634,1022
8635,0
8636,1022
8637,0
8638,1022
8639,0
8640,1022
8641,1006
8642,0
8643,1022
8644,0
8645,1022
8646,0
8647,1022
8648,0
8649,1022
8650,0
8651,1022
8652,0
8653,1022
8654,0
8655,1023
8656,0
8657,1022
8658,0
8659,1022
8660,0
8661,1022
8662,0
8663,1022
8664,0
8665,1022
8666,0
8667,1022
8668,0
8669,1022
8670,0
8671,1022
8672,1022
8673,0
8674,1022
8675,0
8676,1021
8677,0
8678,1022
8679,0
8680,1022
8681,0
8682,1022
8683,0
8684,1022
8685,0
8686,1022
8687,0
8688,1022
8689,0
8690,1022
8691,0
8692,1022
8693,0
8694,1022
8695,0
8696,1022
8697,0
8698,1022
8699,0
8700,1022
8701,0
8702,0
8703,1022
8704,0
8705,1022
8706,0
8707,1022
8708,0
8709,1021
8710,0
8711,1022
8712,0
8713,1022
8714,0
8715,1022
8716,0
8717,1022
8718,0
8719,1022
8720,0
8721,1022
8722,0
8723,1022
8724,0
8725,1022
8726,0
8727,1022
8728,0
8729,1022
8730,0
8731,1022
8732,1021
8733,0
8734,1021
8735,0
8736,1022
8737,0
8738,1022
8739,0
8740,1022
8741,0
8742,1021
8743,0
8744,1022
8745,0
8746,1022
8747,0
8748,1022
8749,0
8750,1022
8751,0
8752,1022
8753,0
8754,1022
8755,0
8756,1022
8757,0
8758,1022
8759,0
8760,1022
8761,0
8762,56
8763,1022
8764,0
8765,1022
8766,0
8767,1022
8768,0
8769,1022
8770,0
8771,1023
8772,0
8773,1022
8774,0
8775,1022
8776,0
8777,1022
8778,0
8779,1022
8780,0
8781,1022
8782,0
8783,1022
8784,0
8785,1022
8786,0
8787,1022
8788,0
8789,1022
8790,0
8791,1022
8792,1006
8793,0
8794,1022
8795,0
8796,1022
8797,0
8798,1022
8799,0
8800,1022
8801,0
8802,1022
8803,0
8804,1022
8805,0
8806,1022
8807,0
8808,1022
8809,0
8810,1022
8811,0
8812,1022
8813,0
8814,1022
8815,0
8816,1022
8817,0
8818,1022
8819,0
8820,1022
8821,0
8822,1022
8823,1022
8824,0
8825,1022
8826,0
8827,1022
8828,0
8829,1022
8830,0
8831,1022
8832,0
8833,1021
8834,0
8835,1022
8836,0
8837,1022
8838,0
8839,1022
8840,0
8841,1021
8842,0
8843,1022
8844,0
8845,1022
8846,0
8847,1022
8848,0
8849,1022
8850,0
8851,1022
8852,0
8853,0
8854,1022
8855,0
8856,1022
8857,0
8858,1022
8859,0
8860,1022
8861,0
8862,1022
8863,0
8864,1022
8865,0
8866,1022
8867,0
8868,1022
8869,0
8870,1022
8871,0
8872,1022
8873,0
8874,1022
8875,0
8876,1022
8877,0
8878,1021
8879,0
8880,1022
8881,0
8882,1022
8883,1006
8884,0
8885,1022
8886,0
8887,1022
8888,0
8889,1022
8890,0
8891,1021
8892,0
8893,1022
8894,0
8895,1022
8896,0
8897,1022
8898,0
8899,1022
8900,0
8901,1022
8902,0
8903,1022
8904,0
8905,1022
8906,0
8907,1022
8908,0
8909,1022
8910,0
8911,1022
8912,0
8913,1022
8914,1022
8915,0
8916,1022
8917,0
8918,1022
8919,0
8920,1022
8921,0
8922,1022
8923,0
8924,1022
8925,0
8926,1022
8927,0
8928,1021
8929,0
8930,1022
8931,0
8932,1022
8933,0
8934,1022
8935,0
8936,1022
8937,0
8938,1022
8939,0
8940,1022
8941,0
8942,1021
8943,0
8944,0
8945,1022
8946,0
8947,1022
8948,0
8949,1022
8950,0
8951,1022
8952,0
8953,1022
8954,0
8955,1022
8956,0
8957,1022
8958,0
8959,1022
8960,0
8961,1022
8962,0
8963,1022
8964,0
8965,1022
8966,0
8967,1022
8968,0
8969,1022
8970,0
8971,1022
8972,0
8973,1022
8974,1022
8975,0
8976,1022
8977,0
8978,1022
8979,0
8980,1022
8981,0
8982,1022
8983,0
8984,1022
8985,0
8986,1022
8987,0
8988,1022
8989,0
8990,1022
8991,0
8992,1022
8993,0
8994,1022
8995,0
8996,1022
8997,0
8998,1022
8999,0
9000,1022
9001,0
9002,1021
9003,0
9004,80
9005,1022
9006,0
9007,1022
9008,0
9009,1022
9010,0
9011,1022
9012,0
9013,1022
9014,0
9015,1022
9016,0
9017,1022
9018,0
9019,1022
9020,0
9021,1022
9022,0
9023,1022
9024,0
9025,1022
9026,0
9027,1022
9028,0
9029,1022
9030,0
9031,1022
9032,0
9033,1022
9034,0
9035,0
9036,1022
9037,0
9038,1021
9039,0
9040,1021
9041,0
9042,1022
9043,0
9044,1022
9045,0
9046,1022
9047,0
9048,1022
9049,0
9050,1022
9051,0
9052,1022
9053,0
9054,1022
9055,0
9056,1022
9057,0
9058,1021
9059,0
9060,1022
9061,0
9062,1021
9063,0
9064,1022
9065,1021
9066,0
9067,1022
9068,0
9069,1022
9070,0
9071,1022
9072,0
9073,1022
9074,0
9075,1022
9076,0
9077,1022
9078,0
9079,1022
9080,0
9081,1022
9082,0
9083,1022
9084,0
9085,1021
9086,0
9087,1022
9088,0
9089,1022
9090,0
9091,1022
9092,0
9093,1022
9094,0
9095,0
9096,1022
9097,0
9098,1022
9099,0
9100,1022
9101,0
9102,1022
9103,0
9104,1022
9105,0
9106,1022
9107,0
9108,1022
9109,0
9110,1022
9111,0
9112,1021
9113,0
9114,1021
9115,0
9116,1021
9117,0
9118,1021
9119,0
9120,1021
9121,0
9122,1022
9123,0
9124,1022
9125,1006
9126,0
9127,1022
9128,0
9129,1022
9130,0
9131,1022
9132,0
9133,1021
9134,0
9135,1022
9136,0
9137,1022
9138,0
9139,1022
9140,0
9141,1022
9142,0
9143,1021
9144,0
9145,1022
9146,0
9147,1022
9148,0
9149,1022
9150,0
9151,1022
9152,0
9153,1022
9154,0
9155,1022
9156,1022
9157,0
9158,1022
9159,0
9160,1021
9161,0
9162,1022
9163,0
9164,1022
9165,0
9166,1022
9167,0
9168,1022
9169,0
9170,1022
9171,0
9172,1022
9173,0
9174,1022
9175,0
9176,1022
9177,0
9178,1022
9179,0
9180,1022
9181,0
9182,1022
9183,0
9184,1022
9185,0
9186,0
9187,1022
9188,0
9189,1022
9190,0
9191,1021
9192,0
9193,1022
9194,0
9195,1021
9196,0
9197,1022
9198,0
9199,1022
9200,0
9201,1022
9202,0
9203,1022
9204,0
9205,1022
9206,0
9207,1022
9208,0
9209,1022
9210,0
9211,1022
9212,0
9213,1022
9214,0
9215,1022
9216,1022
9217,0
9218,1022
9219,0
9220,1022
9221,0
9222,1022
9223,0
9224,1022
9225,0
9226,1022
9227,0
9228,1022
9229,0
9230,1022
9231,0
9232,1022
9233,0
9234,1022
9235,0
9236,1021
9237,0
9238,1022
9239,0
9240,1022
9241,0
9242,1022
9243,0
9244,1021
9245,0
9246,56
9247,1022
9248,0
9249,1022
9250,0
9251,1022
9252,0
9253,1022
9254,0
9255,1022
9256,0
9257,1022
9258,0
9259,1022
9260,0
9261,1022
9262,0
9263,1021
9264,0
9265,1022
9266,0
9267,1022
9268,0
9269,1021
9270,0
9271,1022
9272,0
9273,1021
9274,0
9275,1022
9276,0
9277,0
9278,1022
9279,0
9280,1022
9281,0
9282,1022
9283,0
9284,1022
9285,0
9286,1022
9287,0
9288,1022
9289,0
9290,1022
9291,0
9292,1022
9293,0
9294,1022
9295,0
9296,1022
9297,0
9298,1022
9299,0
9300,1022
9301,0
9302,1022
9303,0
9304,1022
9305,0
9306,1022
9307,1022
9308,0
9309,1022
9310,0
9311,1022
9312,0
9313,1021
9314,0
9315,1022
9316,0
9317,1022
9318,0
9319,1022
9320,0
9321,1022
9322,0
9323,1022
9324,0
9325,1022
9326,0
9327,1022
9328,0
9329,1022
9330,0
9331,1022
9332,0
9333,1022
9334,0
9335,1022
9336,0
9337,0
9338,1022
9339,0
9340,1022
9341,0
9342,1021
9343,0
9344,1022
9345,0
9346,1022
9347,0
9348,1022
9349,0
9350,1022
9351,0
9352,1022
9353,0
9354,1022
9355,0
9356,1022
9357,0
9358,1022
9359,0
9360,1022
9361,0
9362,1022
9363,0
9364,1022
9365,0
9366,1022
9367,1006
9368,0
9369,1022
9370,0
9371,1022
9372,0
9373,1022
9374,0
9375,1022
9376,0
9377,1022
9378,0
9379,1022
9380,0
9381,1022
9382,0
9383,1022
9384,0
9385,1022
9386,0
9387,1022
9388,0
9389,1022
9390,0
9391,1022
9392,0
9393,1022
9394,0
9395,1022
9396,0
9397,1021
9398,1022
9399,0
9400,1022
9401,0
9402,1022
9403,0
9404,1022
9405,0
9406,1022
9407,0
9408,1022
9409,0
9410,1022
9411,0
9412,1022
9413,0
9414,1022
9415,0
9416,1022
9417,0
9418,1022
9419,0
9420,1023
9421,0
9422,1021
9423,0
9424,1022
9425,0
9426,1022
9427,0
9428,0
9429,1022
9430,0
9431,1022
9432,0
9433,1022
9434,0
9435,1022
9436,0
9437,1022
9438,0
9439,1022
9440,0
9441,1022
9442,0
9443,1021
9444,0
9445,1022
9446,0
9447,1022
9448,0
9449,1022
9450,0
9451,1022
9452,0
9453,1022
9454,0
9455,1022
9456,0
9457,1022
9458,1022
9459,0
9460,1022
9461,0
9462,1022
9463,0
9464,1021
9465,0
9466,1022
9467,0
9468,1021
9469,0
9470,1022
9471,0
9472,1022
9473,0
9474,1022
9475,0
9476,1022
9477,0
9478,1022
9479,0
9480,1022
9481,0
9482,1022
9483,0
9484,1022
9485,0
9486,1022
9487,0
9488,81
9489,1022
9490,0
9491,1022
9492,0
9493,1022
9494,0
9495,1023
9496,0
9497,1021
9498,0
9499,1022
9500,0
9501,1022
9502,0
9503,1021
9504,0
9505,1022
9506,0
9507,1022
9508,0
9509,1022
9510,0
9511,1022
9512,0
9513,1022
9514,0
9515,1022
9516,0
9517,1022
9518,1006
9519,0
9520,1022
9521,0
9522,1022
9523,0
9524,1022
9525,0
9526,1022
9527,0
9528,1022
9529,0
9530,1022
9531,0
9532,1022
9533,0
9534,1022
9535,0
9536,1022
9537,0
9538,1022
9539,0
9540,1022
9541,0
9542,1022
9543,0
9544,1022
9545,0
9546,1022
9547,0
9548,1022
9549,1022
9550,0
9551,1022
9552,0
9553,1022
9554,0
9555,1022
9556,0
9557,1022
9558,0
9559,1022
9560,0
9561,1022
9562,0
9563,1022
9564,0
9565,1022
9566,0
9567,1022
9568,0
9569,1022
9570,0
9571,1021
9572,0
9573,1022
9574,0
9575,1021
9576,0
9577,1022
9578,0
9579,0
9580,1021
9581,0
9582,1022
9583,0
9584,1022
9585,0
9586,1022
9587,0
9588,1022
9589,0
9590,1021
9591,0
9592,1022
9593,0
9594,1022
9595,0
9596,1022
9597,0
9598,1022
9599,0
9600,1021
9601,0
9602,1022
9603,0
9604,1022
9605,0
9606,1022
9607,0
9608,1022
9609,1006
9610,0
9611,1022
9612,0
9613,1022
9614,0
9615,1022
9616,0
9617,1022
9618,0
9619,1022
9620,0
9621,1022
9622,0
9623,1022
9624,0
9625,1022
9626,0
9627,1022
9628,0
9629,1022
9630,0
9631,1022
9632,0
9633,1021
9634,0
9635,1022
9636,0
9637,1022
9638,0
9639,1022
9640,1022
9641,0
9642,1022
9643,0
9644,1022
9645,0
9646,1022
9647,0
9648,1022
9649,0
9650,1022
9651,0
9652,1022
9653,0
9654,1021
9655,0
9656,1022
9657,0
9658,1022
9659,0
9660,1022
9661,0
9662,1022
9663,0
9664,1022
9665,0
9666,1022
9667,0
9668,1022
9669,0
9670,0
9671,1022
9672,0
9673,1022
9674,0
9675,1022
9676,0
9677,1022
9678,0
9679,1022
9680,0
9681,1022
9682,0
9683,1022
9684,0
9685,1022
9686,0
9687,1022
9688,0
9689,1022
9690,0
9691,1022
9692,0
9693,1022
9694,0
9695,1022
9696,0
9697,1022
9698,0
9699,1022
9700,1022
9701,0
9702,1022
9703,0
9704,1022
9705,0
9706,1022
9707,0
9708,1022
9709,0
9710,1022
9711,0
9712,1022
9713,0
9714,1022
9715,0
9716,1022
9717,0
9718,1022
9719,0
9720,1022
9721,0
9722,1022
9723,0
9724,1022
9725,0
9726,1021
9727,0
9728,1022
9729,0
9730,0
9731,1021
9732,0
9733,1022
9734,0
9735,1022
9736,0
9737,1022
9738,0
9739,1022
9740,0
9741,1022
9742,0
9743,1022
9744,0
9745,1022
9746,0
9747,1022
9748,0
9749,1022
9750,0
9751,1022
9752,0
9753,1022
9754,0
9755,1022
9756,0
9757,1022
9758,0
9759,1022
9760,0
9761,0
9762,1022
9763,0
9764,1021
9765,0
9766,1022
9767,0
9768,1022
9769,0
9770,1022
9771,0
9772,1022
9773,0
9774,1022
9775,0
9776,1021
9777,0
9778,1022
9779,0
9780,1022
9781,0
9782,1022
9783,0
9784,1022
9785,0
9786,1022
9787,0
9788,1022
9789,0
9790,1022
9791,1022
9792,0
9793,1022
9794,0
9795,1022
9796,0
9797,1022
9798,0
9799,1022
9800,0
9801,1021
9802,0
9803,1022
9804,0
9805,1021
9806,0
9807,1021
9808,0
9809,1021
9810,0
9811,1022
9812,0
9813,1022
9814,0
9815,1022
9816,0
9817,1021
9818,0
9819,1022
9820,0
9821,0
9822,1022
9823,0
9824,1022
9825,0
9826,1022
9827,0
9828,1021
9829,0
9830,1022
9831,0
9832,1022
9833,0
9834,1022
9835,0
9836,1022
9837,0
9838,1022
9839,0
9840,1022
9841,0
9842,1022
9843,0
9844,1022
9845,0
9846,1022
9847,0
9848,1022
9849,0
9850,1022
9851,998
9852,0
9853,1022
9854,0
9855,1022
9856,0
9857,1022
9858,0
9859,1021
9860,0
9861,1021
9862,0
9863,1022
9864,0
9865,1022
9866,0
9867,1022
9868,0
9869,1022
9870,0
9871,1022
9872,0
9873,1022
9874,0
9875,1023
9876,0
9877,1022
9878,0
9879,1022
9880,0
9881,1022
9882,1021
9883,0
9884,1022
9885,0
9886,1022
9887,0
9888,1022
9889,0
9890,1022
9891,0
9892,1022
9893,0
9894,1022
9895,0
9896,1022
9897,0
9898,1022
9899,0
9900,1021
9901,0
9902,1021
9903,0
9904,1022
9905,0
9906,1022
9907,0
9908,1022
9909,0
9910,1022
9911,0
9912,0
9913,1022
9914,0
9915,1022
9916,0
9917,1022
9918,0
9919,1022
9920,0
9921,1022
9922,0
9923,1022
9924,0
9925,1022
9926,0
9927,1022
9928,0
9929,1022
9930,0
9931,1022
9932,0
9933,1022
9934,0
9935,1022
9936,0
9937,1022
9938,0
9939,1022
9940,0
9941,1022
9942,1022
9943,0
9944,1022
9945,0
9946,1022
9947,0
9948,1022
9949,0
9950,1022
9951,0
9952,1022
9953,0
9954,1021
9955,0
9956,1021
9957,0
9958,1021
9959,0
9960,1021
9961,0
9962,1021
9963,0
9964,1022
9965,0
9966,1022
9967,0
9968,1022
9969,0
9970,1022
9971,0
9972,56
9973,1022
9974,0
9975,1022
9976,0
9977,1021
9978,0
9979,1022
9980,0
9981,1022
9982,0
9983,1022
9984,0
9985,1022
9986,0
9987,1022
9988,0
9989,1022
9990,0
9991,1022
9992,0
9993,1022
9994,0
9995,1022
9996,0
9997,1022
9998,0
9999,1022
10000,0
