1,1021
2,0
3,0
4,0
5,0
6,0
7,0
8,1022
9,1021
10,1021
11,1021
12,1022
13,1021
14,1022
15,1022
16,1022
17,1022
18,1022
19,1022
20,1022
21,1021
22,1022
23,1022
24,1022
25,1022
26,1022
27,1022
28,837
29,1022
30,749
31,0
32,0
33,0
34,0
35,0
36,0
37,0
38,0
39,0
40,0
41,0
42,0
43,0
44,0
45,0
46,0
47,0
48,0
49,0
50,0
51,817
52,1021
53,1022
54,1021
55,1022
56,1022
57,1022
58,1022
59,1022
60,1021
61,1022
62,1022
63,1022
64,1022
65,1022
66,1022
67,1022
68,1022
69,1022
70,1
71,0
72,0
73,0
74,0
75,0
76,0
77,0
78,0
79,0
80,0
81,0
82,0
83,0
84,0
85,0
86,0
87,0
88,0
89,0
90,0
91,0
92,0
93,1021
94,1021
95,1022
96,1022
97,1022
98,1022
99,1022
100,1022
101,1022
102,1022
103,1022
104,1022
105,1022
106,1022
107,1022
108,1022
109,1022
110,1022
111,837
112,1022
113,749
114,0
115,0
116,0
117,0
118,0
119,0
120,0
121,0
122,0
123,0
124,0
125,0
126,0
127,0
128,0
129,0
130,0
131,0
132,0
133,1021
134,843
135,1021
136,1022
137,1022
138,1022
139,1021
140,1022
141,1022
142,1022
143,1022
144,1022
145,1022
146,1023
147,1022
148,1022
149,1022
150,1023
151,1022
152,1021
153,1022
154,1022
155,1
156,0
157,0
158,0
159,0
160,0
161,0
162,0
163,0
164,0
165,0
166,0
167,0
168,0
169,0
170,0
171,0
172,0
173,0
174,1022
175,0
176,1022
177,1022
178,1022
179,1022
180,1021
181,1022
182,1022
183,1022
184,1021
185,1022
186,1022
187,1022
188,1022
189,1022
190,1022
191,1022
192,1022
193,1022
194,749
195,1022
196,749
197,0
198,0
199,0
200,0
201,0
202,0
203,0
204,0
205,0
206,0
207,0
208,0
209,0
210,0
211,0
212,0
213,0
214,0
215,0
216,1022
217,816
218,1022
219,1022
220,1022
221,1022
222,1022
223,1022
224,1022
225,1022
226,1021
227,1022
228,1022
229,1022
230,1022
231,1022
232,1022
233,1022
234,1022
235,1022
236,1022
237,1022
238,2
239,0
240,0
241,0
242,0
243,0
244,0
245,0
246,0
247,0
248,0
249,0
250,0
251,0
252,0
253,0
254,0
255,0
256,0
257,0
258,0
259,1021
260,1022
261,1022
262,1022
263,1022
264,1022
265,1022
266,1021
267,1022
268,1022
269,1022
270,1022
271,1022
272,1022
273,1022
274,1021
275,1021
276,1022
277,1022
278,1022
279,749
280,0
281,0
282,0
283,0
284,0
285,0
286,0
287,0
288,0
289,0
290,0
291,0
292,0
293,0
294,0
295,0
296,0
297,0
298,842
299,1021
300,843
301,1021
302,1022
303,1021
304,1022
305,1022
306,1021
307,1022
308,1022
309,1022
310,1022
311,1022
312,1022
313,1022
314,1022
315,1022
316,1022
317,1022
318,1022
319,1022
320,1022
321,1
322,0
323,0
324,0
325,0
326,0
327,0
328,0
329,0
330,0
331,0
332,0
333,0
334,0
335,0
336,0
337,0
338,0
339,0
340,1021
341,0
342,1022
343,1022
344,1022
345,1022
346,1022
347,1022
348,1022
349,1022
350,1021
351,1022
352,1021
353,1022
354,1021
355,1022
356,1022
357,1022
358,1022
359,1022
360,749
361,1022
362,837
363,0
364,0
365,0
366,0
367,0
368,0
369,0
370,0
371,0
372,0
373,0
374,0
375,0
376,0
377,0
378,0
379,0
380,0
381,843
382,0
383,844
384,1022
385,1022
386,1021
387,1022
388,1022
389,1022
390,1022
391,1022
392,1022
393,1022
394,1022
395,1022
396,1022
397,1022
398,1022
399,1022
400,1022
401,1022
402,1022
403,1022
404,1
405,0
406,0
407,0
408,0
409,0
410,0
411,0
412,0
413,0
414,0
415,0
416,0
417,0
418,0
419,0
420,0
421,0
422,0
423,1021
424,0
425,1021
426,1021
427,1022
428,1022
429,1022
430,1022
431,1022
432,1022
433,1022
434,1021
435,1022
436,1022
437,1022
438,1022
439,1022
440,1022
441,1022
442,1022
443,749
444,1022
445,837
446,0
447,0
448,0
449,0
450,0
451,0
452,0
453,0
454,0
455,0
456,0
457,0
458,0
459,0
460,0
461,0
462,0
463,0
464,0
465,0
466,817
467,1021
468,1021
469,1021
470,1021
471,1022
472,1022
473,1022
474,1022
475,1022
476,1022
477,1022
478,1022
479,1022
480,1022
481,1022
482,1022
483,1022
484,1022
485,1022
486,1022
487,2
488,0
489,0
490,0
491,0
492,0
493,0
494,0
495,0
496,0
497,0
498,0
499,0
500,0
501,0
502,0
503,0
504,0
505,0
506,0
507,0
508,1022
509,1022
510,1023
511,1022
512,1022
513,1022
514,1022
515,1021
516,1022
517,1022
518,1021
519,1022
520,1021
521,1022
522,1021
523,1022
524,1021
525,1022
526,837
527,1022
528,837
529,0
530,0
531,0
532,0
533,0
534,0
535,0
536,0
537,0
538,0
539,0
540,0
541,0
542,0
543,0
544,0
545,0
546,0
547,817
548,0
549,816
550,1022
551,1022
552,1022
553,1021
554,1022
555,1022
556,1021
557,1022
558,1022
559,1022
560,1022
561,1022
562,1022
563,1023
564,1022
565,1022
566,1022
567,1021
568,1
569,1022
570,2
571,0
572,0
573,0
574,0
575,0
576,0
577,0
578,0
579,0
580,0
581,0
582,0
583,0
584,0
585,0
586,0
587,0
588,0
589,1022
590,0
591,1021
592,1022
593,1022
594,1022
595,1022
596,1022
597,1022
598,1022
599,1021
600,1022
601,1021
602,1022
603,1022
604,1022
605,1022
606,1022
607,1022
608,1022
609,837
610,1022
611,749
612,0
613,0
614,0
615,0
616,0
617,0
618,0
619,0
620,0
621,0
622,0
623,0
624,0
625,0
626,0
627,0
628,0
629,0
630,0
631,0
632,817
633,1021
634,1022
635,1022
636,1022
637,1022
638,1022
639,1022
640,1022
641,1022
642,1022
643,1022
644,1022
645,1022
646,1022
647,1022
648,1022
649,1022
650,1022
651,1021
652,1022
653,2
654,0
655,0
656,0
657,0
658,0
659,0
660,0
661,0
662,0
663,0
664,0
665,0
666,0
667,0
668,0
669,0
670,0
671,0
672,0
673,0
674,1022
675,1021
676,1022
677,1022
678,1022
679,1022
680,1022
681,1023
682,1022
683,1022
684,1022
685,1022
686,1021
687,1021
688,1022
689,1022
690,1022
691,1022
692,749
693,1022
694,837
695,0
696,0
697,0
698,0
699,0
700,0
701,0
702,0
703,0
704,0
705,0
706,0
707,0
708,0
709,0
710,0
711,0
712,0
713,816
714,0
715,815
716,1022
717,1021
718,1022
719,1022
720,1022
721,1021
722,1022
723,1022
724,1022
725,1022
726,1022
727,1022
728,1022
729,1022
730,1022
731,1022
732,1022
733,1022
734,2
735,1022
736,2
737,0
738,0
739,0
740,0
741,0
742,0
743,0
744,0
745,0
746,0
747,0
748,0
749,0
750,0
751,0
752,0
753,0
754,0
755,0
756,0
757,1022
758,1022
759,1022
760,1021
761,1022
762,1021
763,1022
764,1022
765,1022
766,1022
767,1022
768,1021
769,1022
770,1022
771,1022
772,1022
773,1022
774,1022
775,1022
776,1022
777,749
778,0
779,0
780,0
781,0
782,0
783,0
784,0
785,0
786,0
787,0
788,0
789,0
790,0
791,0
792,0
793,0
794,0
795,0
796,816
797,0
798,844
799,1022
800,1022
801,1022
802,1022
803,1022
804,1022
805,1022
806,1022
807,1022
808,1022
809,1022
810,1022
811,1022
812,1021
813,1022
814,1021
815,1021
816,1022
817,1022
818,1022
819,0
820,0
821,0
822,0
823,0
824,0
825,0
826,0
827,0
828,0
829,0
830,0
831,0
832,0
833,0
834,0
835,0
836,0
837,0
838,1022
839,0
840,1022
841,1021
842,1022
843,1022
844,1022
845,1022
846,1022
847,1022
848,1022
849,1022
850,1022
851,1022
852,1022
853,1022
854,1022
855,1022
856,1022
857,1022
858,1022
859,1022
860,749
861,0
862,0
863,0
864,0
865,0
866,0
867,0
868,0
869,0
870,0
871,0
872,0
873,0
874,0
875,0
876,0
877,0
878,0
879,0
880,0
881,844
882,1021
883,1022
884,1022
885,1022
886,1021
887,1022
888,1022
889,1021
890,1022
891,1021
892,1022
893,1022
894,1022
895,1022
896,1022
897,1023
898,1022
899,1022
900,2
901,1022
902,2
903,0
904,0
905,0
906,0
907,0
908,0
909,0
910,0
911,0
912,0
913,0
914,0
915,0
916,0
917,0
918,0
919,0
920,0
921,1021
922,0
923,1022
924,1022
925,1022
926,1022
927,1022
928,1022
929,1022
930,1022
931,1022
932,1022
933,1022
934,1022
935,1022
936,1022
937,1022
938,1022
939,749
940,1021
941,1021
942,0
943,749
944,0
945,0
946,0
947,0
948,0
949,0
950,0
951,0
952,0
953,0
954,0
955,0
956,0
957,0
958,0
959,0
960,0
961,0
962,816
963,0
964,816
965,1022
966,1022
967,1022
968,1022
969,1023
970,1022
971,1022
972,1022
973,1022
974,1022
975,1022
976,1022
977,1022
978,1022
979,1022
980,1022
981,1022
982,1022
983,1022
984,0
985,1
986,0
987,0
988,0
989,0
990,0
991,0
992,0
993,0
994,0
995,0
996,0
997,0
998,0
999,0
1000,0
1001,0
1002,0
1003,0
1004,0
1005,0
1006,1022
1007,1022
1008,1022
1009,1022
1010,1022
1011,1022
1012,1022
1013,1022
1014,1022
1015,1022
1016,1022
1017,1022
1018,1022
1019,1023
1020,1022
1021,1022
1022,1022
1023,1022
1024,837
1025,1021
1026,837
1027,0
1028,0
1029,0
1030,0
1031,0
1032,0
1033,0
1034,0
1035,0
1036,0
1037,0
1038,0
1039,0
1040,0
1041,0
1042,0
1043,0
1044,0
1045,0
1046,0
1047,816
1048,1022
1049,1022
1050,1022
1051,1022
1052,1022
1053,1022
1054,1022
1055,1022
1056,1022
1057,1022
1058,1022
1059,1021
1060,1022
1061,1022
1062,1022
1063,1022
1064,1022
1065,1022
1066,1
1067,0
1068,1
1069,0
1070,0
1071,0
1072,0
1073,0
1074,0
1075,0
1076,0
1077,0
1078,0
1079,0
1080,0
1081,0
1082,0
1083,0
1084,0
1085,0
1086,0
1087,0
1088,0
1089,1021
1090,1022
1091,1022
1092,1022
1093,1022
1094,1022
1095,1022
1096,1022
1097,1022
1098,1022
1099,1022
1100,1022
1101,1022
1102,1022
1103,1022
1104,1022
1105,1022
1106,1022
1107,837
1108,1022
1109,837
1110,0
1111,0
1112,0
1113,0
1114,0
1115,0
1116,0
1117,0
1118,0
1119,0
1120,0
1121,0
1122,0
1123,0
1124,0
1125,0
1126,0
1127,0
1128,816
1129,0
1130,843
1131,1022
1132,1022
1133,1022
1134,1023
1135,1022
1136,1022
1137,1022
1138,1022
1139,1022
1140,1021
1141,1022
1142,1022
1143,1022
1144,1022
1145,1022
1146,1022
1147,1022
1148,1022
1149,1
1150,1022
1151,1
1152,0
1153,0
1154,0
1155,0
1156,0
1157,0
1158,0
1159,0
1160,0
1161,0
1162,0
1163,0
1164,0
1165,0
1166,0
1167,0
1168,0
1169,0
1170,1022
1171,1022
1172,1022
1173,1022
1174,1022
1175,1023
1176,1021
1177,1022
1178,1022
1179,1022
1180,1022
1181,1022
1182,1022
1183,1022
1184,1022
1185,1022
1186,1022
1187,1022
1188,1022
1189,1022
1190,749
1191,1022
1192,749
1193,0
1194,0
1195,0
1196,0
1197,0
1198,0
1199,0
1200,0
1201,0
1202,0
1203,0
1204,0
1205,0
1206,0
1207,0
1208,0
1209,0
1210,0
1211,843
1212,0
1213,815
1214,1022
1215,1022
1216,1022
1217,1022
1218,1022
1219,1022
1220,1022
1221,1022
1222,1021
1223,1022
1224,1022
1225,1022
1226,1022
1227,1022
1228,1022
1229,1022
1230,1021
1231,1022
1232,1
1233,0
1234,1
1235,0
1236,0
1237,0
1238,0
1239,0
1240,0
1241,0
1242,0
1243,0
1244,0
1245,0
1246,0
1247,0
1248,0
1249,0
1250,0
1251,0
1252,0
1253,0
1254,0
1255,1022
1256,1021
1257,1022
1258,1021
1259,1022
1260,1022
1261,1022
1262,1022
1263,1022
1264,1022
1265,1022
1266,1022
1267,1022
1268,1022
1269,1022
1270,1022
1271,1021
1272,1022
1273,749
1274,1022
1275,837
1276,0
1277,0
1278,0
1279,0
1280,0
1281,0
1282,0
1283,0
1284,0
1285,0
1286,0
1287,0
1288,0
1289,0
1290,0
1291,0
1292,0
1293,0
1294,842
1295,0
1296,815
1297,1021
1298,1022
1299,1022
1300,1022
1301,1022
1302,1022
1303,1022
1304,1022
1305,1022
1306,1021
1307,1022
1308,1022
1309,1022
1310,1022
1311,1022
1312,1022
1313,1022
1314,1022
1315,2
1316,0
1317,0
1318,0
1319,0
1320,0
1321,0
1322,0
1323,0
1324,0
1325,0
1326,0
1327,0
1328,0
1329,0
1330,0
1331,0
1332,0
1333,0
1334,0
1335,0
1336,0
1337,0
1338,1022
1339,1021
1340,1022
1341,1022
1342,1022
1343,1022
1344,1022
1345,1022
1346,1022
1347,1022
1348,1022
1349,1022
1350,1022
1351,1022
1352,1022
1353,1022
1354,1022
1355,1022
1356,837
1357,1022
1358,837
1359,0
1360,0
1361,0
1362,0
1363,0
1364,0
1365,0
1366,0
1367,0
1368,0
1369,0
1370,0
1371,0
1372,0
1373,0
1374,0
1375,0
1376,0
1377,816
1378,0
1379,816
1380,1022
1381,1022
1382,1022
1383,1022
1384,1021
1385,1022
1386,1022
1387,1022
1388,1022
1389,1022
1390,1021
1391,1021
1392,1022
1393,1022
1394,1021
1395,1022
1396,1023
1397,1023
1398,1
1399,1022
1400,0
1401,0
1402,0
1403,0
1404,0
1405,0
1406,0
1407,0
1408,0
1409,0
1410,0
1411,0
1412,0
1413,0
1414,0
1415,0
1416,0
1417,0
1418,0
1419,1022
1420,0
1421,1021
1422,1022
1423,1021
1424,1022
1425,1022
1426,1022
1427,1022
1428,1022
1429,1022
1430,1022
1431,1022
1432,1022
1433,1022
1434,1022
1435,1022
1436,1022
1437,1022
1438,1022
1439,837
1440,1022
1441,837
1442,0
1443,0
1444,0
1445,0
1446,0
1447,0
1448,0
1449,0
1450,0
1451,0
1452,0
1453,0
1454,0
1455,0
1456,0
1457,0
1458,0
1459,0
1460,816
1461,0
1462,843
1463,1022
1464,1022
1465,1022
1466,1022
1467,1022
1468,1022
1469,1021
1470,1022
1471,1021
1472,1022
1473,1022
1474,1022
1475,1022
1476,1022
1477,1022
1478,1022
1479,1022
1480,1022
1481,0
1482,0
1483,2
1484,0
1485,0
1486,0
1487,0
1488,0
1489,0
1490,0
1491,0
1492,0
1493,0
1494,0
1495,0
1496,0
1497,0
1498,0
1499,0
1500,0
1501,0
1502,0
1503,0
1504,1021
1505,1022
1506,1022
1507,1022
1508,1022
1509,1022
1510,1022
1511,1022
1512,1021
1513,1022
1514,1022
1515,1022
1516,1022
1517,1022
1518,1022
1519,1022
1520,1023
1521,1022
1522,749
1523,1022
1524,749
1525,0
1526,0
1527,0
1528,0
1529,0
1530,0
1531,0
1532,0
1533,0
1534,0
1535,0
1536,0
1537,0
1538,0
1539,0
1540,0
1541,0
1542,0
1543,843
1544,0
1545,816
1546,1022
1547,1022
1548,1022
1549,1022
1550,1022
1551,1021
1552,1021
1553,1021
1554,1021
1555,1022
1556,1022
1557,1022
1558,1022
1559,1022
1560,1022
1561,1022
1562,1022
1563,1022
1564,0
1565,1022
1566,1
1567,0
1568,0
1569,0
1570,0
1571,0
1572,0
1573,0
1574,0
1575,0
1576,0
1577,0
1578,0
1579,0
1580,0
1581,0
1582,0
1583,0
1584,0
1585,0
1586,0
1587,1021
1588,1022
1589,1022
1590,1022
1591,1022
1592,1022
1593,1022
1594,1022
1595,1022
1596,1022
1597,1022
1598,1022
1599,1022
1600,1022
1601,1022
1602,1022
1603,1022
1604,1022
1605,749
1606,1022
1607,0
1608,0
1609,0
1610,0
1611,0
1612,0
1613,0
1614,0
1615,0
1616,0
1617,0
1618,0
1619,0
1620,0
1621,0
1622,0
1623,0
1624,0
1625,0
1626,0
1627,0
1628,816
1629,1021
1630,1022
1631,1022
1632,1022
1633,1021
1634,1022
1635,1023
1636,1022
1637,1022
1638,1022
1639,1022
1640,1022
1641,1022
1642,1022
1643,1022
1644,1022
1645,1022
1646,1022
1647,1022
1648,1022
1649,0
1650,0
1651,0
1652,0
1653,0
1654,0
1655,0
1656,0
1657,0
1658,0
1659,0
1660,0
1661,0
1662,0
1663,0
1664,0
1665,0
1666,0
1667,0
1668,1021
1669,0
1670,1022
1671,1022
1672,1022
1673,1022
1674,1022
1675,1022
1676,1022
1677,1022
1678,1022
1679,1021
1680,1022
1681,1021
1682,1022
1683,1022
1684,1022
1685,1022
1686,1022
1687,1022
1688,837
1689,0
1690,0
1691,0
1692,0
1693,0
1694,0
1695,0
1696,0
1697,0
1698,0
1699,0
1700,0
1701,0
1702,0
1703,0
1704,0
1705,0
1706,0
1707,842
1708,0
1709,0
1710,1021
1711,817
1712,1022
1713,1022
1714,1022
1715,1022
1716,1022
1717,1022
1718,1022
1719,1022
1720,1021
1721,1022
1722,1022
1723,1022
1724,1022
1725,1022
1726,1022
1727,1022
1728,1022
1729,1022
1730,1022
1731,1022
1732,0
1733,0
1734,0
1735,0
1736,0
1737,0
1738,0
1739,0
1740,0
1741,0
1742,0
1743,0
1744,0
1745,0
1746,0
1747,0
1748,0
1749,0
1750,0
1751,0
1752,1021
1753,1022
1754,1022
1755,1021
1756,1022
1757,1022
1758,1022
1759,1022
1760,1023
1761,1022
1762,1023
1763,1022
1764,1022
1765,1021
1766,1022
1767,1022
1768,1022
1769,1022
1770,1021
1771,749
1772,1022
1773,837
1774,0
1775,0
1776,0
1777,0
1778,0
1779,0
1780,0
1781,0
1782,0
1783,0
1784,0
1785,0
1786,0
1787,0
1788,0
1789,0
1790,0
1791,0
1792,816
1793,0
1794,1022
1795,1022
1796,1021
1797,1022
1798,1022
1799,1022
1800,1022
1801,1022
1802,1022
1803,1022
1804,1022
1805,1022
1806,1021
1807,1022
1808,1022
1809,1022
1810,1023
1811,1022
1812,1022
1813,1022
1814,1022
1815,0
1816,0
1817,0
1818,0
1819,0
1820,0
1821,0
1822,0
1823,0
1824,0
1825,0
1826,0
1827,0
1828,0
1829,0
1830,0
1831,0
1832,0
1833,0
1834,0
1835,1022
1836,1022
1837,1022
1838,1022
1839,1021
1840,1022
1841,1022
1842,1021
1843,1022
1844,1021
1845,1022
1846,1022
1847,1021
1848,1022
1849,1022
1850,1022
1851,1022
1852,1022
1853,1022
1854,837
1855,1022
1856,837
1857,0
1858,0
1859,0
1860,0
1861,0
1862,0
1863,0
1864,0
1865,0
1866,0
1867,0
1868,0
1869,0
1870,0
1871,0
1872,0
1873,0
1874,0
1875,0
1876,0
1877,843
1878,1022
1879,1022
1880,1022
1881,1022
1882,1022
1883,1022
1884,1022
1885,1022
1886,1022
1887,1022
1888,1021
1889,1022
1890,1022
1891,1022
1892,1022
1893,1022
1894,1021
1895,1022
1896,1021
1897,1022
1898,0
1899,0
1900,0
1901,0
1902,0
1903,0
1904,0
1905,0
1906,0
1907,0
1908,0
1909,0
1910,0
1911,0
1912,0
1913,0
1914,0
1915,0
1916,0
1917,0
1918,0
1919,1022
1920,1022
1921,1022
1922,1022
1923,1022
1924,1022
1925,1022
1926,1022
1927,1022
1928,1022
1929,1022
1930,1022
1931,1022
1932,1022
1933,1022
1934,1022
1935,1022
1936,1022
1937,1023
1938,1022
1939,749
1940,0
1941,0
1942,0
1943,0
1944,0
1945,0
1946,0
1947,0
1948,0
1949,0
1950,0
1951,0
1952,0
1953,0
1954,0
1955,0
1956,0
1957,0
1958,0
1959,0
1960,817
1961,1022
1962,1022
1963,1022
1964,1022
1965,1022
1966,1023
1967,1022
1968,1021
1969,1021
1970,1022
1971,1021
1972,1022
1973,1022
1974,1021
1975,1021
1976,1021
1977,1022
1978,1023
1979,1022
1980,1022
1981,1
1982,0
1983,0
1984,0
1985,0
1986,0
1987,0
1988,0
1989,0
1990,0
1991,0
1992,0
1993,0
1994,0
1995,0
1996,0
1997,0
1998,0
1999,0
2000,0
2001,0
2002,1022
2003,1022
2004,1021
2005,1022
2006,1022
2007,1022
2008,1022
2009,1022
2010,1022
2011,1022
2012,1022
2013,1022
2014,1022
2015,1022
2016,1022
2017,1022
2018,1021
2019,1022
2020,749
2021,1022
2022,838
2023,0
2024,0
2025,0
2026,0
2027,0
2028,0
2029,0
2030,0
2031,0
2032,0
2033,0
2034,0
2035,0
2036,0
2037,0
2038,0
2039,0
2040,0
2041,0
2042,0
2043,843
2044,1021
2045,1021
2046,1022
2047,1022
2048,1021
2049,1022
2050,1022
2051,1022
2052,1022
2053,1022
2054,1022
2055,1022
2056,1022
2057,1022
2058,1022
2059,1022
2060,1021
2061,1022
2062,1
2063,1022
2064,0
2065,0
2066,0
2067,0
2068,0
2069,0
2070,0
2071,0
2072,0
2073,0
2074,0
2075,0
2076,0
2077,0
2078,0
2079,0
2080,0
2081,0
2082,0
2083,0
2084,0
2085,1022
2086,1021
2087,1022
2088,1022
2089,1022
2090,1021
2091,1022
2092,1021
2093,1022
2094,1022
2095,1022
2096,1022
2097,1021
2098,1022
2099,1023
2100,1022
2101,1021
2102,1022
2103,749
2104,1022
2105,837
2106,0
2107,0
2108,0
2109,0
2110,0
2111,0
2112,0
2113,0
2114,0
2115,0
2116,0
2117,0
2118,0
2119,0
2120,0
2121,0
2122,0
2123,0
2124,0
2125,0
2126,843
2127,1021
2128,1022
2129,1022
2130,1022
2131,1022
2132,1022
2133,1022
2134,1022
2135,1022
2136,1022
2137,1022
2138,1022
2139,1022
2140,1022
2141,1022
2142,1022
2143,1022
2144,1022
2145,0
2146,1022
2147,0
2148,0
2149,0
2150,0
2151,0
2152,0
2153,0
2154,0
2155,0
2156,0
2157,0
2158,0
2159,0
2160,0
2161,0
2162,0
2163,0
2164,0
2165,0
2166,0
2167,0
2168,1022
2169,1021
2170,1022
2171,1022
2172,1021
2173,1022
2174,1021
2175,1021
2176,1022
2177,1022
2178,1022
2179,1022
2180,1022
2181,1022
2182,1022
2183,1020
2184,1022
2185,1022
2186,837
2187,0
2188,837
2189,0
2190,0
2191,0
2192,0
2193,0
2194,0
2195,0
2196,0
2197,0
2198,0
2199,0
2200,0
2201,0
2202,0
2203,0
2204,0
2205,0
2206,0
2207,0
2208,0
2209,816
2210,1022
2211,1021
2212,1022
2213,1022
2214,1022
2215,1022
2216,1022
2217,1021
2218,1021
2219,1022
2220,1022
2221,1021
2222,1021
2223,1022
2224,1022
2225,1022
2226,1022
2227,1022
2228,1021
2229,1022
2230,1
2231,0
2232,0
2233,0
2234,0
2235,0
2236,0
2237,0
2238,0
2239,0
2240,0
2241,0
2242,0
2243,0
2244,0
2245,0
2246,0
2247,0
2248,0
2249,0
2250,0
2251,1022
2252,1022
2253,1022
2254,1022
2255,1021
2256,1021
2257,1022
2258,1021
2259,1021
2260,1022
2261,1023
2262,1022
2263,1022
2264,1022
2265,1022
2266,1022
2267,1022
2268,1021
2269,1022
2270,1022
2271,837
2272,0
2273,0
2274,0
2275,0
2276,0
2277,0
2278,0
2279,0
2280,0
2281,0
2282,0
2283,0
2284,0
2285,0
2286,0
2287,0
2288,0
2289,0
2290,0
2291,0
2292,843
2293,1022
2294,1022
2295,1022
2296,1022
2297,1022
2298,1022
2299,1022
2300,1022
2301,1022
2302,1022
2303,1022
2304,1021
2305,1021
2306,1022
2307,1022
2308,1022
2309,1021
2310,1022
2311,1022
2312,1022
2313,0
2314,0
2315,0
2316,0
2317,0
2318,0
2319,0
2320,0
2321,0
2322,0
2323,0
2324,0
2325,0
2326,0
2327,0
2328,0
2329,0
2330,0
2331,0
2332,0
2333,0
2334,1021
2335,1021
2336,1022
2337,1022
2338,1022
2339,1022
2340,1022
2341,1022
2342,1022
2343,1021
2344,1022
2345,1022
2346,1022
2347,1022
2348,1022
2349,1022
2350,1022
2351,1022
2352,1022
2353,1022
2354,837
2355,0
2356,0
2357,0
2358,0
2359,0
2360,0
2361,0
2362,0
2363,0
2364,0
2365,0
2366,0
2367,0
2368,0
2369,0
2370,0
2371,0
2372,0
2373,0
2374,0
2375,816
2376,1022
2377,1022
2378,1022
2379,1022
2380,1022
2381,1022
2382,1022
2383,1022
2384,1022
2385,1022
2386,1022
2387,1021
2388,1022
2389,1022
2390,1022
2391,1022
2392,1022
2393,1022
2394,0
2395,1022
2396,1
2397,0
2398,0
2399,0
2400,0
2401,0
2402,0
2403,0
2404,0
2405,0
2406,0
2407,0
2408,0
2409,0
2410,0
2411,0
2412,0
2413,0
2414,0
2415,0
2416,0
2417,1021
2418,1021
2419,1022
2420,1022
2421,1022
2422,1022
2423,1022
2424,1022
2425,1022
2426,1022
2427,1022
2428,1022
2429,1022
2430,1021
2431,1022
2432,1021
2433,1022
2434,1022
2435,1022
2436,0
2437,837
2438,0
2439,0
2440,0
2441,0
2442,0
2443,0
2444,0
2445,0
2446,0
2447,0
2448,0
2449,0
2450,0
2451,0
2452,0
2453,0
2454,0
2455,0
2456,0
2457,0
2458,816
2459,1021
2460,1022
2461,1022
2462,1022
2463,1022
2464,1022
2465,1022
2466,1022
2467,1022
2468,1021
2469,1022
2470,1022
2471,1022
2472,1022
2473,1022
2474,1022
2475,1022
2476,1022
2477,1
2478,1023
2479,0
2480,0
2481,0
2482,0
2483,0
2484,0
2485,0
2486,0
2487,0
2488,0
2489,0
2490,0
2491,0
2492,0
2493,0
2494,0
2495,0
2496,0
2497,0
2498,0
2499,0
2500,1022
2501,1022
2502,1022
2503,1021
2504,1021
2505,1021
2506,1021
2507,1022
2508,1022
2509,1022
2510,1022
2511,1022
2512,1022
2513,1022
2514,1023
2515,1022
2516,1022
2517,1022
2518,1022
2519,0
2520,749
2521,0
2522,0
2523,0
2524,0
2525,0
2526,0
2527,0
2528,0
2529,0
2530,0
2531,0
2532,0
2533,0
2534,0
2535,0
2536,0
2537,0
2538,0
2539,0
2540,0
2541,816
2542,1022
2543,1022
2544,1022
2545,1022
2546,1022
2547,1022
2548,1022
2549,1022
2550,1022
2551,1021
2552,1022
2553,1021
2554,1022
2555,1022
2556,1022
2557,1022
2558,1022
2559,1022
2560,1
2561,1022
2562,0
2563,0
2564,0
2565,0
2566,0
2567,0
2568,0
2569,0
2570,0
2571,0
2572,0
2573,0
2574,0
2575,0
2576,0
2577,0
2578,0
2579,0
2580,0
2581,0
2582,0
2583,1022
2584,1022
2585,1022
2586,1022
2587,1022
2588,1022
2589,1022
2590,1022
2591,1022
2592,1022
2593,1022
2594,1022
2595,1022
2596,1022
2597,1022
2598,1022
2599,1022
2600,1022
2601,749
2602,1022
2603,0
2604,0
2605,0
2606,0
2607,0
2608,0
2609,0
2610,0
2611,0
2612,0
2613,0
2614,0
2615,0
2616,0
2617,0
2618,0
2619,0
2620,0
2621,0
2622,0
2623,0
2624,842
2625,1021
2626,1022
2627,1022
2628,1022
2629,1022
2630,1022
2631,1022
2632,1022
2633,1022
2634,1022
2635,1021
2636,1022
2637,1021
2638,1022
2639,1022
2640,1022
2641,1021
2642,1022
2643,2
2644,0
2645,0
2646,79
2647,0
2648,0
2649,0
2650,0
2651,0
2652,0
2653,0
2654,0
2655,0
2656,0
2657,0
2658,0
2659,0
2660,0
2661,0
2662,0
2663,0
2664,1021
2665,1022
2666,1021
2667,1022
2668,1022
2669,1022
2670,1022
2671,1021
2672,1022
2673,1022
2674,1022
2675,1022
2676,1022
2677,1022
2678,1022
2679,1023
2680,1022
2681,1022
2682,1022
2683,1021
2684,749
2685,1022
2686,749
2687,0
2688,0
2689,0
2690,0
2691,0
2692,0
2693,0
2694,0
2695,0
2696,0
2697,0
2698,0
2699,0
2700,0
2701,0
2702,0
2703,0
2704,0
2705,843
2706,0
2707,843
2708,1021
2709,1022
2710,1021
2711,1022
2712,1022
2713,1022
2714,1022
2715,1022
2716,1022
2717,1022
2718,1022
2719,1022
2720,1022
2721,1022
2722,1022
2723,1022
2724,1022
2725,1022
2726,0
2727,0
2728,0
2729,0
2730,0
2731,0
2732,0
2733,0
2734,0
2735,0
2736,0
2737,0
2738,0
2739,0
2740,0
2741,0
2742,0
2743,0
2744,0
2745,0
2746,0
2747,0
2748,0
2749,1022
2750,1022
2751,1022
2752,1022
2753,1022
2754,1022
2755,1022
2756,1022
2757,1022
2758,1022
2759,1022
2760,1022
2761,1022
2762,1022
2763,1022
2764,1022
2765,1022
2766,1022
2767,749
2768,1022
2769,837
2770,0
2771,0
2772,0
2773,0
2774,0
2775,0
2776,0
2777,0
2778,0
2779,0
2780,0
2781,0
2782,0
2783,0
2784,0
2785,0
2786,0
2787,0
2788,815
2789,0
2790,842
2791,1021
2792,1022
2793,1022
2794,1021
2795,1022
2796,1021
2797,1021
2798,1022
2799,1022
2800,1022
2801,1021
2802,1022
2803,1022
2804,1022
2805,1022
2806,1022
2807,1022
2808,1022
2809,2
2810,1022
2811,2
2812,0
2813,0
2814,0
2815,0
2816,0
2817,0
2818,0
2819,0
2820,0
2821,0
2822,0
2823,0
2824,0
2825,0
2826,0
2827,0
2828,0
2829,0
2830,1022
2831,0
2832,1022
2833,1022
2834,1022
2835,1022
2836,1021
2837,1022
2838,1022
2839,1022
2840,1022
2841,1022
2842,1021
2843,1022
2844,1022
2845,1022
2846,1022
2847,1022
2848,1022
2849,1021
2850,749
2851,1021
2852,749
2853,0
2854,0
2855,0
2856,0
2857,0
2858,0
2859,0
2860,0
2861,0
2862,0
2863,0
2864,0
2865,0
2866,0
2867,0
2868,0
2869,0
2870,0
2871,0
2872,0
2873,843
2874,1021
2875,1021
2876,1022
2877,1022
2878,1022
2879,1022
2880,1022
2881,1022
2882,1022
2883,1022
2884,1022
2885,1022
2886,1022
2887,1022
2888,1022
2889,1022
2890,1022
2891,1022
2892,1
2893,0
2894,0
2895,0
2896,0
2897,0
2898,0
2899,0
2900,0
2901,0
2902,0
2903,0
2904,0
2905,0
2906,0
2907,0
2908,0
2909,0
2910,0
2911,0
2912,0
2913,1022
2914,0
2915,1021
2916,1022
2917,1022
2918,1022
2919,1022
2920,1022
2921,1022
2922,1022
2923,1021
2924,1022
2925,1022
2926,1022
2927,1022
2928,1022
2929,1022
2930,1022
2931,1022
2932,1022
2933,749
2934,1021
2935,749
2936,0
2937,0
2938,0
2939,0
2940,0
2941,0
2942,0
2943,0
2944,0
2945,0
2946,0
2947,0
2948,0
2949,0
2950,0
2951,0
2952,0
2953,0
2954,816
2955,0
2956,844
2957,1021
2958,1022
2959,1022
2960,1022
2961,1022
2962,1022
2963,1022
2964,1022
2965,1022
2966,1022
2967,1022
2968,1022
2969,1022
2970,1022
2971,1022
2972,1022
2973,1022
2974,1022
2975,1
2976,1022
2977,0
2978,0
2979,0
2980,0
2981,0
2982,0
2983,0
2984,0
2985,0
2986,0
2987,0
2988,0
2989,0
2990,0
2991,0
2992,0
2993,0
2994,0
2995,0
2996,0
2997,0
2998,1022
2999,1021
3000,1022
3001,1022
3002,1022
3003,1022
3004,1022
3005,1022
3006,1022
3007,1022
3008,1021
3009,1022
3010,1022
3011,1022
3012,1022
3013,1022
3014,1022
3015,1022
3016,837
3017,1022
3018,749
3019,0
3020,0
3021,0
3022,0
3023,0
3024,0
3025,0
3026,0
3027,0
3028,0
3029,0
3030,0
3031,0
3032,0
3033,0
3034,0
3035,0
3036,0
3037,0
3038,0
3039,844
3040,1021
3041,1022
3042,1022
3043,1022
3044,1022
3045,1022
3046,1022
3047,1022
3048,1022
3049,1022
3050,1022
3051,1022
3052,1022
3053,1022
3054,1022
3055,1021
3056,1022
3057,1022
3058,1
3059,1022
3060,0
3061,0
3062,0
3063,0
3064,0
3065,0
3066,0
3067,0
3068,0
3069,0
3070,0
3071,0
3072,0
3073,0
3074,0
3075,0
3076,0
3077,0
3078,0
3079,0
3080,0
3081,1022
3082,1022
3083,1022
3084,1022
3085,1022
3086,1022
3087,1022
3088,1021
3089,1021
3090,1022
3091,1022
3092,1021
3093,1022
3094,1021
3095,1022
3096,1022
3097,1022
3098,1022
3099,1022
3100,1022
3101,837
3102,0
3103,0
3104,0
3105,0
3106,0
3107,0
3108,0
3109,0
3110,0
3111,0
3112,0
3113,0
3114,0
3115,0
3116,0
3117,0
3118,0
3119,0
3120,0
3121,0
3122,843
3123,1021
3124,1022
3125,1022
3126,1022
3127,1022
3128,1022
3129,1022
3130,1022
3131,1022
3132,1022
3133,1022
3134,1021
3135,1022
3136,1022
3137,1021
3138,1022
3139,1021
3140,1021
3141,1021
3142,1022
3143,0
3144,0
3145,0
3146,0
3147,0
3148,0
3149,0
3150,0
3151,0
3152,0
3153,0
3154,0
3155,0
3156,0
3157,0
3158,0
3159,0
3160,0
3161,0
3162,0
3163,0
3164,1022
3165,1021
3166,1021
3167,1021
3168,1021
3169,1022
3170,1022
3171,1022
3172,1021
3173,1022
3174,1022
3175,1022
3176,1021
3177,1021
3178,1022
3179,1022
3180,1022
3181,1022
3182,1022
3183,1021
3184,749
3185,0
3186,0
3187,0
3188,0
3189,0
3190,0
3191,0
3192,0
3193,0
3194,0
3195,0
3196,0
3197,0
3198,0
3199,0
3200,0
3201,0
3202,0
3203,0
3204,1022
3205,817
3206,1021
3207,1021
3208,1021
3209,1022
3210,1022
3211,1023
3212,1022
3213,1022
3214,1022
3215,1022
3216,1022
3217,1021
3218,1021
3219,1021
3220,1022
3221,1021
3222,1022
3223,1022
3224,0
3225,0
3226,0
3227,0
3228,0
3229,0
3230,0
3231,0
3232,0
3233,0
3234,0
3235,0
3236,0
3237,0
3238,0
3239,0
3240,0
3241,0
3242,0
3243,0
3244,0
3245,1022
3246,0
3247,1022
3248,1022
3249,1022
3250,1022
3251,1022
3252,1022
3253,1021
3254,1022
3255,1022
3256,1021
3257,1022
3258,1021
3259,1022
3260,1022
3261,1022
3262,1022
3263,1022
3264,1022
3265,837
3266,1022
3267,749
3268,0
3269,0
3270,0
3271,0
3272,0
3273,0
3274,0
3275,0
3276,0
3277,0
3278,0
3279,0
3280,0
3281,0
3282,0
3283,0
3284,0
3285,0
3286,0
3287,1022
3288,843
3289,1022
3290,1022
3291,1022
3292,1022
3293,1022
3294,1022
3295,1022
3296,1022
3297,1022
3298,1022
3299,1022
3300,1022
3301,1022
3302,1022
3303,1022
3304,1022
3305,1022
3306,1022
3307,1022
3308,1022
3309,1
3310,0
3311,0
3312,0
3313,0
3314,0
3315,0
3316,0
3317,0
3318,0
3319,0
3320,0
3321,0
3322,0
3323,0
3324,0
3325,0
3326,0
3327,0
3328,1021
3329,0
3330,1023
3331,1021
3332,1022
3333,1022
3334,1022
3335,1022
3336,1022
3337,1022
3338,1022
3339,1022
3340,1022
3341,1022
3342,1022
3343,1022
3344,1022
3345,1022
3346,1022
3347,1022
3348,749
3349,1022
3350,749
3351,0
3352,0
3353,0
3354,0
3355,0
3356,0
3357,0
3358,0
3359,0
3360,0
3361,0
3362,0
3363,0
3364,0
3365,0
3366,0
3367,0
3368,0
3369,0
3370,0
3371,1021
3372,1021
3373,1022
3374,1022
3375,1022
3376,1022
3377,1022
3378,1021
3379,1022
3380,1022
3381,1022
3382,1023
3383,1022
3384,1023
3385,1022
3386,1022
3387,1022
3388,1022
3389,1021
3390,1022
3391,1022
3392,1
3393,0
3394,0
3395,0
3396,0
3397,0
3398,0
3399,0
3400,0
3401,0
3402,0
3403,0
3404,0
3405,0
3406,0
3407,0
3408,0
3409,0
3410,0
3411,0
3412,0
3413,1022
3414,1022
3415,1022
3416,1022
3417,1022
3418,1022
3419,1022
3420,1022
3421,1022
3422,1022
3423,1022
3424,1022
3425,1022
3426,1022
3427,1022
3428,1022
3429,1022
3430,1022
3431,749
3432,1023
3433,837
3434,0
3435,0
3436,0
3437,0
3438,0
3439,0
3440,0
3441,0
3442,0
3443,0
3444,0
3445,0
3446,0
3447,0
3448,0
3449,0
3450,0
3451,0
3452,0
3453,0
3454,843
3455,1022
3456,1022
3457,1022
3458,1021
3459,1021
3460,1021
3461,1022
3462,1022
3463,1022
3464,1022
3465,1022
3466,1022
3467,1022
3468,1022
3469,1021
3470,1022
3471,1021
3472,1022
3473,1
3474,0
3475,1
3476,0
3477,0
3478,0
3479,0
3480,0
3481,0
3482,0
3483,0
3484,0
3485,0
3486,0
3487,0
3488,0
3489,0
3490,0
3491,0
3492,0
3493,0
3494,0
3495,0
3496,1022
3497,1022
3498,1022
3499,1022
3500,1021
3501,1022
3502,1022
3503,1022
3504,1021
3505,1022
3506,1021
3507,1022
3508,1021
3509,1022
3510,1022
3511,1022
3512,1021
3513,1022
3514,1022
3515,1021
3516,749
3517,0
3518,0
3519,0
3520,0
3521,0
3522,0
3523,0
3524,0
3525,0
3526,0
3527,0
3528,0
3529,0
3530,0
3531,0
3532,0
3533,0
3534,0
3535,0
3536,0
3537,843
3538,1021
3539,1022
3540,1021
3541,1021
3542,1022
3543,1022
3544,1022
3545,1022
3546,1022
3547,1022
3548,1022
3549,1022
3550,1022
3551,1022
3552,1022
3553,1022
3554,1022
3555,1022
3556,1022
3557,1022
3558,1
3559,0
3560,0
3561,0
3562,0
3563,0
3564,0
3565,0
3566,0
3567,0
3568,0
3569,0
3570,0
3571,0
3572,0
3573,0
3574,0
3575,0
3576,0
3577,0
3578,0
3579,1021
3580,1022
3581,1022
3582,1022
3583,1022
3584,1022
3585,1022
3586,1022
3587,1022
3588,1022
3589,1022
3590,1022
3591,1022
3592,1022
3593,1022
3594,1022
3595,1022
3596,1022
3597,749
3598,1022
3599,749
3600,0
3601,0
3602,0
3603,0
3604,0
3605,0
3606,0
3607,0
3608,0
3609,0
3610,0
3611,0
3612,0
3613,0
3614,0
3615,0
3616,0
3617,0
3618,0
3619,0
3620,843
3621,1022
3622,1022
3623,1022
3624,1022
3625,1022
3626,1022
3627,1021
3628,1022
3629,1022
3630,1022
3631,1022
3632,1022
3633,1022
3634,1022
3635,1022
3636,1022
3637,1022
3638,1022
3639,1022
3640,1022
3641,1
3642,0
3643,0
3644,0
3645,0
3646,0
3647,0
3648,0
3649,0
3650,0
3651,0
3652,0
3653,0
3654,0
3655,0
3656,0
3657,0
3658,0
3659,0
3660,0
3661,0
3662,1022
3663,1022
3664,1022
3665,1022
3666,1022
3667,1022
3668,1022
3669,1022
3670,1022
3671,1022
3672,1022
3673,1021
3674,1022
3675,1022
3676,1022
3677,1022
3678,1021
3679,1022
3680,749
3681,1022
3682,749
3683,0
3684,0
3685,0
3686,0
3687,0
3688,0
3689,0
3690,0
3691,0
3692,0
3693,0
3694,0
3695,0
3696,0
3697,0
3698,0
3699,0
3700,0
3701,0
3702,0
3703,816
3704,1021
3705,1022
3706,1022
3707,1021
3708,1022
3709,1022
3710,1022
3711,1022
3712,1022
3713,1021
3714,1022
3715,1022
3716,1022
3717,1022
3718,1021
3719,1022
3720,1022
3721,1022
3722,1022
3723,1022
3724,2
3725,0
3726,0
3727,0
3728,0
3729,0
3730,0
3731,0
3732,0
3733,0
3734,0
3735,0
3736,0
3737,0
3738,0
3739,0
3740,0
3741,0
3742,0
3743,0
3744,0
3745,1021
3746,1021
3747,1022
3748,1022
3749,1021
3750,1021
3751,1021
3752,1022
3753,1021
3754,1022
3755,1022
3756,1022
3757,1022
3758,1022
3759,1022
3760,1022
3761,1022
3762,1022
3763,749
3764,1022
3765,837
3766,0
3767,0
3768,0
3769,0
3770,0
3771,0
3772,0
3773,0
3774,0
3775,0
3776,0
3777,0
3778,0
3779,0
3780,0
3781,0
3782,0
3783,0
3784,0
3785,0
3786,816
3787,1022
3788,1022
3789,1022
3790,1022
3791,1021
3792,1022
3793,1022
3794,1021
3795,1022
3796,1022
3797,1022
3798,1022
3799,1022
3800,1022
3801,1022
3802,1022
3803,1022
3804,1022
3805,1021
3806,1022
3807,0
3808,0
3809,0
3810,0
3811,0
3812,0
3813,0
3814,0
3815,0
3816,0
3817,0
3818,0
3819,0
3820,0
3821,0
3822,0
3823,0
3824,0
3825,0
3826,0
3827,0
3828,1022
3829,1022
3830,1022
3831,1021
3832,1022
3833,1022
3834,1022
3835,1021
3836,1022
3837,1022
3838,1021
3839,1022
3840,1022
3841,1022
3842,1022
3843,1022
3844,1022
3845,1022
3846,749
3847,1022
3848,837
3849,0
3850,0
3851,0
3852,0
3853,0
3854,0
3855,0
3856,0
3857,0
3858,0
3859,0
3860,0
3861,0
3862,0
3863,0
3864,0
3865,0
3866,0
3867,0
3868,0
3869,816
3870,1022
3871,1022
3872,1022
3873,1022
3874,1022
3875,1022
3876,1022
3877,1022
3878,1022
3879,1023
3880,1022
3881,1022
3882,1022
3883,1022
3884,1022
3885,1022
3886,1022
3887,1022
3888,0
3889,1022
3890,0
3891,0
3892,0
3893,0
3894,0
3895,0
3896,0
3897,0
3898,0
3899,0
3900,0
3901,0
3902,0
3903,0
3904,0
3905,0
3906,0
3907,0
3908,0
3909,0
3910,0
3911,1022
3912,1022
3913,1022
3914,1022
3915,1022
3916,1022
3917,1022
3918,1022
3919,1022
3920,1022
3921,1022
3922,1022
3923,1022
3924,1022
3925,1021
3926,1022
3927,1022
3928,1022
3929,1022
3930,0
3931,837
3932,0
3933,0
3934,0
3935,0
3936,0
3937,0
3938,0
3939,0
3940,0
3941,0
3942,0
3943,0
3944,0
3945,0
3946,0
3947,0
3948,0
3949,0
3950,843
3951,0
3952,843
3953,1021
3954,1022
3955,1022
3956,1022
3957,1022
3958,1022
3959,1022
3960,1022
3961,1022
3962,1022
3963,1022
3964,1022
3965,1022
3966,1022
3967,1022
3968,1022
3969,1021
3970,1022
3971,1
3972,1022
3973,1
3974,0
3975,0
3976,0
3977,0
3978,0
3979,0
3980,0
3981,0
3982,0
3983,0
3984,0
3985,0
3986,0
3987,0
3988,0
3989,0
3990,0
3991,0
3992,0
3993,0
3994,1022
3995,1021
3996,1022
3997,1022
3998,1022
3999,1022
4000,1022
4001,1022
4002,1021
4003,1022
4004,1022
4005,1021
4006,1022
4007,1022
4008,1022
4009,1022
4010,1022
4011,1022
4012,1022
4013,0
4014,749
4015,0
4016,0
4017,0
4018,0
4019,0
4020,0
4021,0
4022,0
4023,0
4024,0
4025,0
4026,0
4027,0
4028,0
4029,0
4030,0
4031,0
4032,0
4033,843
4034,0
4035,843
4036,1021
4037,1022
4038,1022
4039,1022
4040,1021
4041,1022
4042,1021
4043,1021
4044,1022
4045,1022
4046,1023
4047,1022
4048,1022
4049,1022
4050,1022
4051,1022
4052,1022
4053,1022
4054,1022
4055,1022
4056,0
4057,0
4058,0
4059,0
4060,0
4061,0
4062,0
4063,0
4064,0
4065,0
4066,0
4067,0
4068,0
4069,0
4070,0
4071,0
4072,0
4073,0
4074,0
4075,0
4076,0
4077,1022
4078,1022
4079,1022
4080,1022
4081,1022
4082,1022
4083,1022
4084,1022
4085,1022
4086,1022
4087,1022
4088,1022
4089,1022
4090,1021
4091,1022
4092,1021
4093,1022
4094,1022
4095,749
4096,0
4097,749
4098,0
4099,0
4100,0
4101,0
4102,0
4103,0
4104,0
4105,0
4106,0
4107,0
4108,0
4109,0
4110,0
4111,0
4112,0
4113,0
4114,0
4115,0
4116,815
4117,1022
4118,844
4119,1021
4120,1021
4121,1022
4122,1022
4123,1022
4124,1022
4125,1022
4126,1022
4127,1022
4128,1022
4129,1022
4130,1021
4131,1022
4132,1022
4133,1022
4134,1022
4135,1022
4136,1022
4137,0
4138,0
4139,0
4140,0
4141,0
4142,0
4143,0
4144,0
4145,0
4146,0
4147,0
4148,0
4149,0
4150,0
4151,0
4152,0
4153,0
4154,0
4155,0
4156,0
4157,0
4158,0
4159,0
4160,1022
4161,1022
4162,1022
4163,1022
4164,1022
4165,1022
4166,1021
4167,1022
4168,1021
4169,1022
4170,1021
4171,1022
4172,1022
4173,1022
4174,1022
4175,1022
4176,1021
4177,1022
4178,837
4179,1022
4180,749
4181,0
4182,0
4183,0
4184,0
4185,0
4186,0
4187,0
4188,0
4189,0
4190,0
4191,0
4192,0
4193,0
4194,0
4195,0
4196,0
4197,0
4198,0
4199,816
4200,0
4201,816
4202,1022
4203,1022
4204,1022
4205,1022
4206,1022
4207,1022
4208,1022
4209,1021
4210,1022
4211,1022
4212,1022
4213,1022
4214,1022
4215,1022
4216,1022
4217,1022
4218,1022
4219,1022
4220,1
4221,1022
4222,1
4223,0
4224,0
4225,0
4226,0
4227,0
4228,0
4229,0
4230,0
4231,0
4232,0
4233,0
4234,0
4235,0
4236,0
4237,0
4238,0
4239,0
4240,0
4241,1022
4242,1022
4243,1022
4244,1022
4245,1023
4246,1022
4247,1022
4248,1022
4249,1021
4250,1021
4251,1022
4252,1022
4253,1021
4254,1021
4255,1022
4256,1021
4257,1022
4258,1022
4259,1022
4260,1022
4261,837
4262,1022
4263,749
4264,0
4265,0
4266,0
4267,0
4268,0
4269,0
4270,0
4271,0
4272,0
4273,0
4274,0
4275,0
4276,0
4277,0
4278,0
4279,0
4280,0
4281,0
4282,0
4283,0
4284,843
4285,1022
4286,1022
4287,1022
4288,1022
4289,1022
4290,1022
4291,1022
4292,1021
4293,1022
4294,1022
4295,1022
4296,1022
4297,1021
4298,1022
4299,1022
4300,1022
4301,1022
4302,1022
4303,1
4304,1021
4305,1
4306,0
4307,0
4308,0
4309,0
4310,0
4311,0
4312,0
4313,0
4314,0
4315,0
4316,0
4317,0
4318,0
4319,0
4320,0
4321,0
4322,0
4323,0
4324,0
4325,0
4326,1022
4327,1022
4328,1022
4329,1021
4330,1022
4331,1022
4332,1022
4333,1022
4334,1022
4335,1022
4336,1022
4337,1022
4338,1021
4339,1022
4340,1022
4341,1022
4342,1022
4343,1022
4344,749
4345,1022
4346,749
4347,0
4348,0
4349,0
4350,0
4351,0
4352,0
4353,0
4354,0
4355,0
4356,0
4357,0
4358,0
4359,0
4360,0
4361,0
4362,0
4363,0
4364,0
4365,0
4366,0
4367,816
4368,1022
4369,1022
4370,1022
4371,1021
4372,1022
4373,1022
4374,1022
4375,1022
4376,1021
4377,1021
4378,1022
4379,1022
4380,1022
4381,1022
4382,1022
4383,1023
4384,1021
4385,1022
4386,1
4387,1023
4388,2
4389,0
4390,0
4391,0
4392,0
4393,0
4394,0
4395,0
4396,0
4397,0
4398,0
4399,0
4400,0
4401,0
4402,0
4403,0
4404,0
4405,0
4406,0
4407,0
4408,0
4409,1022
4410,1021
4411,1022
4412,1022
4413,1021
4414,1023
4415,1022
4416,1021
4417,1022
4418,1022
4419,1022
4420,1022
4421,1022
4422,1022
4423,1022
4424,1021
4425,1022
4426,1022
4427,749
4428,1022
4429,749
4430,0
4431,0
4432,0
4433,0
4434,0
4435,0
4436,0
4437,0
4438,0
4439,0
4440,0
4441,0
4442,0
4443,0
4444,0
4445,0
4446,0
4447,0
4448,0
4449,0
4450,815
4451,1022
4452,1021
4453,1022
4454,1022
4455,1022
4456,1022
4457,1021
4458,1022
4459,1022
4460,1022
4461,1022
4462,1022
4463,1022
4464,1021
4465,1022
4466,1022
4467,1022
4468,1022
4469,1
4470,1021
4471,0
4472,0
4473,0
4474,0
4475,0
4476,0
4477,0
4478,0
4479,0
4480,0
4481,0
4482,0
4483,0
4484,0
4485,0
4486,0
4487,0
4488,0
4489,0
4490,1022
4491,0
4492,1021
4493,1021
4494,1022
4495,1021
4496,1022
4497,1022
4498,1022
4499,1022
4500,1022
4501,1022
4502,1021
4503,1022
4504,1022
4505,1021
4506,1023
4507,1022
4508,1022
4509,1022
4510,749
4511,1022
4512,838
4513,0
4514,0
4515,0
4516,0
4517,0
4518,0
4519,0
4520,0
4521,0
4522,0
4523,0
4524,0
4525,0
4526,0
4527,0
4528,0
4529,0
4530,0
4531,816
4532,0
4533,843
4534,1021
4535,1022
4536,1022
4537,1021
4538,1022
4539,1022
4540,1022
4541,1022
4542,1022
4543,1022
4544,1021
4545,1021
4546,1021
4547,1022
4548,1022
4549,1021
4550,1022
4551,1022
4552,2
4553,1022
4554,1
4555,0
4556,0
4557,0
4558,0
4559,0
4560,0
4561,0
4562,0
4563,0
4564,0
4565,0
4566,0
4567,0
4568,0
4569,0
4570,0
4571,0
4572,0
4573,0
4574,0
4575,1022
4576,1022
4577,1022
4578,1022
4579,1022
4580,1022
4581,1022
4582,1022
4583,1022
4584,1022
4585,1022
4586,1022
4587,1022
4588,1022
4589,1022
4590,1022
4591,1021
4592,1022
4593,749
4594,1022
4595,749
4596,0
4597,0
4598,0
4599,0
4600,0
4601,0
4602,0
4603,0
4604,0
4605,0
4606,0
4607,0
4608,0
4609,0
4610,0
4611,0
4612,0
4613,0
4614,816
4615,0
4616,842
4617,1022
4618,1022
4619,1022
4620,1022
4621,1022
4622,1021
4623,1022
4624,1022
4625,1021
4626,1022
4627,1022
4628,1022
4629,1022
4630,1022
4631,1022
4632,1021
4633,1020
4634,1021
4635,1022
4636,1022
4637,0
4638,0
4639,0
4640,0
4641,0
4642,0
4643,0
4644,0
4645,0
4646,0
4647,0
4648,0
4649,0
4650,0
4651,0
4652,0
4653,0
4654,0
4655,0
4656,0
4657,0
4658,1022
4659,1022
4660,1022
4661,1022
4662,1022
4663,1022
4664,1022
4665,1022
4666,1022
4667,1022
4668,1021
4669,1022
4670,1021
4671,1022
4672,1022
4673,1022
4674,1022
4675,1021
4676,1022
4677,1022
4678,749
4679,0
4680,0
4681,0
4682,0
4683,0
4684,0
4685,0
4686,0
4687,0
4688,0
4689,0
4690,0
4691,0
4692,0
4693,0
4694,0
4695,0
4696,0
4697,0
4698,1022
4699,816
4700,1021
4701,1022
4702,1021
4703,1022
4704,1022
4705,1021
4706,1021
4707,1022
4708,1021
4709,1022
4710,1022
4711,1021
4712,1022
4713,1021
4714,1022
4715,1022
4716,1022
4717,1022
4718,1022
4719,1022
4720,0
4721,0
4722,0
4723,0
4724,0
4725,0
4726,0
4727,0
4728,0
4729,0
4730,0
4731,0
4732,0
4733,0
4734,0
4735,0
4736,0
4737,0
4738,0
4739,1021
4740,0
4741,1022
4742,1022
4743,1022
4744,1022
4745,1022
4746,1022
4747,1022
4748,1022
4749,1023
4750,1022
4751,1022
4752,1022
4753,1022
4754,1022
4755,1022
4756,1022
4757,1021
4758,1021
4759,837
4760,1022
4761,749
4762,0
4763,0
4764,0
4765,0
4766,0
4767,0
4768,0
4769,0
4770,0
4771,0
4772,0
4773,0
4774,0
4775,0
4776,0
4777,0
4778,0
4779,0
4780,842
4781,0
4782,1021
4783,1021
4784,1021
4785,1022
4786,1022
4787,1022
4788,1021
4789,1022
4790,1022
4791,1022
4792,1022
4793,1022
4794,1022
4795,1022
4796,1022
4797,1022
4798,1022
4799,1022
4800,1022
4801,1022
4802,1022
4803,0
4804,0
4805,0
4806,0
4807,0
4808,0
4809,0
4810,0
4811,0
4812,0
4813,0
4814,0
4815,0
4816,0
4817,0
4818,0
4819,0
4820,0
4821,0
4822,0
4823,1022
4824,1022
4825,1022
4826,1022
4827,1022
4828,1021
4829,1022
4830,1022
4831,1022
4832,1021
4833,1022
4834,1021
4835,1022
4836,1022
4837,1022
4838,1022
4839,1022
4840,1022
4841,1022
4842,749
4843,1022
4844,837
4845,0
4846,0
4847,0
4848,0
4849,0
4850,0
4851,0
4852,0
4853,0
4854,0
4855,0
4856,0
4857,0
4858,0
4859,0
4860,0
4861,0
4862,0
4863,0
4864,1022
4865,843
4866,1021
4867,1022
4868,1022
4869,1022
4870,1022
4871,1022
4872,1022
4873,1022
4874,1022
4875,1021
4876,1022
4877,1022
4878,1022
4879,1022
4880,1022
4881,1022
4882,1022
4883,1022
4884,1022
4885,1022
4886,1
4887,0
4888,0
4889,0
4890,0
4891,0
4892,0
4893,0
4894,0
4895,0
4896,0
4897,0
4898,0
4899,0
4900,0
4901,0
4902,0
4903,0
4904,0
4905,0
4906,0
4907,1022
4908,1021
4909,1022
4910,1022
4911,1022
4912,1022
4913,1022
4914,1022
4915,1022
4916,1022
4917,1022
4918,1022
4919,1022
4920,1022
4921,1022
4922,1022
4923,1022
4924,1021
4925,749
4926,1022
4927,749
4928,0
4929,0
4930,0
4931,0
4932,0
4933,0
4934,0
4935,0
4936,0
4937,0
4938,0
4939,0
4940,0
4941,0
4942,0
4943,0
4944,0
4945,0
4946,816
4947,0
4948,816
4949,1022
4950,1023
4951,1022
4952,1022
4953,1022
4954,1022
4955,1022
4956,1022
4957,1022
4958,1022
4959,1022
4960,1022
4961,1022
4962,1022
4963,1022
4964,1022
4965,1022
4966,1022
4967,1022
4968,1022
4969,2
4970,0
4971,0
4972,0
4973,0
4974,0
4975,0
4976,0
4977,0
4978,0
4979,0
4980,0
4981,0
4982,0
4983,0
4984,0
4985,0
4986,0
4987,0
4988,0
4989,0
4990,1022
4991,1022
4992,1022
4993,1023
4994,1022
4995,1021
4996,1021
4997,1022
4998,1022
4999,1022
5000,1021
5001,1022
5002,1022
5003,1022
5004,1021
5005,1022
5006,1022
5007,1022
5008,837
5009,1022
5010,837
5011,0
5012,0
5013,0
5014,0
5015,0
5016,0
5017,0
5018,0
5019,0
5020,0
5021,0
5022,0
5023,0
5024,0
5025,0
5026,0
5027,0
5028,0
5029,0
5030,0
5031,843
5032,1022
5033,1022
5034,1022
5035,1021
5036,1021
5037,1021
5038,1022
5039,1022
5040,1022
5041,1022
5042,1022
5043,1021
5044,1022
5045,1022
5046,1022
5047,1022
5048,1022
5049,1022
5050,1021
5051,1022
5052,1
5053,0
5054,0
5055,0
5056,0
5057,0
5058,0
5059,0
5060,0
5061,0
5062,0
5063,0
5064,0
5065,0
5066,0
5067,0
5068,0
5069,0
5070,0
5071,0
5072,0
5073,1022
5074,1021
5075,1021
5076,1022
5077,1022
5078,1022
5079,1022
5080,1022
5081,1022
5082,1022
5083,1022
5084,1022
5085,1022
5086,1022
5087,1022
5088,1022
5089,1022
5090,1022
5091,1022
5092,1021
5093,749
5094,0
5095,0
5096,0
5097,0
5098,0
5099,0
5100,0
5101,0
5102,0
5103,0
5104,0
5105,0
5106,0
5107,0
5108,0
5109,0
5110,0
5111,0
5112,843
5113,0
5114,843
5115,1021
5116,1022
5117,1022
5118,1022
5119,1022
5120,1022
5121,1022
5122,1022
5123,1022
5124,1022
5125,1022
5126,1022
5127,1021
5128,1022
5129,1021
5130,1022
5131,1022
5132,1022
5133,1
5134,1022
5135,0
5136,0
5137,0
5138,0
5139,0
5140,0
5141,0
5142,0
5143,0
5144,0
5145,0
5146,0
5147,0
5148,0
5149,0
5150,0
5151,0
5152,0
5153,0
5154,0
5155,0
5156,1022
5157,1021
5158,1022
5159,1022
5160,1022
5161,1021
5162,1022
5163,1022
5164,1022
5165,1022
5166,1022
5167,1022
5168,1022
5169,1022
5170,1022
5171,1022
5172,1022
5173,1022
5174,749
5175,1022
5176,749
5177,0
5178,0
5179,0
5180,0
5181,0
5182,0
5183,0
5184,0
5185,0
5186,0
5187,0
5188,0
5189,0
5190,0
5191,0
5192,0
5193,0
5194,0
5195,0
5196,0
5197,843
5198,1021
5199,1022
5200,1022
5201,1022
5202,1022
5203,1022
5204,1022
5205,1021
5206,1022
5207,1022
5208,1022
5209,1022
5210,1022
5211,1022
5212,1022
5213,1022
5214,1022
5215,1023
5216,1022
5217,1022
5218,1
5219,0
5220,0
5221,0
5222,0
5223,0
5224,0
5225,0
5226,0
5227,0
5228,0
5229,0
5230,0
5231,0
5232,0
5233,0
5234,0
5235,0
5236,0
5237,0
5238,0
5239,1021
5240,1021
5241,1022
5242,1022
5243,1022
5244,1022
5245,1022
5246,1022
5247,1022
5248,1022
5249,1022
5250,1022
5251,1021
5252,1022
5253,1022
5254,1022
5255,1022
5256,1022
5257,749
5258,1022
5259,837
5260,0
5261,0
5262,0
5263,0
5264,0
5265,0
5266,0
5267,0
5268,0
5269,0
5270,0
5271,0
5272,0
5273,0
5274,0
5275,0
5276,0
5277,0
5278,0
5279,0
5280,843
5281,1021
5282,1022
5283,1022
5284,1022
5285,1022
5286,1022
5287,1022
5288,1022
5289,1022
5290,1022
5291,1021
5292,1021
5293,1022
5294,1022
5295,1021
5296,1021
5297,1022
5298,1022
5299,1
5300,1022
5301,2
5302,0
5303,0
5304,0
5305,0
5306,0
5307,0
5308,0
5309,0
5310,0
5311,0
5312,0
5313,0
5314,0
5315,0
5316,0
5317,0
5318,0
5319,0
5320,0
5321,0
5322,1022
5323,1022
5324,1022
5325,1022
5326,1022
5327,1022
5328,1022
5329,1022
5330,1022
5331,1022
5332,1022
5333,1022
5334,1022
5335,1022
5336,1022
5337,1022
5338,1022
5339,1022
5340,749
5341,1021
5342,749
5343,0
5344,0
5345,0
5346,0
5347,0
5348,0
5349,0
5350,0
5351,0
5352,0
5353,0
5354,0
5355,0
5356,0
5357,0
5358,0
5359,0
5360,0
5361,815
5362,0
5363,843
5364,1022
5365,1022
5366,1022
5367,1021
5368,1021
5369,1021
5370,1021
5371,1021
5372,1021
5373,1022
5374,1021
5375,1022
5376,1022
5377,1022
5378,1021
5379,1022
5380,1022
5381,1022
5382,1022
5383,1022
5384,0
5385,0
5386,0
5387,0
5388,0
5389,0
5390,0
5391,0
5392,0
5393,0
5394,0
5395,0
5396,0
5397,0
5398,0
5399,0
5400,0
5401,0
5402,0
5403,0
5404,0
5405,1022
5406,1021
5407,1022
5408,1022
5409,1022
5410,1022
5411,1022
5412,1022
5413,1022
5414,1022
5415,1022
5416,1022
5417,1022
5418,1021
5419,1022
5420,1022
5421,1022
5422,1022
5423,1021
5424,0
5425,749
5426,0
5427,0
5428,0
5429,0
5430,0
5431,0
5432,0
5433,0
5434,0
5435,0
5436,0
5437,0
5438,0
5439,0
5440,0
5441,0
5442,0
5443,0
5444,816
5445,0
5446,816
5447,1022
5448,1022
5449,1022
5450,1022
5451,1022
5452,1022
5453,1022
5454,1022
5455,1022
5456,1021
5457,1022
5458,1022
5459,1022
5460,1022
5461,1022
5462,1022
5463,1022
5464,1022
5465,1
5466,1022
5467,0
5468,0
5469,0
5470,0
5471,0
5472,0
5473,0
5474,0
5475,0
5476,0
5477,0
5478,0
5479,0
5480,0
5481,0
5482,0
5483,0
5484,0
5485,0
5486,0
5487,0
5488,1021
5489,1021
5490,1021
5491,1022
5492,1022
5493,1022
5494,1022
5495,1022
5496,1022
5497,1021
5498,1022
5499,1021
5500,1021
5501,1022
5502,1022
5503,1022
5504,1022
5505,1022
5506,1022
5507,0
5508,749
5509,0
5510,0
5511,0
5512,0
5513,0
5514,0
5515,0
5516,0
5517,0
5518,0
5519,0
5520,0
5521,0
5522,0
5523,0
5524,0
5525,0
5526,0
5527,0
5528,0
5529,816
5530,1022
5531,1021
5532,1022
5533,1022
5534,1022
5535,1022
5536,1021
5537,1022
5538,1022
5539,1022
5540,1022
5541,1022
5542,1022
5543,1022
5544,1022
5545,1022
5546,1022
5547,1022
5548,1022
5549,0
5550,0
5551,0
5552,0
5553,0
5554,0
5555,0
5556,0
5557,0
5558,0
5559,0
5560,0
5561,0
5562,0
5563,0
5564,0
5565,0
5566,0
5567,0
5568,0
5569,0
5570,0
5571,1021
5572,1022
5573,1021
5574,1022
5575,1022
5576,1021
5577,1022
5578,1022
5579,1022
5580,1022
5581,1022
5582,1022
5583,1022
5584,1022
5585,1021
5586,1022
5587,1022
5588,1022
5589,749
5590,0
5591,837
5592,0
5593,0
5594,0
5595,0
5596,0
5597,0
5598,0
5599,0
5600,0
5601,0
5602,0
5603,0
5604,0
5605,0
5606,0
5607,0
5608,0
5609,0
5610,0
5611,0
5612,843
5613,1022
5614,1022
5615,1022
5616,1022
5617,1022
5618,1022
5619,1022
5620,1022
5621,1022
5622,1022
5623,1022
5624,1022
5625,1022
5626,1022
5627,1022
5628,1022
5629,1022
5630,1022
5631,0
5632,0
5633,1
5634,0
5635,0
5636,0
5637,0
5638,0
5639,0
5640,0
5641,0
5642,0
5643,0
5644,0
5645,0
5646,0
5647,0
5648,0
5649,0
5650,0
5651,0
5652,0
5653,0
5654,1022
5655,1022
5656,1022
5657,1022
5658,1021
5659,1022
5660,1021
5661,1021
5662,1021
5663,1022
5664,1021
5665,1022
5666,1022
5667,1022
5668,1021
5669,1022
5670,1022
5671,1022
5672,749
5673,1022
5674,749
5675,0
5676,0
5677,0
5678,0
5679,0
5680,0
5681,0
5682,0
5683,0
5684,0
5685,0
5686,0
5687,0
5688,0
5689,0
5690,0
5691,0
5692,0
5693,0
5694,0
5695,816
5696,1022
5697,1022
5698,1022
5699,1022
5700,1022
5701,1022
5702,1022
5703,1022
5704,1022
5705,1022
5706,1022
5707,1022
5708,1022
5709,1021
5710,1022
5711,1022
5712,1022
5713,1022
5714,0
5715,1022
5716,0
5717,0
5718,0
5719,0
5720,0
5721,0
5722,0
5723,0
5724,0
5725,0
5726,0
5727,0
5728,0
5729,0
5730,0
5731,0
5732,0
5733,0
5734,0
5735,0
5736,0
5737,1021
5738,1022
5739,1022
5740,1021
5741,1022
5742,1022
5743,1022
5744,1022
5745,1022
5746,1022
5747,1022
5748,1022
5749,1022
5750,1022
5751,1022
5752,1022
5753,1022
5754,1022
5755,837
5756,1022
5757,837
5758,0
5759,0
5760,0
5761,0
5762,0
5763,0
5764,0
5765,0
5766,0
5767,0
5768,0
5769,0
5770,0
5771,0
5772,0
5773,0
5774,0
5775,0
5776,0
5777,0
5778,844
5779,1021
5780,1022
5781,1022
5782,1022
5783,1022
5784,1022
5785,1021
5786,1022
5787,1022
5788,1021
5789,1022
5790,1022
5791,1022
5792,1021
5793,1022
5794,1022
5795,1022
5796,1022
5797,1
5798,1022
5799,1
5800,0
5801,0
5802,0
5803,0
5804,0
5805,0
5806,0
5807,0
5808,0
5809,0
5810,0
5811,0
5812,0
5813,0
5814,0
5815,0
5816,0
5817,0
5818,0
5819,0
5820,1021
5821,1022
5822,1022
5823,1022
5824,1022
5825,1021
5826,1021
5827,1022
5828,1022
5829,1022
5830,1022
5831,1022
5832,1022
5833,1022
5834,1022
5835,1022
5836,1022
5837,1022
5838,749
5839,1022
5840,749
5841,0
5842,0
5843,0
5844,0
5845,0
5846,0
5847,0
5848,0
5849,0
5850,0
5851,0
5852,0
5853,0
5854,0
5855,0
5856,0
5857,0
5858,0
5859,0
5860,0
5861,815
5862,1022
5863,1022
5864,1022
5865,1022
5866,1022
5867,1022
5868,1022
5869,1022
5870,1022
5871,1022
5872,1022
5873,1022
5874,1022
5875,1022
5876,1021
5877,1022
5878,1021
5879,1022
5880,0
5881,1022
5882,0
5883,0
5884,0
5885,0
5886,0
5887,0
5888,0
5889,0
5890,0
5891,0
5892,0
5893,0
5894,0
5895,0
5896,0
5897,0
5898,0
5899,0
5900,0
5901,0
5902,0
5903,1022
5904,1022
5905,1022
5906,1022
5907,1022
5908,1022
5909,1022
5910,1022
5911,1022
5912,1022
5913,1022
5914,1022
5915,1022
5916,1022
5917,1022
5918,1022
5919,1022
5920,1022
5921,749
5922,1022
5923,749
5924,0
5925,0
5926,0
5927,0
5928,0
5929,0
5930,0
5931,0
5932,0
5933,0
5934,0
5935,0
5936,0
5937,0
5938,0
5939,0
5940,0
5941,0
5942,0
5943,0
5944,844
5945,1021
5946,1022
5947,1023
5948,1023
5949,1022
5950,1022
5951,1022
5952,1022
5953,1022
5954,1022
5955,1021
5956,1022
5957,1022
5958,1021
5959,1022
5960,1022
5961,1022
5962,1022
5963,0
5964,1022
5965,0
5966,0
5967,0
5968,0
5969,0
5970,0
5971,0
5972,0
5973,0
5974,0
5975,0
5976,0
5977,0
5978,0
5979,0
5980,0
5981,0
5982,0
5983,0
5984,0
5985,0
5986,1022
5987,1022
5988,1022
5989,1022
5990,1022
5991,1022
5992,1022
5993,1022
5994,1022
5995,1022
5996,1022
5997,1022
5998,1022
5999,1022
6000,1022
6001,1021
6002,1022
6003,1022
6004,749
6005,1021
6006,749
6007,0
6008,0
6009,0
6010,0
6011,0
6012,0
6013,0
6014,0
6015,0
6016,0
6017,0
6018,0
6019,0
6020,0
6021,0
6022,0
6023,0
6024,0
6025,0
6026,0
6027,816
6028,1021
6029,1022
6030,1021
6031,1021
6032,1022
6033,1022
6034,1022
6035,1022
6036,1022
6037,1022
6038,1022
6039,1022
6040,1021
6041,1022
6042,1022
6043,1022
6044,1022
6045,1022
6046,1
6047,1022
6048,0
6049,0
6050,0
6051,0
6052,0
6053,0
6054,0
6055,0
6056,0
6057,0
6058,0
6059,0
6060,0
6061,0
6062,0
6063,0
6064,0
6065,0
6066,0
6067,0
6068,0
6069,1022
6070,1022
6071,1022
6072,1022
6073,1022
6074,1022
6075,1022
6076,1022
6077,1022
6078,1021
6079,1022
6080,1022
6081,1021
6082,1022
6083,1021
6084,1022
6085,1022
6086,1022
6087,837
6088,1022
6089,749
6090,0
6091,0
6092,0
6093,0
6094,0
6095,0
6096,0
6097,0
6098,0
6099,0
6100,0
6101,0
6102,0
6103,0
6104,0
6105,0
6106,0
6107,0
6108,843
6109,0
6110,844
6111,1022
6112,1022
6113,1022
6114,1022
6115,1022
6116,1022
6117,1022
6118,1022
6119,1022
6120,1022
6121,1022
6122,1022
6123,1022
6124,1022
6125,1022
6126,1022
6127,1022
6128,1022
6129,1022
6130,1022
6131,1
6132,0
6133,0
6134,0
6135,0
6136,0
6137,0
6138,0
6139,0
6140,0
6141,0
6142,0
6143,0
6144,0
6145,0
6146,0
6147,0
6148,0
6149,0
6150,0
6151,0
6152,1021
6153,1022
6154,1022
6155,1022
6156,1022
6157,1022
6158,1022
6159,1022
6160,1022
6161,1022
6162,1022
6163,1022
6164,1022
6165,1022
6166,1022
6167,1022
6168,1022
6169,1022
6170,1022
6171,1022
6172,837
6173,0
6174,0
6175,0
6176,0
6177,0
6178,0
6179,0
6180,0
6181,0
6182,0
6183,0
6184,0
6185,0
6186,0
6187,0
6188,0
6189,0
6190,0
6191,0
6192,1021
6193,843
6194,1021
6195,1022
6196,1022
6197,1022
6198,1022
6199,1022
6200,1022
6201,1022
6202,1022
6203,1022
6204,1022
6205,1022
6206,1022
6207,1022
6208,1022
6209,1022
6210,1022
6211,1022
6212,1022
6213,1022
6214,1
6215,0
6216,0
6217,0
6218,0
6219,0
6220,0
6221,0
6222,0
6223,0
6224,0
6225,0
6226,0
6227,0
6228,0
6229,0
6230,0
6231,0
6232,0
6233,0
6234,1022
6235,1022
6236,1022
6237,1022
6238,1022
6239,1023
6240,1022
6241,1022
6242,1021
6243,1022
6244,1022
6245,1022
6246,1022
6247,1022
6248,1022
6249,1022
6250,1022
6251,1022
6252,1021
6253,1022
6254,0
6255,837
6256,0
6257,0
6258,0
6259,0
6260,0
6261,0
6262,0
6263,0
6264,0
6265,0
6266,0
6267,0
6268,0
6269,0
6270,0
6271,0
6272,0
6273,0
6274,0
6275,1021
6276,816
6277,1021
6278,1022
6279,1022
6280,1022
6281,1022
6282,1022
6283,1022
6284,1022
6285,1022
6286,1022
6287,1021
6288,1022
6289,1022
6290,1021
6291,1022
6292,1022
6293,1021
6294,1022
6295,1021
6296,1021
6297,1
6298,0
6299,0
6300,0
6301,0
6302,0
6303,0
6304,0
6305,0
6306,0
6307,0
6308,0
6309,0
6310,0
6311,0
6312,0
6313,0
6314,0
6315,0
6316,0
6317,1022
6318,1021
6319,1021
6320,1021
6321,1022
6322,1022
6323,1021
6324,1021
6325,1022
6326,1022
6327,1021
6328,1022
6329,1022
6330,1022
6331,1022
6332,1022
6333,1022
6334,1021
6335,1021
6336,1021
6337,1022
6338,749
6339,0
6340,0
6341,0
6342,0
6343,0
6344,0
6345,0
6346,0
6347,0
6348,0
6349,0
6350,0
6351,0
6352,0
6353,0
6354,0
6355,0
6356,0
6357,816
6358,1022
6359,1021
6360,1022
6361,1022
6362,1022
6363,1022
6364,1022
6365,1022
6366,1022
6367,1023
6368,1022
6369,1021
6370,1022
6371,1021
6372,1022
6373,1022
6374,1022
6375,1022
6376,1022
6377,1022
6378,1021
6379,1022
6380,0
6381,0
6382,0
6383,0
6384,0
6385,0
6386,0
6387,0
6388,0
6389,0
6390,0
6391,0
6392,0
6393,0
6394,0
6395,0
6396,0
6397,0
6398,0
6399,1022
6400,1022
6401,1021
6402,1022
6403,1021
6404,1022
6405,1022
6406,1022
6407,1022
6408,1022
6409,1022
6410,1022
6411,1022
6412,1022
6413,1022
6414,1022
6415,1022
6416,1022
6417,1022
6418,1022
6419,1022
6420,1022
6421,749
6422,0
6423,0
6424,0
6425,0
6426,0
6427,0
6428,0
6429,0
6430,0
6431,0
6432,0
6433,0
6434,0
6435,0
6436,0
6437,0
6438,0
6439,0
6440,844
6441,0
6442,815
6443,1022
6444,1022
6445,1022
6446,1022
6447,1022
6448,1022
6449,1021
6450,1021
6451,1022
6452,1022
6453,1021
6454,1022
6455,1022
6456,1022
6457,1021
6458,1023
6459,1021
6460,1022
6461,1022
6462,1022
6463,0
6464,0
6465,0
6466,0
6467,0
6468,0
6469,0
6470,0
6471,0
6472,0
6473,0
6474,0
6475,0
6476,0
6477,0
6478,0
6479,0
6480,0
6481,0
6482,0
6483,0
6484,1022
6485,1022
6486,1021
6487,1022
6488,1022
6489,1021
6490,1022
6491,1022
6492,1022
6493,1021
6494,1022
6495,1022
6496,1022
6497,1022
6498,1022
6499,1022
6500,1022
6501,1022
6502,749
6503,1022
6504,749
6505,0
6506,0
6507,0
6508,0
6509,0
6510,0
6511,0
6512,0
6513,0
6514,0
6515,0
6516,0
6517,0
6518,0
6519,0
6520,0
6521,0
6522,0
6523,0
6524,0
6525,816
6526,1021
6527,1022
6528,1022
6529,1022
6530,1022
6531,1022
6532,1022
6533,1022
6534,1021
6535,1022
6536,1022
6537,1022
6538,1023
6539,1022
6540,1021
6541,1022
6542,1022
6543,1021
6544,1022
6545,1022
6546,1
6547,0
6548,0
6549,0
6550,0
6551,0
6552,0
6553,0
6554,0
6555,0
6556,0
6557,0
6558,0
6559,0
6560,0
6561,0
6562,0
6563,0
6564,0
6565,0
6566,0
6567,1022
6568,1022
6569,1022
6570,1022
6571,1022
6572,1021
6573,1022
6574,1022
6575,1021
6576,1022
6577,1022
6578,1021
6579,1022
6580,1022
6581,1022
6582,1022
6583,1023
6584,1022
6585,837
6586,1022
6587,837
6588,0
6589,0
6590,0
6591,0
6592,0
6593,0
6594,0
6595,0
6596,0
6597,0
6598,0
6599,0
6600,0
6601,0
6602,0
6603,0
6604,0
6605,0
6606,0
6607,0
6608,843
6609,1022
6610,1022
6611,1022
6612,1021
6613,1021
6614,1022
6615,1021
6616,1022
6617,1022
6618,1022
6619,1022
6620,1022
6621,1022
6622,1022
6623,1022
6624,1022
6625,1022
6626,1022
6627,1022
6628,1022
6629,0
6630,0
6631,0
6632,0
6633,0
6634,0
6635,0
6636,0
6637,0
6638,0
6639,0
6640,0
6641,0
6642,0
6643,0
6644,0
6645,0
6646,0
6647,0
6648,0
6649,0
6650,1022
6651,1022
6652,1021
6653,1022
6654,1021
6655,1021
6656,1022
6657,1022
6658,1022
6659,1022
6660,1022
6661,1022
6662,1022
6663,1021
6664,1022
6665,1022
6666,1022
6667,1022
6668,749
6669,1022
6670,749
6671,0
6672,0
6673,0
6674,0
6675,0
6676,0
6677,0
6678,0
6679,0
6680,0
6681,0
6682,0
6683,0
6684,0
6685,0
6686,0
6687,0
6688,0
6689,0
6690,0
6691,816
6692,1022
6693,1021
6694,1022
6695,1022
6696,1022
6697,1022
6698,1022
6699,1022
6700,1022
6701,1022
6702,1022
6703,1022
6704,1021
6705,1022
6706,1022
6707,1022
6708,1022
6709,1022
6710,1022
6711,1022
6712,1
6713,0
6714,0
6715,0
6716,0
6717,0
6718,0
6719,0
6720,0
6721,0
6722,0
6723,0
6724,0
6725,0
6726,0
6727,0
6728,0
6729,0
6730,0
6731,0
6732,0
6733,1021
6734,1022
6735,1022
6736,1022
6737,1022
6738,1022
6739,1022
6740,1022
6741,1022
6742,1022
6743,1022
6744,1022
6745,1022
6746,1022
6747,1023
6748,1022
6749,1022
6750,1022
6751,1022
6752,1022
6753,837
6754,0
6755,0
6756,0
6757,0
6758,0
6759,0
6760,0
6761,0
6762,0
6763,0
6764,0
6765,0
6766,0
6767,0
6768,0
6769,0
6770,0
6771,0
6772,0
6773,0
6774,843
6775,1022
6776,1022
6777,1022
6778,1022
6779,1022
6780,1022
6781,1022
6782,1022
6783,1022
6784,1022
6785,1021
6786,1022
6787,1022
6788,1022
6789,1022
6790,1022
6791,1022
6792,1022
6793,1022
6794,1022
6795,1
6796,0
6797,0
6798,0
6799,0
6800,0
6801,0
6802,0
6803,0
6804,0
6805,0
6806,0
6807,0
6808,0
6809,0
6810,0
6811,0
6812,0
6813,0
6814,0
6815,0
6816,1022
6817,1022
6818,1022
6819,1022
6820,1022
6821,1022
6822,1022
6823,1022
6824,1022
6825,1022
6826,1022
6827,1021
6828,1022
6829,1021
6830,1022
6831,1022
6832,1022
6833,1022
6834,837
6835,1021
6836,837
6837,0
6838,0
6839,0
6840,0
6841,0
6842,0
6843,0
6844,0
6845,0
6846,0
6847,0
6848,0
6849,0
6850,0
6851,0
6852,0
6853,0
6854,0
6855,0
6856,0
6857,816
6858,1022
6859,1022
6860,1022
6861,1022
6862,1022
6863,1022
6864,1022
6865,1022
6866,1022
6867,1022
6868,1021
6869,1022
6870,1022
6871,1022
6872,1022
6873,1022
6874,1022
6875,1022
6876,1022
6877,1022
6878,0
6879,0
6880,0
6881,0
6882,0
6883,0
6884,0
6885,0
6886,0
6887,0
6888,0
6889,0
6890,0
6891,0
6892,0
6893,0
6894,0
6895,0
6896,0
6897,0
6898,0
6899,1021
6900,1022
6901,1022
6902,1022
6903,1022
6904,1022
6905,1022
6906,1021
6907,1022
6908,1022
6909,1022
6910,1022
6911,1021
6912,1022
6913,1021
6914,1023
6915,1021
6916,1022
6917,1022
6918,1022
6919,837
6920,0
6921,0
6922,0
6923,0
6924,0
6925,0
6926,0
6927,0
6928,0
6929,0
6930,0
6931,0
6932,0
6933,0
6934,0
6935,0
6936,0
6937,0
6938,843
6939,0
6940,843
6941,1022
6942,1021
6943,1022
6944,1022
6945,1022
6946,1022
6947,1022
6948,1022
6949,1022
6950,1022
6951,1022
6952,1021
6953,1021
6954,1022
6955,1022
6956,1021
6957,1022
6958,1022
6959,0
6960,1022
6961,1
6962,0
6963,0
6964,0
6965,0
6966,0
6967,0
6968,0
6969,0
6970,0
6971,0
6972,0
6973,0
6974,0
6975,0
6976,0
6977,0
6978,0
6979,0
6980,0
6981,0
6982,1022
6983,1021
6984,1022
6985,1022
6986,1021
6987,1021
6988,1022
6989,1022
6990,1022
6991,1022
6992,1022
6993,1022
6994,1022
6995,1022
6996,1022
6997,1022
6998,1022
6999,1022
7000,1022
7001,0
7002,837
7003,0
7004,0
7005,0
7006,0
7007,0
7008,0
7009,0
7010,0
7011,0
7012,0
7013,0
7014,0
7015,0
7016,0
7017,0
7018,0
7019,0
7020,0
7021,816
7022,0
7023,843
7024,1021
7025,1021
7026,1022
7027,1022
7028,1022
7029,1022
7030,1022
7031,1022
7032,1022
7033,1022
7034,1022
7035,1022
7036,1022
7037,1023
7038,1022
7039,1021
7040,0
7041,1021
7042,2
7043,1022
7044,1
7045,0
7046,0
7047,0
7048,0
7049,0
7050,0
7051,0
7052,0
7053,0
7054,0
7055,0
7056,0
7057,0
7058,0
7059,0
7060,0
7061,0
7062,0
7063,0
7064,0
7065,1022
7066,1022
7067,1022
7068,1022
7069,1022
7070,1022
7071,1022
7072,1022
7073,1022
7074,1022
7075,1022
7076,1021
7077,1022
7078,1022
7079,1022
7080,1022
7081,1022
7082,1022
7083,837
7084,0
7085,749
7086,0
7087,0
7088,0
7089,0
7090,0
7091,0
7092,0
7093,0
7094,0
7095,0
7096,0
7097,0
7098,0
7099,0
7100,0
7101,0
7102,0
7103,0
7104,815
7105,0
7106,843
7107,1021
7108,1021
7109,1022
7110,1022
7111,1022
7112,1022
7113,1022
7114,1022
7115,1022
7116,1022
7117,1022
7118,1022
7119,1022
7120,1022
7121,1022
7122,1021
7123,1022
7124,1022
7125,1
7126,1022
7127,0
7128,0
7129,0
7130,0
7131,0
7132,0
7133,0
7134,0
7135,0
7136,0
7137,0
7138,0
7139,0
7140,0
7141,0
7142,0
7143,0
7144,0
7145,0
7146,0
7147,0
7148,1022
7149,1022
7150,1022
7151,1022
7152,1022
7153,1022
7154,1022
7155,1022
7156,1022
7157,1021
7158,1022
7159,1022
7160,1021
7161,1022
7162,1022
7163,1022
7164,1022
7165,1022
7166,749
7167,1021
7168,0
7169,0
7170,0
7171,0
7172,0
7173,0
7174,0
7175,0
7176,0
7177,0
7178,0
7179,0
7180,0
7181,0
7182,0
7183,0
7184,0
7185,0
7186,0
7187,0
7188,0
7189,842
7190,1022
7191,1022
7192,1022
7193,1021
7194,1022
7195,1022
7196,1022
7197,1023
7198,1022
7199,1023
7200,1022
7201,1022
7202,1022
7203,1021
7204,1021
7205,1022
7206,1022
7207,1021
7208,2
7209,1022
7210,1
7211,0
7212,0
7213,0
7214,0
7215,0
7216,0
7217,0
7218,0
7219,0
7220,0
7221,0
7222,0
7223,0
7224,0
7225,0
7226,0
7227,0
7228,0
7229,0
7230,0
7231,1022
7232,1022
7233,1022
7234,1022
7235,1021
7236,1022
7237,1022
7238,1022
7239,1022
7240,1021
7241,1022
7242,1022
7243,1021
7244,1021
7245,1022
7246,1022
7247,1022
7248,1022
7249,749
7250,1022
7251,749
7252,0
7253,0
7254,0
7255,0
7256,0
7257,0
7258,0
7259,0
7260,0
7261,0
7262,0
7263,0
7264,0
7265,0
7266,0
7267,0
7268,0
7269,0
7270,843
7271,0
7272,815
7273,1022
7274,1022
7275,1022
7276,1022
7277,1022
7278,1022
7279,1022
7280,1022
7281,1022
7282,1021
7283,1022
7284,1022
7285,1021
7286,1022
7287,1021
7288,1022
7289,1021
7290,1022
7291,1
7292,1022
7293,1
7294,0
7295,0
7296,0
7297,0
7298,0
7299,0
7300,0
7301,0
7302,0
7303,0
7304,0
7305,0
7306,0
7307,0
7308,0
7309,0
7310,0
7311,0
7312,0
7313,0
7314,1022
7315,1022
7316,1022
7317,1022
7318,1022
7319,1022
7320,1022
7321,1022
7322,1022
7323,1022
7324,1022
7325,1022
7326,1022
7327,1022
7328,1022
7329,1021
7330,1022
7331,1022
7332,838
7333,1022
7334,837
7335,0
7336,0
7337,0
7338,0
7339,0
7340,0
7341,0
7342,0
7343,0
7344,0
7345,0
7346,0
7347,0
7348,0
7349,0
7350,0
7351,0
7352,0
7353,843
7354,0
7355,843
7356,1021
7357,1022
7358,1022
7359,1022
7360,1022
7361,1021
7362,1022
7363,1022
7364,1022
7365,1022
7366,1022
7367,1022
7368,1022
7369,1022
7370,1022
7371,1022
7372,1022
7373,1022
7374,1
7375,1022
7376,1
7377,0
7378,0
7379,0
7380,0
7381,0
7382,0
7383,0
7384,0
7385,0
7386,0
7387,0
7388,0
7389,0
7390,0
7391,0
7392,0
7393,0
7394,0
7395,0
7396,0
7397,1022
7398,1022
7399,1022
7400,1022
7401,1022
7402,1022
7403,1022
7404,1022
7405,1022
7406,1022
7407,1022
7408,1022
7409,1022
7410,1022
7411,1022
7412,1022
7413,1022
7414,1022
7415,837
7416,1022
7417,749
7418,0
7419,0
7420,0
7421,0
7422,0
7423,0
7424,0
7425,0
7426,0
7427,0
7428,0
7429,0
7430,0
7431,0
7432,0
7433,0
7434,0
7435,0
7436,0
7437,0
7438,843
7439,1021
7440,1022
7441,1021
7442,1021
7443,1022
7444,1021
7445,1022
7446,1022
7447,1022
7448,1022
7449,1022
7450,1022
7451,1022
7452,1022
7453,1022
7454,1022
7455,1022
7456,1022
7457,0
7458,1022
7459,0
7460,0
7461,0
7462,0
7463,0
7464,0
7465,0
7466,0
7467,0
7468,0
7469,0
7470,0
7471,0
7472,0
7473,0
7474,0
7475,0
7476,0
7477,0
7478,0
7479,0
7480,1022
7481,1021
7482,1022
7483,1022
7484,1022
7485,1022
7486,1022
7487,1022
7488,1021
7489,1022
7490,1022
7491,1022
7492,1022
7493,1022
7494,1022
7495,1021
7496,1022
7497,1022
7498,749
7499,1022
7500,837
7501,0
7502,0
7503,0
7504,0
7505,0
7506,0
7507,0
7508,0
7509,0
7510,0
7511,0
7512,0
7513,0
7514,0
7515,0
7516,0
7517,0
7518,0
7519,843
7520,0
7521,843
7522,1021
7523,1022
7524,1022
7525,1022
7526,1022
7527,1022
7528,1021
7529,1022
7530,1022
7531,1022
7532,1022
7533,1023
7534,1021
7535,1022
7536,1022
7537,1022
7538,1022
7539,1022
7540,2
7541,1023
7542,0
7543,0
7544,0
7545,0
7546,0
7547,0
7548,0
7549,0
7550,0
7551,0
7552,0
7553,0
7554,0
7555,0
7556,0
7557,0
7558,0
7559,0
7560,0
7561,0
7562,0
7563,1022
7564,1022
7565,1022
7566,1022
7567,1022
7568,1021
7569,1022
7570,1022
7571,1022
7572,1022
7573,1022
7574,1021
7575,1022
7576,1021
7577,1022
7578,1022
7579,1022
7580,1022
7581,749
7582,1022
7583,749
7584,0
7585,0
7586,0
7587,0
7588,0
7589,0
7590,0
7591,0
7592,0
7593,0
7594,0
7595,0
7596,0
7597,0
7598,0
7599,0
7600,0
7601,0
7602,0
7603,0
7604,843
7605,1021
7606,1022
7607,1022
7608,1022
7609,1022
7610,1022
7611,1022
7612,1022
7613,1022
7614,1022
7615,1022
7616,1022
7617,1022
7618,1022
7619,1022
7620,1022
7621,1022
7622,1022
7623,0
7624,1022
7625,0
7626,0
7627,0
7628,0
7629,0
7630,0
7631,0
7632,0
7633,0
7634,0
7635,0
7636,0
7637,0
7638,0
7639,0
7640,0
7641,0
7642,0
7643,0
7644,1021
7645,0
7646,1022
7647,1022
7648,1021
7649,1023
7650,1022
7651,1021
7652,1022
7653,1021
7654,1022
7655,1022
7656,1022
7657,1022
7658,1021
7659,1022
7660,1022
7661,1022
7662,1022
7663,1022
7664,749
7665,1022
7666,837
7667,0
7668,0
7669,0
7670,0
7671,0
7672,0
7673,0
7674,0
7675,0
7676,0
7677,0
7678,0
7679,0
7680,0
7681,0
7682,0
7683,0
7684,0
7685,0
7686,0
7687,841
7688,1022
7689,1022
7690,1021
7691,1022
7692,1022
7693,1022
7694,1022
7695,1021
7696,1022
7697,1022
7698,1022
7699,1022
7700,1022
7701,1022
7702,1022
7703,1022
7704,1022
7705,1022
7706,0
7707,1022
7708,0
7709,0
7710,0
7711,0
7712,0
7713,0
7714,0
7715,0
7716,0
7717,0
7718,0
7719,0
7720,0
7721,0
7722,0
7723,0
7724,0
7725,0
7726,0
7727,0
7728,1021
7729,1021
7730,1022
7731,1022
7732,1022
7733,1022
7734,1022
7735,1022
7736,1022
7737,1022
7738,1022
7739,1022
7740,1022
7741,1022
7742,1022
7743,1022
7744,1022
7745,1022
7746,1022
7747,1022
7748,1022
7749,749
7750,0
7751,0
7752,0
7753,0
7754,0
7755,0
7756,0
7757,0
7758,0
7759,0
7760,0
7761,0
7762,0
7763,0
7764,0
7765,0
7766,844
7767,0
7768,0
7769,1022
7770,843
7771,1022
7772,1022
7773,1022
7774,1022
7775,1022
7776,1022
7777,1021
7778,1022
7779,1022
7780,1022
7781,1022
7782,1022
7783,1021
7784,1022
7785,1021
7786,1022
7787,1021
7788,1022
7789,1021
7790,1022
7791,0
7792,0
7793,0
7794,0
7795,0
7796,0
7797,0
7798,0
7799,0
7800,0
7801,0
7802,0
7803,0
7804,0
7805,0
7806,0
7807,0
7808,1020
7809,0
7810,0
7811,1021
7812,1022
7813,1022
7814,1022
7815,1022
7816,1022
7817,1022
7818,1022
7819,1022
7820,1022
7821,1022
7822,1022
7823,1022
7824,1022
7825,1022
7826,1022
7827,1022
7828,1022
7829,1022
7830,749
7831,1022
7832,749
7833,0
7834,0
7835,0
7836,0
7837,0
7838,0
7839,0
7840,0
7841,0
7842,0
7843,0
7844,0
7845,0
7846,0
7847,0
7848,0
7849,0
7850,0
7851,843
7852,1021
7853,1022
7854,1021
7855,1022
7856,1022
7857,1022
7858,1022
7859,1021
7860,1022
7861,1022
7862,1021
7863,1022
7864,1022
7865,1022
7866,1021
7867,1022
7868,1021
7869,1022
7870,1022
7871,1022
7872,2
7873,1022
7874,0
7875,0
7876,0
7877,0
7878,0
7879,0
7880,0
7881,0
7882,0
7883,0
7884,0
7885,0
7886,0
7887,0
7888,0
7889,0
7890,0
7891,0
7892,0
7893,0
7894,1021
7895,1021
7896,1022
7897,1021
7898,1022
7899,1022
7900,1021
7901,1022
7902,1022
7903,1022
7904,1022
7905,1022
7906,1022
7907,1022
7908,1021
7909,1022
7910,1022
7911,1021
7912,1021
7913,749
7914,1021
7915,749
7916,0
7917,0
7918,0
7919,0
7920,0
7921,0
7922,0
7923,0
7924,0
7925,0
7926,0
7927,0
7928,0
7929,0
7930,0
7931,0
7932,0
7933,0
7934,844
7935,0
7936,1022
7937,1021
7938,1022
7939,1021
7940,1021
7941,1022
7942,1022
7943,1021
7944,1022
7945,1022
7946,1022
7947,1022
7948,1022
7949,1022
7950,1022
7951,1022
7952,1022
7953,1022
7954,1022
7955,1022
7956,1022
7957,1
7958,0
7959,0
7960,0
7961,0
7962,0
7963,0
7964,0
7965,0
7966,0
7967,0
7968,0
7969,0
7970,0
7971,0
7972,0
7973,0
7974,0
7975,0
7976,1022
7977,0
7978,1022
7979,1022
7980,1021
7981,1022
7982,1022
7983,1022
7984,1022
7985,1022
7986,1022
7987,1022
7988,1022
7989,1021
7990,1022
7991,1022
7992,1022
7993,1022
7994,1022
7995,1021
7996,837
7997,1022
7998,749
7999,0
8000,0
8001,0
8002,0
8003,0
8004,0
8005,0
8006,0
8007,0
8008,0
8009,0
8010,0
8011,0
8012,0
8013,0
8014,0
8015,0
8016,0
8017,0
8018,0
8019,816
8020,1022
8021,1021
8022,1022
8023,1022
8024,1022
8025,1022
8026,1022
8027,1022
8028,1022
8029,1022
8030,1022
8031,1022
8032,1022
8033,1022
8034,1021
8035,1022
8036,1022
8037,1022
8038,1022
8039,1022
8040,0
8041,0
8042,0
8043,0
8044,0
8045,0
8046,0
8047,0
8048,0
8049,0
8050,0
8051,0
8052,0
8053,0
8054,0
8055,0
8056,0
8057,0
8058,0
8059,0
8060,0
8061,1022
8062,1021
8063,1022
8064,1022
8065,1023
8066,1022
8067,1022
8068,1022
8069,1022
8070,1022
8071,1022
8072,1022
8073,1022
8074,1022
8075,1022
8076,1022
8077,1022
8078,1022
8079,1021
8080,1022
8081,837
8082,0
8083,0
8084,0
8085,0
8086,0
8087,0
8088,0
8089,0
8090,0
8091,0
8092,0
8093,0
8094,0
8095,0
8096,0
8097,0
8098,0
8099,0
8100,0
8101,0
8102,843
8103,1022
8104,1022
8105,1021
8106,1022
8107,1022
8108,1021
8109,1022
8110,1022
8111,1022
8112,1022
8113,1022
8114,1022
8115,1022
8116,1022
8117,1022
8118,1022
8119,1022
8120,1022
8121,1022
8122,1022
8123,1
8124,0
8125,0
8126,0
8127,0
8128,0
8129,0
8130,0
8131,0
8132,0
8133,0
8134,0
8135,0
8136,0
8137,0
8138,0
8139,0
8140,0
8141,0
8142,0
8143,0
8144,1022
8145,1022
8146,1022
8147,1022
8148,1022
8149,1022
8150,1022
8151,1022
8152,1022
8153,1022
8154,1022
8155,1022
8156,1021
8157,1022
8158,1021
8159,1022
8160,1021
8161,1022
8162,837
8163,1022
8164,749
8165,0
8166,0
8167,0
8168,0
8169,0
8170,0
8171,0
8172,0
8173,0
8174,0
8175,0
8176,0
8177,0
8178,0
8179,0
8180,0
8181,0
8182,0
8183,816
8184,0
8185,842
8186,1022
8187,1022
8188,1022
8189,1022
8190,1022
8191,1022
8192,1022
8193,1022
8194,1022
8195,1022
8196,1022
8197,1022
8198,1022
8199,1022
8200,1022
8201,1022
8202,1022
8203,1022
8204,2
8205,1021
8206,0
8207,0
8208,0
8209,0
8210,0
8211,0
8212,0
8213,0
8214,0
8215,0
8216,0
8217,0
8218,0
8219,0
8220,0
8221,0
8222,0
8223,0
8224,0
8225,0
8226,0
8227,1021
8228,1021
8229,1022
8230,1021
8231,1021
8232,1021
8233,1022
8234,1021
8235,1021
8236,1021
8237,1022
8238,1022
8239,1022
8240,1021
8241,1022
8242,1022
8243,1021
8244,1022
8245,837
8246,1022
8247,749
8248,0
8249,0
8250,0
8251,0
8252,0
8253,0
8254,0
8255,0
8256,0
8257,0
8258,0
8259,0
8260,0
8261,0
8262,0
8263,0
8264,0
8265,0
8266,0
8267,0
8268,843
8269,1021
8270,1022
8271,1022
8272,1022
8273,1021
8274,1022
8275,1021
8276,1022
8277,1022
8278,1022
8279,1021
8280,1022
8281,1022
8282,1022
8283,1022
8284,1022
8285,1022
8286,1022
8287,1022
8288,1022
8289,0
8290,0
8291,0
8292,0
8293,0
8294,0
8295,0
8296,0
8297,0
8298,0
8299,0
8300,0
8301,0
8302,0
8303,0
8304,0
8305,0
8306,0
8307,0
8308,0
8309,0
8310,1021
8311,1022
8312,1022
8313,1022
8314,1022
8315,1022
8316,1022
8317,1022
8318,1022
8319,1022
8320,1022
8321,1022
8322,1022
8323,1022
8324,1022
8325,1022
8326,1022
8327,1022
8328,837
8329,0
8330,838
8331,0
8332,0
8333,0
8334,0
8335,0
8336,0
8337,0
8338,0
8339,0
8340,0
8341,0
8342,0
8343,0
8344,0
8345,0
8346,0
8347,0
8348,0
8349,0
8350,0
8351,843
8352,1021
8353,1022
8354,1022
8355,1022
8356,1022
8357,1022
8358,1022
8359,1022
8360,1022
8361,1022
8362,1022
8363,1022
8364,1022
8365,1022
8366,1022
8367,1022
8368,1022
8369,1022
8370,2
8371,1022
8372,1
8373,0
8374,0
8375,0
8376,0
8377,0
8378,0
8379,0
8380,0
8381,0
8382,0
8383,0
8384,0
8385,0
8386,0
8387,0
8388,0
8389,0
8390,0
8391,0
8392,0
8393,1022
8394,1021
8395,1022
8396,1022
8397,1022
8398,1022
8399,1022
8400,1022
8401,1022
8402,1022
8403,1022
8404,1022
8405,1022
8406,1022
8407,1022
8408,1022
8409,1022
8410,1022
8411,749
8412,1022
8413,749
8414,0
8415,0
8416,0
8417,0
8418,0
8419,0
8420,0
8421,0
8422,0
8423,0
8424,0
8425,0
8426,0
8427,0
8428,0
8429,0
8430,0
8431,0
8432,0
8433,0
8434,843
8435,1022
8436,1021
8437,1021
8438,1022
8439,1022
8440,1022
8441,1022
8442,1022
8443,1022
8444,1022
8445,1022
8446,1022
8447,1022
8448,1022
8449,1022
8450,1021
8451,1021
8452,1022
8453,1
8454,1022
8455,1
8456,0
8457,0
8458,0
8459,0
8460,0
8461,0
8462,0
8463,0
8464,0
8465,0
8466,0
8467,0
8468,0
8469,0
8470,0
8471,0
8472,0
8473,0
8474,0
8475,0
8476,1022
8477,1022
8478,1022
8479,1022
8480,1022
8481,1021
8482,1022
8483,1022
8484,1022
8485,1022
8486,1022
8487,1022
8488,1022
8489,1022
8490,1022
8491,1022
8492,1022
8493,1021
8494,1022
8495,0
8496,837
8497,0
8498,0
8499,0
8500,0
8501,0
8502,0
8503,0
8504,0
8505,0
8506,0
8507,0
8508,0
8509,0
8510,0
8511,0
8512,0
8513,0
8514,0
8515,0
8516,0
8517,817
8518,1022
8519,1022
8520,1022
8521,1022
8522,1022
8523,1021
8524,1022
8525,1022
8526,1022
8527,1022
8528,1021
8529,1022
8530,1021
8531,1022
8532,1022
8533,1022
8534,1022
8535,1022
8536,1
8537,1022
8538,1
8539,0
8540,0
8541,0
8542,0
8543,0
8544,0
8545,0
8546,0
8547,0
8548,0
8549,0
8550,0
8551,0
8552,0
8553,0
8554,0
8555,0
8556,0
8557,0
8558,0
8559,1022
8560,1022
8561,1022
8562,1022
8563,1021
8564,1022
8565,1022
8566,1022
8567,1022
8568,1022
8569,1022
8570,1021
8571,1022
8572,1021
8573,1022
8574,1021
8575,1022
8576,1022
8577,1021
8578,0
8579,749
8580,0
8581,0
8582,0
8583,0
8584,0
8585,0
8586,0
8587,0
8588,0
8589,0
8590,0
8591,0
8592,0
8593,0
8594,0
8595,0
8596,0
8597,0
8598,0
8599,0
8600,843
8601,1021
8602,1022
8603,1022
8604,1022
8605,1022
8606,1022
8607,1022
8608,1022
8609,1022
8610,1022
8611,1022
8612,1022
8613,1022
8614,1022
8615,1022
8616,1022
8617,1022
8618,1022
8619,0
8620,1022
8621,0
8622,0
8623,0
8624,0
8625,0
8626,0
8627,0
8628,0
8629,0
8630,0
8631,0
8632,0
8633,0
8634,0
8635,0
8636,0
8637,0
8638,0
8639,0
8640,1022
8641,0
8642,1021
8643,1022
8644,1021
8645,1022
8646,1022
8647,1022
8648,1022
8649,1022
8650,1022
8651,1021
8652,1022
8653,1021
8654,1022
8655,1022
8656,1021
8657,1021
8658,1022
8659,1022
8660,837
8661,1022
8662,837
8663,0
8664,0
8665,0
8666,0
8667,0
8668,0
8669,0
8670,0
8671,0
8672,0
8673,0
8674,0
8675,0
8676,0
8677,0
8678,0
8679,0
8680,0
8681,0
8682,0
8683,843
8684,1022
8685,1021
8686,1022
8687,1021
8688,1022
8689,1022
8690,1022
8691,1022
8692,1022
8693,1022
8694,1022
8695,1022
8696,1022
8697,1022
8698,1022
8699,1022
8700,1022
8701,1022
8702,2
8703,1022
8704,0
8705,0
8706,0
8707,0
8708,0
8709,0
8710,0
8711,0
8712,0
8713,0
8714,0
8715,0
8716,0
8717,0
8718,0
8719,0
8720,0
8721,0
8722,0
8723,0
8724,0
8725,1022
8726,1022
8727,1022
8728,1022
8729,1022
8730,1021
8731,1022
8732,1022
8733,1022
8734,1022
8735,1023
8736,1022
8737,1022
8738,1022
8739,1022
8740,1022
8741,1022
8742,1021
8743,837
8744,1022
8745,749
8746,0
8747,0
8748,0
8749,0
8750,0
8751,0
8752,0
8753,0
8754,0
8755,0
8756,0
8757,0
8758,0
8759,0
8760,0
8761,0
8762,0
8763,0
8764,844
8765,0
8766,844
8767,1021
8768,1022
8769,1022
8770,1022
8771,1022
8772,1022
8773,1022
8774,1022
8775,1022
8776,1022
8777,1022
8778,1022
8779,1022
8780,1022
8781,1022
8782,1022
8783,1021
8784,1022
8785,2
8786,1022
8787,2
8788,0
8789,0
8790,0
8791,0
8792,0
8793,0
8794,0
8795,0
8796,0
8797,0
8798,0
8799,0
8800,0
8801,0
8802,0
8803,0
8804,0
8805,0
8806,0
8807,0
8808,1022
8809,1022
8810,1022
8811,1022
8812,1022
8813,1021
8814,1021
8815,1022
8816,1021
8817,1022
8818,1021
8819,1022
8820,1021
8821,1022
8822,1022
8823,1022
8824,1022
8825,1022
8826,837
8827,1022
8828,749
8829,0
8830,0
8831,0
8832,0
8833,0
8834,0
8835,0
8836,0
8837,0
8838,0
8839,0
8840,0
8841,0
8842,0
8843,0
8844,0
8845,0
8846,0
8847,816
8848,0
8849,843
8850,1021
8851,1022
8852,1021
8853,1022
8854,1022
8855,1022
8856,1022
8857,1021
8858,1021
8859,1022
8860,1022
8861,1022
8862,1022
8863,1022
8864,1022
8865,1022
8866,1022
8867,1022
8868,0
8869,1021
8870,0
8871,0
8872,0
8873,0
8874,0
8875,0
8876,0
8877,0
8878,0
8879,0
8880,0
8881,0
8882,0
8883,0
8884,0
8885,0
8886,0
8887,0
8888,0
8889,0
8890,0
8891,1022
8892,1022
8893,1021
8894,1022
8895,1022
8896,1022
8897,1022
8898,1022
8899,1022
8900,1022
8901,1022
8902,1022
8903,1022
8904,1022
8905,1022
8906,1022
8907,1022
8908,1022
8909,837
8910,1021
8911,837
8912,0
8913,0
8914,0
8915,0
8916,0
8917,0
8918,0
8919,0
8920,0
8921,0
8922,0
8923,0
8924,0
8925,0
8926,0
8927,0
8928,0
8929,0
8930,0
8931,0
8932,817
8933,1021
8934,1022
8935,1022
8936,1022
8937,1022
8938,1022
8939,1022
8940,1022
8941,1022
8942,1021
8943,1022
8944,1022
8945,1022
8946,1022
8947,1022
8948,1022
8949,1022
8950,1022
8951,1022
8952,1022
8953,2
8954,0
8955,0
8956,0
8957,0
8958,0
8959,0
8960,0
8961,0
8962,0
8963,0
8964,0
8965,0
8966,0
8967,0
8968,0
8969,0
8970,0
8971,0
8972,0
8973,0
8974,1021
8975,1022
8976,1022
8977,1022
8978,1022
8979,1022
8980,1022
8981,1022
8982,1022
8983,1022
8984,1022
8985,1022
8986,1022
8987,1022
8988,1022
8989,1022
8990,1022
8991,1022
8992,837
8993,1022
8994,749
8995,0
8996,0
8997,0
8998,0
8999,0
9000,0
9001,0
9002,0
9003,0
9004,0
9005,0
9006,0
9007,0
9008,0
9009,0
9010,0
9011,0
9012,0
9013,816
9014,0
9015,843
9016,1021
9017,1022
9018,1022
9019,1021
9020,1022
9021,1022
9022,1022
9023,1022
9024,1022
9025,1021
9026,1022
9027,1022
9028,1022
9029,1022
9030,1022
9031,1022
9032,1022
9033,1022
9034,2
9035,1022
9036,0
9037,0
9038,0
9039,0
9040,0
9041,0
9042,0
9043,0
9044,0
9045,0
9046,0
9047,0
9048,0
9049,0
9050,0
9051,0
9052,0
9053,0
9054,0
9055,0
9056,0
9057,1022
9058,1021
9059,1022
9060,1022
9061,1022
9062,1022
9063,1022
9064,1022
9065,1022
9066,1022
9067,1022
9068,1022
9069,1022
9070,1022
9071,1021
9072,1022
9073,1022
9074,1022
9075,749
9076,1021
9077,749
9078,0
9079,0
9080,0
9081,0
9082,0
9083,0
9084,0
9085,0
9086,0
9087,0
9088,0
9089,0
9090,0
9091,0
9092,0
9093,0
9094,0
9095,0
9096,843
9097,0
9098,843
9099,1021
9100,1022
9101,1022
9102,1022
9103,1022
9104,1022
9105,1022
9106,1022
9107,1022
9108,1022
9109,1022
9110,1022
9111,1022
9112,1022
9113,1022
9114,1021
9115,1022
9116,1022
9117,0
9118,1022
9119,1
9120,0
9121,0
9122,0
9123,0
9124,0
9125,0
9126,0
9127,0
9128,0
9129,0
9130,0
9131,0
9132,0
9133,0
9134,0
9135,0
9136,0
9137,0
9138,0
9139,0
9140,1022
9141,1022
9142,1022
9143,1022
9144,1022
9145,1022
9146,1022
9147,1022
9148,1022
9149,1023
9150,1021
9151,1022
9152,1021
9153,1022
9154,1022
9155,1022
9156,1022
9157,1021
9158,749
9159,1021
9160,837
9161,0
9162,0
9163,0
9164,0
9165,0
9166,0
9167,0
9168,0
9169,0
9170,0
9171,0
9172,0
9173,0
9174,0
9175,0
9176,0
9177,0
9178,0
9179,0
9180,0
9181,843
9182,1021
9183,1022
9184,1022
9185,1021
9186,1021
9187,1021
9188,1022
9189,1022
9190,1022
9191,1022
9192,1022
9193,1022
9194,1022
9195,1021
9196,1022
9197,1022
9198,1021
9199,1022
9200,1022
9201,1022
9202,2
9203,0
9204,0
9205,0
9206,0
9207,0
9208,0
9209,0
9210,0
9211,0
9212,0
9213,0
9214,0
9215,0
9216,0
9217,0
9218,0
9219,0
9220,0
9221,1021
9222,0
9223,1022
9224,1022
9225,1021
9226,1022
9227,1022
9228,1022
9229,1022
9230,1022
9231,1021
9232,1022
9233,1022
9234,1022
9235,1021
9236,1022
9237,1022
9238,1022
9239,1022
9240,1022
9241,1022
9242,1022
9243,749
9244,0
9245,0
9246,0
9247,0
9248,0
9249,0
9250,0
9251,0
9252,0
9253,0
9254,0
9255,0
9256,0
9257,0
9258,0
9259,0
9260,0
9261,0
9262,0
9263,1022
9264,1022
9265,1022
9266,1022
9267,1022
9268,1022
9269,1022
9270,1022
9271,1022
9272,1022
9273,1022
9274,1022
9275,1022
9276,1022
9277,1022
9278,1022
9279,1022
9280,1022
9281,1022
9282,1022
9283,1022
9284,1022
9285,0
9286,0
9287,0
9288,0
9289,0
9290,0
9291,0
9292,0
9293,0
9294,0
9295,0
9296,0
9297,0
9298,0
9299,0
9300,0
9301,0
9302,1021
9303,0
9304,0
9305,1022
9306,1021
9307,1022
9308,1021
9309,1022
9310,1022
9311,1022
9312,1021
9313,1022
9314,1022
9315,1022
9316,1022
9317,1022
9318,1022
9319,1022
9320,1022
9321,1022
9322,1022
9323,1022
9324,1022
9325,1022
9326,749
9327,0
9328,0
9329,0
9330,0
9331,0
9332,0
9333,0
9334,0
9335,0
9336,0
9337,0
9338,0
9339,0
9340,0
9341,0
9342,0
9343,0
9344,0
9345,0
9346,1022
9347,843
9348,1022
9349,1022
9350,1022
9351,1022
9352,1022
9353,1022
9354,1021
9355,1022
9356,1022
9357,1022
9358,1022
9359,1022
9360,1022
9361,1022
9362,1022
9363,1022
9364,1022
9365,1022
9366,1022
9367,1022
9368,2
9369,0
9370,0
9371,0
9372,0
9373,0
9374,0
9375,0
9376,0
9377,0
9378,0
9379,0
9380,0
9381,0
9382,0
9383,0
9384,0
9385,0
9386,0
9387,1022
9388,0
9389,1022
9390,1022
9391,1022
9392,1022
9393,1022
9394,1022
9395,1022
9396,1022
9397,1022
9398,1022
9399,1022
9400,1022
9401,1021
9402,1022
9403,1021
9404,1022
9405,1021
9406,1022
9407,837
9408,1022
9409,749
9410,0
9411,0
9412,0
9413,0
9414,0
9415,0
9416,0
9417,0
9418,0
9419,0
9420,0
9421,0
9422,0
9423,0
9424,0
9425,0
9426,0
9427,0
9428,816
9429,0
9430,1022
9431,1022
9432,1022
9433,1022
9434,1022
9435,1022
9436,1022
9437,1022
9438,1022
9439,1022
9440,1022
9441,1022
9442,1022
9443,1021
9444,1023
9445,1022
9446,1022
9447,1022
9448,1022
9449,1022
9450,1022
9451,0
9452,0
9453,0
9454,0
9455,0
9456,0
9457,0
9458,0
9459,0
9460,0
9461,0
9462,0
9463,0
9464,0
9465,0
9466,0
9467,0
9468,0
9469,0
9470,1022
9471,0
9472,1022
9473,1021
9474,1022
9475,1021
9476,1021
9477,1021
9478,1021
9479,1021
9480,1022
9481,1022
9482,1022
9483,1022
9484,1022
9485,1021
9486,1022
9487,1022
9488,1021
9489,1022
9490,749
9491,1022
9492,749
9493,0
9494,0
9495,0
9496,0
9497,0
9498,0
9499,0
9500,0
9501,0
9502,0
9503,0
9504,0
9505,0
9506,0
9507,0
9508,0
9509,0
9510,0
9511,0
9512,0
9513,843
9514,1021
9515,1022
9516,1021
9517,1022
9518,1021
9519,1022
9520,1022
9521,1022
9522,1022
9523,1022
9524,1022
9525,1022
9526,1021
9527,1022
9528,1021
9529,1021
9530,1022
9531,1022
9532,1023
9533,1022
9534,0
9535,0
9536,0
9537,0
9538,0
9539,0
9540,0
9541,0
9542,0
9543,0
9544,0
9545,0
9546,0
9547,0
9548,0
9549,0
9550,0
9551,0
9552,0
9553,1021
9554,0
9555,1021
9556,1022
9557,1022
9558,1022
9559,1022
9560,1021
9561,1022
9562,1022
9563,1022
9564,1022
9565,1022
9566,1022
9567,1022
9568,1022
9569,1021
9570,1022
9571,1022
9572,1021
9573,1022
9574,1022
9575,749
9576,0
9577,0
9578,0
9579,0
9580,0
9581,0
9582,0
9583,0
9584,0
9585,0
9586,0
9587,0
9588,0
9589,0
9590,0
9591,0
9592,0
9593,0
9594,843
9595,0
9596,843
9597,1021
9598,1022
9599,1022
9600,1022
9601,1022
9602,1022
9603,1022
9604,1022
9605,1023
9606,1022
9607,1022
9608,1022
9609,1022
9610,1022
9611,1022
9612,1022
9613,1022
9614,1022
9615,1022
9616,1022
9617,1
9618,0
9619,0
9620,0
9621,0
9622,0
9623,0
9624,0
9625,0
9626,0
9627,0
9628,0
9629,0
9630,0
9631,0
9632,0
9633,0
9634,0
9635,0
9636,0
9637,0
9638,1021
9639,1021
9640,1022
9641,1022
9642,1021
9643,1021
9644,1021
9645,1022
9646,1022
9647,1022
9648,1022
9649,1022
9650,1022
9651,1022
9652,1022
9653,1022
9654,1022
9655,1022
9656,749
9657,1022
9658,837
9659,0
9660,0
9661,0
9662,0
9663,0
9664,0
9665,0
9666,0
9667,0
9668,0
9669,0
9670,0
9671,0
9672,0
9673,0
9674,0
9675,0
9676,0
9677,844
9678,0
9679,843
9680,1021
9681,1022
9682,1022
9683,1022
9684,1022
9685,1022
9686,1022
9687,1022
9688,1022
9689,1022
9690,1022
9691,1022
9692,1022
9693,1022
9694,1022
9695,1022
9696,1022
9697,1022
9698,1022
9699,1022
9700,0
9701,0
9702,0
9703,0
9704,0
9705,0
9706,0
9707,0
9708,0
9709,0
9710,0
9711,0
9712,0
9713,0
9714,0
9715,0
9716,0
9717,0
9718,0
9719,1022
9720,0
9721,1022
9722,1022
9723,1021
9724,1022
9725,1022
9726,1022
9727,1022
9728,1021
9729,1022
9730,1022
9731,1022
9732,1022
9733,1022
9734,1022
9735,1022
9736,1021
9737,1022
9738,1022
9739,749
9740,1021
9741,749
9742,0
9743,0
9744,0
9745,0
9746,0
9747,0
9748,0
9749,0
9750,0
9751,0
9752,0
9753,0
9754,0
9755,0
9756,0
9757,0
9758,0
9759,0
9760,816
9761,0
9762,843
9763,1022
9764,1022
9765,1022
9766,1022
9767,1021
9768,1021
9769,1021
9770,1022
9771,1022
9772,1021
9773,1022
9774,1022
9775,1022
9776,1022
9777,1022
9778,1022
9779,1022
9780,1022
9781,1022
9782,1022
9783,0
9784,0
9785,0
9786,0
9787,0
9788,0
9789,0
9790,0
9791,0
9792,0
9793,0
9794,0
9795,0
9796,0
9797,0
9798,0
9799,0
9800,0
9801,0
9802,0
9803,0
9804,1021
9805,1022
9806,1021
9807,1022
9808,1022
9809,1022
9810,1021
9811,1022
9812,1022
9813,1021
9814,1022
9815,1021
9816,1021
9817,1021
9818,1022
9819,1021
9820,1022
9821,1022
9822,837
9823,1022
9824,749
9825,0
9826,0
9827,0
9828,0
9829,0
9830,0
9831,0
9832,0
9833,0
9834,0
9835,0
9836,0
9837,0
9838,0
9839,0
9840,0
9841,0
9842,0
9843,844
9844,0
9845,843
9846,1021
9847,1022
9848,1022
9849,1022
9850,1022
9851,1022
9852,1022
9853,1022
9854,1022
9855,1022
9856,1022
9857,1021
9858,1022
9859,1022
9860,1022
9861,1022
9862,1022
9863,1022
9864,1022
9865,1022
9866,1
9867,0
9868,0
9869,0
9870,0
9871,0
9872,0
9873,0
9874,0
9875,0
9876,0
9877,0
9878,0
9879,0
9880,0
9881,0
9882,0
9883,0
9884,0
9885,0
9886,0
9887,1022
9888,1021
9889,1021
9890,1022
9891,1022
9892,1022
9893,1022
9894,1022
9895,1022
9896,1022
9897,1022
9898,1022
9899,1022
9900,1022
9901,1022
9902,1022
9903,1021
9904,1022
9905,749
9906,1022
9907,749
9908,0
9909,0
9910,0
9911,0
9912,0
9913,0
9914,0
9915,0
9916,0
9917,0
9918,0
9919,0
9920,0
9921,0
9922,0
9923,0
9924,0
9925,0
9926,843
9927,0
9928,843
9929,1021
9930,1022
9931,1022
9932,1022
9933,1022
9934,1022
9935,1022
9936,1021
9937,1022
9938,1022
9939,1022
9940,1021
9941,1022
9942,1022
9943,1022
9944,1022
9945,1022
9946,1022
9947,1022
9948,1022
9949,0
9950,0
9951,0
9952,0
9953,0
9954,0
9955,0
9956,0
9957,0
9958,0
9959,0
9960,0
9961,0
9962,0
9963,0
9964,0
9965,0
9966,0
9967,0
9968,0
9969,0
9970,1021
9971,1022
9972,1022
9973,1022
9974,1021
9975,1022
9976,1022
9977,1022
9978,1022
9979,1022
9980,1022
9981,1022
9982,1022
9983,1022
9984,1022
9985,1022
9986,1021
9987,1022
9988,1022
9989,0
9990,749
9991,0
9992,0
9993,0
9994,0
9995,0
9996,0
9997,0
9998,0
9999,0
10000,0
