1,1022
2,0
3,0
4,1022
5,0
6,1022
7,0
8,0
9,1021
10,0
11,1022
12,0
13,0
14,1022
15,0
16,1022
17,0
18,0
19,1022
20,0
21,1022
22,0
23,0
24,1022
25,0
26,1022
27,0
28,0
29,1022
30,0
31,1022
32,0
33,0
34,1021
35,0
36,1022
37,0
38,0
39,1022
40,0
41,1022
42,0
43,0
44,1022
45,0
46,1022
47,0
48,0
49,1022
50,0
51,1022
52,0
53,0
54,1022
55,0
56,1022
57,0
58,0
59,1022
60,0
61,1022
62,0
63,0
64,1022
65,0
66,1022
67,0
68,0
69,1022
70,0
71,1022
72,0
73,0
74,1022
75,0
76,1022
77,0
78,0
79,1022
80,0
81,1022
82,0
83,0
84,1021
85,0
86,1021
87,0
88,0
89,1022
90,0
91,1021
92,0
93,0
94,1022
95,0
96,1022
97,0
98,0
99,1022
100,0
101,1022
102,1022
103,0
104,1022
105,0
106,1022
107,1022
108,0
109,1022
110,0
111,1022
112,1021
113,0
114,1022
115,0
116,1022
117,1021
118,0
119,1022
120,0
121,1022
122,1021
123,0
124,1022
125,0
126,1022
127,1021
128,0
129,1022
130,0
131,1022
132,1022
133,0
134,1022
135,0
136,1022
137,1022
138,0
139,1022
140,0
141,1022
142,1021
143,0
144,1022
145,0
146,1022
147,1022
148,0
149,1022
150,0
151,1022
152,1022
153,0
154,1022
155,0
156,1022
157,1022
158,0
159,1022
160,0
161,1022
162,1022
163,0
164,1021
165,0
166,1021
167,1021
168,0
169,1022
170,0
171,1022
172,1022
173,0
174,1022
175,0
176,1022
177,1022
178,0
179,1021
180,0
181,1022
182,1022
183,0
184,1022
185,0
186,1022
187,1022
188,0
189,1022
190,0
191,1022
192,1022
193,0
194,1022
195,0
196,1022
197,1022
198,0
199,1022
200,0
201,1022
202,1022
203,0
204,1022
205,0
206,1021
207,1022
208,0
209,1022
210,0
211,0
212,1022
213,0
214,1022
215,0
216,0
217,1022
218,0
219,1022
220,0
221,0
222,1022
223,0
224,1022
225,0
226,0
227,1022
228,0
229,1022
230,0
231,0
232,1022
233,0
234,1022
235,0
236,0
237,1022
238,0
239,1022
240,0
241,0
242,1021
243,0
244,1022
245,0
246,0
247,1021
248,0
249,1022
250,0
251,0
252,1021
253,0
254,1022
255,0
256,0
257,1021
258,0
259,1022
260,0
261,0
262,1022
263,0
264,1022
265,0
266,0
267,1022
268,0
269,1021
270,0
271,0
272,1022
273,0
274,1022
275,0
276,0
277,1022
278,0
279,1022
280,0
281,0
282,1022
283,0
284,1022
285,0
286,0
287,1022
288,0
289,1022
290,0
291,0
292,1022
293,0
294,1022
295,0
296,0
297,1022
298,0
299,1022
300,0
301,0
302,1022
303,0
304,1022
305,0
306,0
307,1022
308,0
309,1022
310,1021
311,0
312,1022
313,0
314,1022
315,1021
316,0
317,1022
318,0
319,1022
320,1021
321,0
322,1022
323,0
324,1021
325,1022
326,0
327,1022
328,0
329,1022
330,1022
331,0
332,1022
333,0
334,1021
335,1021
336,0
337,1022
338,0
339,1022
340,1022
341,0
342,1022
343,0
344,1021
345,1022
346,0
347,1022
348,0
349,1022
350,1022
351,0
352,1022
353,0
354,1022
355,1022
356,0
357,1022
358,0
359,1022
360,1022
361,0
362,1022
363,0
364,1022
365,1022
366,0
367,1022
368,0
369,1022
370,1022
371,0
372,1022
373,0
374,1022
375,1022
376,0
377,1022
378,0
379,1022
380,1022
381,0
382,1022
383,0
384,1022
385,1022
386,0
387,1022
388,0
389,1022
390,1022
391,0
392,1022
393,0
394,1022
395,1022
396,0
397,1022
398,0
399,1022
400,1022
401,0
402,1022
403,0
404,1021
405,1022
406,0
407,1022
408,0
409,1022
410,1022
411,0
412,1022
413,0
414,1022
415,1022
416,0
417,1022
418,0
419,0
420,1022
421,0
422,1022
423,0
424,0
425,1022
426,0
427,1022
428,0
429,0
430,1022
431,0
432,1022
433,0
434,0
435,1022
436,0
437,1023
438,0
439,0
440,1022
441,0
442,1022
443,0
444,0
445,1022
446,0
447,1022
448,0
449,0
450,1022
451,0
452,1022
453,0
454,0
455,1022
456,0
457,1022
458,0
459,0
460,1022
461,0
462,1022
463,0
464,0
465,1022
466,0
467,1022
468,0
469,0
470,1021
471,0
472,1022
473,0
474,0
475,1022
476,0
477,1022
478,0
479,0
480,1021
481,0
482,1021
483,0
484,0
485,1021
486,0
487,1021
488,0
489,0
490,1022
491,0
492,1022
493,0
494,0
495,1022
496,0
497,1022
498,0
499,0
500,1022
501,0
502,1022
503,0
504,0
505,1022
506,0
507,1022
508,0
509,0
510,1022
511,0
512,1022
513,0
514,0
515,1021
516,0
517,1022
518,1021
519,0
520,1022
521,0
522,1021
523,1022
524,0
525,1022
526,0
527,1022
528,1022
529,0
530,1022
531,0
532,1022
533,1022
534,0
535,1022
536,0
537,1022
538,1022
539,0
540,1021
541,0
542,1022
543,1022
544,0
545,1022
546,0
547,1022
548,1022
549,0
550,1022
551,0
552,1022
553,1022
554,0
555,1022
556,0
557,1022
558,1022
559,0
560,1021
561,0
562,1022
563,1021
564,0
565,1022
566,0
567,1022
568,1022
569,0
570,1023
571,0
572,1022
573,1022
574,0
575,1022
576,0
577,1022
578,1022
579,0
580,1022
581,0
582,1022
583,1021
584,0
585,1022
586,0
587,1022
588,1021
589,0
590,1022
591,0
592,1022
593,1022
594,0
595,1022
596,0
597,1021
598,1022
599,0
600,1022
601,0
602,1022
603,1022
604,0
605,1022
606,0
607,1022
608,1022
609,0
610,1022
611,0
612,1023
613,1022
614,0
615,1023
616,0
617,1022
618,1022
619,0
620,1022
621,0
622,1021
623,1022
624,0
625,1022
626,0
627,0
628,1022
629,0
630,1022
631,0
632,0
633,1022
634,0
635,1021
636,0
637,0
638,1022
639,0
640,1022
641,0
642,0
643,1022
644,0
645,1022
646,0
647,0
648,1022
649,0
650,1022
651,0
652,0
653,1022
654,0
655,1022
656,0
657,0
658,1022
659,0
660,1022
661,0
662,0
663,1022
664,0
665,1022
666,0
667,0
668,1022
669,0
670,1022
671,0
672,0
673,1022
674,0
675,1022
676,0
677,0
678,1022
679,0
680,1022
681,0
682,0
683,1022
684,0
685,1022
686,0
687,0
688,1022
689,0
690,1022
691,0
692,0
693,1022
694,0
695,1023
696,0
697,0
698,1022
699,0
700,1022
701,0
702,0
703,1022
704,0
705,1022
706,0
707,0
708,1022
709,0
710,1023
711,0
712,0
713,1022
714,0
715,1022
716,0
717,0
718,1021
719,0
720,1022
721,0
722,0
723,1022
724,0
725,1022
726,0
727,0
728,1022
729,0
730,1022
731,1021
732,0
733,1022
734,0
735,1022
736,1023
737,0
738,1022
739,0
740,1022
741,1021
742,0
743,1022
744,0
745,1023
746,1022
747,0
748,1022
749,0
750,1022
751,1021
752,0
753,1022
754,0
755,1022
756,1022
757,0
758,1022
759,0
760,1022
761,1022
762,0
763,1022
764,0
765,1022
766,1022
767,0
768,1022
769,0
770,1022
771,1022
772,0
773,1022
774,0
775,1022
776,1022
777,0
778,1022
779,0
780,1022
781,1022
782,0
783,1022
784,0
785,1022
786,1022
787,0
788,1022
789,0
790,1022
791,1021
792,0
793,1021
794,0
795,1022
796,1022
797,0
798,1022
799,0
800,1022
801,1022
802,0
803,1022
804,0
805,1022
806,1022
807,0
808,1022
809,0
810,1022
811,1022
812,0
813,1022
814,0
815,1022
816,1022
817,0
818,1022
819,0
820,1022
821,1021
822,0
823,1022
824,0
825,1022
826,1021
827,0
828,1022
829,0
830,1022
831,1022
832,0
833,1022
834,0
835,0
836,1022
837,0
838,1022
839,0
840,0
841,1022
842,0
843,1022
844,0
845,0
846,1022
847,0
848,1022
849,0
850,0
851,1022
852,0
853,1022
854,0
855,0
856,1022
857,0
858,1022
859,0
860,0
861,1022
862,0
863,1022
864,0
865,0
866,1022
867,0
868,1022
869,0
870,0
871,1023
872,0
873,1021
874,0
875,0
876,1022
877,0
878,1021
879,0
880,0
881,1022
882,0
883,1022
884,0
885,0
886,1022
887,0
888,1022
889,0
890,0
891,1022
892,0
893,1022
894,0
895,0
896,1022
897,0
898,1022
899,0
900,0
901,1022
902,0
903,1022
904,0
905,0
906,1022
907,0
908,1022
909,0
910,0
911,1022
912,0
913,1022
914,0
915,0
916,1022
917,0
918,1022
919,0
920,0
921,1022
922,0
923,1022
924,0
925,0
926,1022
927,0
928,1022
929,0
930,0
931,1022
932,0
933,1022
934,1021
935,0
936,1022
937,0
938,1022
939,1022
940,0
941,1022
942,0
943,1022
944,1022
945,0
946,1022
947,0
948,1021
949,1022
950,0
951,1022
952,0
953,1021
954,1021
955,0
956,1021
957,0
958,1022
959,1022
960,0
961,1022
962,0
963,1022
964,1022
965,0
966,1022
967,0
968,1022
969,1022
970,0
971,1022
972,0
973,1022
974,1022
975,0
976,1021
977,0
978,1022
979,1022
980,0
981,1022
982,0
983,1022
984,1021
985,0
986,1022
987,0
988,1022
989,1022
990,0
991,1022
992,0
993,1022
994,1022
995,0
996,1022
997,0
998,1022
999,1022
1000,0
1001,1022
1002,0
1003,1022
1004,1022
1005,0
1006,1022
1007,0
1008,1022
1009,1022
1010,0
1011,1022
1012,0
1013,1022
1014,1022
1015,0
1016,1022
1017,0
1018,1022
1019,1022
1020,0
1021,1022
1022,0
1023,1022
1024,1022
1025,0
1026,1021
1027,0
1028,1022
1029,1022
1030,0
1031,1022
1032,0
1033,1022
1034,1022
1035,0
1036,1022
1037,0
1038,1022
1039,1022
1040,0
1041,1022
1042,0
1043,0
1044,1022
1045,0
1046,1023
1047,0
1048,0
1049,1022
1050,0
1051,1022
1052,0
1053,0
1054,1022
1055,0
1056,1022
1057,0
1058,0
1059,1022
1060,0
1061,1022
1062,0
1063,0
1064,1022
1065,0
1066,1022
1067,0
1068,0
1069,1022
1070,0
1071,1022
1072,0
1073,0
1074,1021
1075,0
1076,1022
1077,0
1078,0
1079,1022
1080,0
1081,1023
1082,0
1083,0
1084,1022
1085,0
1086,1022
1087,0
1088,0
1089,1022
1090,0
1091,1022
1092,0
1093,0
1094,1022
1095,0
1096,1022
1097,0
1098,0
1099,1022
1100,0
1101,1021
1102,0
1103,0
1104,1022
1105,0
1106,1022
1107,0
1108,0
1109,1022
1110,0
1111,1022
1112,0
1113,0
1114,1022
1115,0
1116,1023
1117,0
1118,0
1119,1022
1120,0
1121,1022
1122,0
1123,0
1124,1022
1125,0
1126,1022
1127,0
1128,0
1129,1022
1130,0
1131,1022
1132,0
1133,0
1134,1022
1135,0
1136,1022
1137,0
1138,0
1139,1022
1140,0
1141,1022
1142,1021
1143,0
1144,1022
1145,0
1146,1022
1147,1021
1148,0
1149,1022
1150,0
1151,1022
1152,1021
1153,0
1154,1021
1155,0
1156,1022
1157,1021
1158,0
1159,1022
1160,0
1161,1022
1162,1022
1163,0
1164,1022
1165,0
1166,1022
1167,1022
1168,0
1169,1022
1170,0
1171,1022
1172,1022
1173,0
1174,1022
1175,0
1176,1022
1177,1022
1178,0
1179,1022
1180,0
1181,1022
1182,1022
1183,0
1184,1022
1185,0
1186,1022
1187,1022
1188,0
1189,1022
1190,0
1191,1022
1192,1022
1193,0
1194,1022
1195,0
1196,1022
1197,1022
1198,0
1199,1022
1200,0
1201,1022
1202,1022
1203,0
1204,1021
1205,0
1206,1022
1207,1022
1208,0
1209,1021
1210,0
1211,1022
1212,1022
1213,0
1214,1022
1215,0
1216,1022
1217,1022
1218,0
1219,1022
1220,0
1221,1022
1222,1021
1223,0
1224,1022
1225,0
1226,1022
1227,1022
1228,0
1229,1022
1230,0
1231,1022
1232,1022
1233,0
1234,1022
1235,0
1236,1022
1237,1022
1238,0
1239,1022
1240,0
1241,1022
1242,1022
1243,0
1244,1022
1245,0
1246,1022
1247,1022
1248,0
1249,1022
1250,0
1251,0
1252,1022
1253,0
1254,1022
1255,0
1256,0
1257,1022
1258,0
1259,1022
1260,0
1261,0
1262,1022
1263,0
1264,1022
1265,0
1266,0
1267,1022
1268,0
1269,1022
1270,0
1271,0
1272,1021
1273,0
1274,1021
1275,0
1276,0
1277,1022
1278,0
1279,1022
1280,0
1281,0
1282,1022
1283,0
1284,1022
1285,0
1286,0
1287,1022
1288,0
1289,1022
1290,0
1291,0
1292,1022
1293,0
1294,1022
1295,0
1296,0
1297,1022
1298,0
1299,1022
1300,0
1301,0
1302,1022
1303,0
1304,1022
1305,0
1306,0
1307,1022
1308,0
1309,1022
1310,0
1311,0
1312,1022
1313,0
1314,1022
1315,0
1316,0
1317,1021
1318,0
1319,1022
1320,0
1321,0
1322,1022
1323,0
1324,1022
1325,0
1326,0
1327,1022
1328,0
1329,1022
1330,0
1331,0
1332,1022
1333,0
1334,1022
1335,0
1336,0
1337,1021
1338,0
1339,1022
1340,0
1341,0
1342,1022
1343,0
1344,1021
1345,0
1346,0
1347,1021
1348,0
1349,1021
1350,1022
1351,0
1352,1022
1353,0
1354,1022
1355,1022
1356,0
1357,1021
1358,0
1359,1022
1360,1022
1361,0
1362,1022
1363,0
1364,1022
1365,1022
1366,0
1367,1022
1368,0
1369,1023
1370,1022
1371,0
1372,1022
1373,0
1374,1022
1375,1022
1376,0
1377,1022
1378,0
1379,1022
1380,1022
1381,0
1382,1022
1383,0
1384,1022
1385,1022
1386,0
1387,1022
1388,0
1389,1022
1390,1022
1391,0
1392,1022
1393,0
1394,1022
1395,1022
1396,0
1397,1022
1398,0
1399,1022
1400,1022
1401,0
1402,1022
1403,0
1404,1022
1405,1022
1406,0
1407,1022
1408,0
1409,1021
1410,1022
1411,0
1412,1022
1413,0
1414,1022
1415,1022
1416,0
1417,1022
1418,0
1419,1022
1420,1022
1421,0
1422,1022
1423,0
1424,1022
1425,1022
1426,0
1427,1021
1428,0
1429,1021
1430,1022
1431,0
1432,1022
1433,0
1434,1022
1435,1022
1436,0
1437,1022
1438,0
1439,1021
1440,1022
1441,0
1442,1022
1443,0
1444,1022
1445,1022
1446,0
1447,1022
1448,0
1449,1022
1450,1021
1451,0
1452,1022
1453,0
1454,0
1455,1022
1456,0
1457,1022
1458,0
1459,0
1460,1022
1461,0
1462,1022
1463,0
1464,0
1465,1022
1466,0
1467,1022
1468,0
1469,0
1470,1022
1471,0
1472,1022
1473,0
1474,0
1475,1022
1476,0
1477,1022
1478,0
1479,0
1480,1022
1481,0
1482,1022
1483,0
1484,0
1485,1022
1486,0
1487,1022
1488,0
1489,0
1490,1021
1491,0
1492,1022
1493,0
1494,0
1495,1022
1496,0
1497,1022
1498,0
1499,0
1500,1022
1501,0
1502,1022
1503,0
1504,0
1505,1021
1506,0
1507,1021
1508,0
1509,0
1510,1022
1511,0
1512,1021
1513,0
1514,0
1515,1022
1516,0
1517,1022
1518,0
1519,0
1520,1022
1521,0
1522,1022
1523,0
1524,0
1525,1022
1526,0
1527,1022
1528,0
1529,0
1530,1022
1531,0
1532,1022
1533,0
1534,0
1535,1022
1536,0
1537,1021
1538,0
1539,0
1540,1022
1541,0
1542,1022
1543,0
1544,0
1545,1022
1546,0
1547,1022
1548,0
1549,0
1550,1022
1551,0
1552,1022
1553,0
1554,0
1555,1022
1556,0
1557,1022
1558,1021
1559,0
1560,1022
1561,0
1562,1022
1563,1022
1564,0
1565,1022
1566,0
1567,1022
1568,1022
1569,0
1570,1022
1571,0
1572,1022
1573,1022
1574,0
1575,1022
1576,0
1577,1022
1578,1022
1579,0
1580,1022
1581,0
1582,1022
1583,1022
1584,0
1585,1022
1586,0
1587,1022
1588,1023
1589,0
1590,1022
1591,0
1592,1022
1593,1022
1594,0
1595,1022
1596,0
1597,1022
1598,1022
1599,0
1600,1022
1601,0
1602,1022
1603,1022
1604,0
1605,1022
1606,0
1607,1022
1608,1022
1609,0
1610,1022
1611,0
1612,1022
1613,1022
1614,0
1615,1022
1616,0
1617,1022
1618,1022
1619,0
1620,1022
1621,0
1622,1022
1623,1022
1624,0
1625,1021
1626,0
1627,1022
1628,1022
1629,0
1630,1022
1631,0
1632,1022
1633,1022
1634,0
1635,1022
1636,0
1637,1022
1638,1022
1639,0
1640,1022
1641,0
1642,1022
1643,1022
1644,0
1645,1022
1646,0
1647,1022
1648,1022
1649,0
1650,1022
1651,0
1652,1022
1653,1022
1654,0
1655,1022
1656,0
1657,1022
1658,1021
1659,0
1660,1022
1661,0
1662,1022
1663,1022
1664,0
1665,1021
1666,0
1667,0
1668,1023
1669,0
1670,1022
1671,0
1672,0
1673,1022
1674,0
1675,1022
1676,0
1677,0
1678,1022
1679,0
1680,1022
1681,0
1682,0
1683,1022
1684,0
1685,1022
1686,0
1687,0
1688,1022
1689,0
1690,1022
1691,0
1692,0
1693,1022
1694,0
1695,1022
1696,0
1697,0
1698,1022
1699,0
1700,1022
1701,0
1702,0
1703,1022
1704,0
1705,1022
1706,0
1707,0
1708,1021
1709,0
1710,1022
1711,0
1712,0
1713,1022
1714,0
1715,1022
1716,0
1717,0
1718,1022
1719,0
1720,1022
1721,0
1722,0
1723,1022
1724,0
1725,1022
1726,0
1727,0
1728,1022
1729,0
1730,1022
1731,0
1732,0
1733,1022
1734,0
1735,1022
1736,0
1737,0
1738,1022
1739,0
1740,1021
1741,0
1742,0
1743,1022
1744,0
1745,1022
1746,0
1747,0
1748,1023
1749,0
1750,1022
1751,0
1752,0
1753,1022
1754,0
1755,1022
1756,0
1757,0
1758,1022
1759,0
1760,1021
1761,0
1762,0
1763,1021
1764,0
1765,1022
1766,1022
1767,0
1768,1021
1769,0
1770,1022
1771,1021
1772,0
1773,1021
1774,0
1775,1022
1776,1022
1777,0
1778,1022
1779,0
1780,1022
1781,1021
1782,0
1783,1022
1784,0
1785,1021
1786,1022
1787,0
1788,1022
1789,0
1790,1022
1791,1022
1792,0
1793,1021
1794,0
1795,1022
1796,1022
1797,0
1798,1022
1799,0
1800,1022
1801,1022
1802,0
1803,1022
1804,0
1805,1022
1806,1022
1807,0
1808,1022
1809,0
1810,1022
1811,1022
1812,0
1813,1022
1814,0
1815,1022
1816,1022
1817,0
1818,1022
1819,0
1820,1022
1821,1022
1822,0
1823,1022
1824,0
1825,1022
1826,1022
1827,0
1828,1022
1829,0
1830,1022
1831,1022
1832,0
1833,1022
1834,0
1835,1022
1836,1021
1837,0
1838,1022
1839,0
1840,1022
1841,1021
1842,0
1843,1022
1844,0
1845,1021
1846,1022
1847,0
1848,1022
1849,0
1850,1022
1851,1022
1852,0
1853,1022
1854,0
1855,1022
1856,1022
1857,0
1858,1022
1859,0
1860,1022
1861,1021
1862,0
1863,1022
1864,0
1865,1022
1866,1021
1867,0
1868,1022
1869,0
1870,1022
1871,1022
1872,0
1873,1022
1874,0
1875,0
1876,1022
1877,0
1878,1022
1879,0
1880,0
1881,1022
1882,0
1883,1022
1884,0
1885,0
1886,1022
1887,0
1888,1022
1889,0
1890,0
1891,1022
1892,0
1893,1022
1894,0
1895,0
1896,1022
1897,0
1898,1022
1899,0
1900,0
1901,1021
1902,0
1903,1022
1904,0
1905,0
1906,1022
1907,0
1908,1022
1909,0
1910,0
1911,1022
1912,0
1913,1022
1914,0
1915,0
1916,1022
1917,0
1918,1021
1919,0
1920,0
1921,1022
1922,0
1923,1022
1924,0
1925,0
1926,1022
1927,0
1928,1022
1929,0
1930,0
1931,1022
1932,0
1933,1021
1934,0
1935,0
1936,1022
1937,0
1938,1022
1939,0
1940,0
1941,1022
1942,0
1943,1022
1944,0
1945,0
1946,1022
1947,0
1948,1022
1949,0
1950,0
1951,1022
1952,0
1953,1022
1954,0
1955,0
1956,1022
1957,0
1958,1022
1959,0
1960,0
1961,1022
1962,0
1963,1022
1964,0
1965,0
1966,1022
1967,0
1968,1022
1969,0
1970,0
1971,1022
1972,0
1973,1022
1974,1021
1975,0
1976,1022
1977,0
1978,1022
1979,1022
1980,0
1981,1022
1982,0
1983,1022
1984,1022
1985,0
1986,1022
1987,0
1988,1022
1989,1022
1990,0
1991,1022
1992,0
1993,1022
1994,1022
1995,0
1996,1021
1997,0
1998,1022
1999,1022
2000,0
2001,1021
2002,0
2003,1022
2004,1022
2005,0
2006,1023
2007,0
2008,1022
2009,1022
2010,0
2011,1022
2012,0
2013,1022
2014,1022
2015,0
2016,1022
2017,0
2018,1022
2019,1021
2020,0
2021,1022
2022,0
2023,1022
2024,1022
2025,0
2026,1022
2027,0
2028,1022
2029,1022
2030,0
2031,1022
2032,0
2033,1022
2034,1022
2035,0
2036,1022
2037,0
2038,1022
2039,1022
2040,0
2041,1022
2042,0
2043,1021
2044,1022
2045,0
2046,1022
2047,0
2048,1022
2049,1022
2050,0
2051,1022
2052,0
2053,1022
2054,1022
2055,0
2056,1022
2057,0
2058,1022
2059,1022
2060,0
2061,1022
2062,0
2063,1022
2064,1022
2065,0
2066,1022
2067,0
2068,1022
2069,1021
2070,0
2071,1022
2072,0
2073,1022
2074,1022
2075,0
2076,1022
2077,0
2078,1021
2079,1022
2080,0
2081,1021
2082,0
2083,0
2084,1022
2085,0
2086,1022
2087,0
2088,0
2089,1022
2090,0
2091,1022
2092,0
2093,0
2094,1022
2095,0
2096,1022
2097,0
2098,0
2099,1022
2100,0
2101,1022
2102,0
2103,0
2104,1022
2105,0
2106,1022
2107,0
2108,0
2109,1022
2110,0
2111,1022
2112,0
2113,0
2114,1022
2115,0
2116,1022
2117,0
2118,0
2119,1022
2120,0
2121,1022
2122,0
2123,0
2124,1022
2125,0
2126,1022
2127,0
2128,0
2129,1022
2130,0
2131,1022
2132,0
2133,0
2134,1022
2135,0
2136,1022
2137,0
2138,0
2139,1022
2140,0
2141,1022
2142,0
2143,0
2144,1022
2145,0
2146,1022
2147,0
2148,0
2149,1023
2150,0
2151,1021
2152,0
2153,0
2154,1022
2155,0
2156,1021
2157,0
2158,0
2159,1021
2160,0
2161,1021
2162,0
2163,0
2164,1022
2165,0
2166,1021
2167,0
2168,0
2169,1021
2170,0
2171,1022
2172,0
2173,0
2174,1022
2175,0
2176,1022
2177,0
2178,0
2179,1022
2180,0
2181,1022
2182,1022
2183,0
2184,1022
2185,0
2186,1022
2187,1021
2188,0
2189,1022
2190,0
2191,1022
2192,1022
2193,0
2194,1022
2195,0
2196,1022
2197,1022
2198,0
2199,1022
2200,0
2201,1022
2202,1022
2203,0
2204,1022
2205,0
2206,1022
2207,1022
2208,0
2209,1022
2210,0
2211,1022
2212,1022
2213,0
2214,1022
2215,0
2216,1022
2217,1022
2218,0
2219,1022
2220,0
2221,1022
2222,1022
2223,0
2224,1022
2225,0
2226,1022
2227,1021
2228,0
2229,1022
2230,0
2231,1022
2232,1022
2233,0
2234,1022
2235,0
2236,1022
2237,1022
2238,0
2239,1023
2240,0
2241,1022
2242,1022
2243,0
2244,1022
2245,0
2246,1022
2247,1022
2248,0
2249,1022
2250,0
2251,1022
2252,1022
2253,0
2254,1022
2255,0
2256,1022
2257,1022
2258,0
2259,1022
2260,0
2261,1022
2262,1022
2263,0
2264,1021
2265,0
2266,1022
2267,1022
2268,0
2269,1022
2270,0
2271,1022
2272,1022
2273,0
2274,1022
2275,0
2276,1022
2277,1022
2278,0
2279,1022
2280,0
2281,1022
2282,1022
2283,0
2284,1022
2285,0
2286,1021
2287,1022
2288,0
2289,1022
2290,0
2291,0
2292,1022
2293,0
2294,1022
2295,0
2296,0
2297,1022
2298,0
2299,1022
2300,0
2301,0
2302,1022
2303,0
2304,1021
2305,0
2306,0
2307,1022
2308,0
2309,1022
2310,0
2311,0
2312,1022
2313,0
2314,1022
2315,0
2316,0
2317,1021
2318,0
2319,1022
2320,0
2321,0
2322,1022
2323,0
2324,1022
2325,0
2326,0
2327,1022
2328,0
2329,1022
2330,0
2331,0
2332,1022
2333,0
2334,1022
2335,0
2336,0
2337,1022
2338,0
2339,1022
2340,0
2341,0
2342,1022
2343,0
2344,1022
2345,0
2346,0
2347,1022
2348,0
2349,1022
2350,0
2351,0
2352,1022
2353,0
2354,1022
2355,0
2356,0
2357,1022
2358,0
2359,1022
2360,0
2361,0
2362,1022
2363,0
2364,1022
2365,0
2366,0
2367,1022
2368,0
2369,1022
2370,0
2371,0
2372,1022
2373,0
2374,1022
2375,0
2376,0
2377,1022
2378,0
2379,1022
2380,0
2381,0
2382,1022
2383,0
2384,1023
2385,0
2386,0
2387,1022
2388,0
2389,1021
2390,0
2391,0
2392,1022
2393,0
2394,1022
2395,1022
2396,0
2397,1021
2398,0
2399,1022
2400,1022
2401,0
2402,1022
2403,0
2404,1021
2405,1022
2406,0
2407,1022
2408,0
2409,1022
2410,1022
2411,0
2412,1022
2413,0
2414,1022
2415,1022
2416,0
2417,1022
2418,0
2419,1022
2420,1022
2421,0
2422,1022
2423,0
2424,1022
2425,1022
2426,0
2427,1022
2428,0
2429,1022
2430,1022
2431,0
2432,1022
2433,0
2434,1022
2435,1021
2436,0
2437,1022
2438,0
2439,1022
2440,1022
2441,0
2442,1022
2443,0
2444,1022
2445,1021
2446,0
2447,1022
2448,0
2449,1022
2450,1022
2451,0
2452,1022
2453,0
2454,1022
2455,1022
2456,0
2457,1022
2458,0
2459,1022
2460,1022
2461,0
2462,1022
2463,0
2464,1022
2465,1020
2466,0
2467,1022
2468,0
2469,1022
2470,1022
2471,0
2472,1021
2473,0
2474,1022
2475,1022
2476,0
2477,1022
2478,0
2479,1022
2480,1022
2481,0
2482,1022
2483,0
2484,1022
2485,1022
2486,0
2487,1022
2488,0
2489,1022
2490,1022
2491,0
2492,1022
2493,0
2494,1021
2495,1021
2496,0
2497,1022
2498,0
2499,0
2500,1022
2501,0
2502,1022
2503,0
2504,0
2505,1022
2506,0
2507,1022
2508,0
2509,0
2510,1022
2511,0
2512,1022
2513,0
2514,0
2515,1022
2516,0
2517,1022
2518,0
2519,0
2520,1022
2521,0
2522,1022
2523,0
2524,0
2525,1022
2526,0
2527,1022
2528,0
2529,0
2530,1022
2531,0
2532,1022
2533,0
2534,0
2535,1022
2536,0
2537,1022
2538,0
2539,0
2540,1022
2541,0
2542,1022
2543,0
2544,0
2545,1021
2546,0
2547,1022
2548,0
2549,0
2550,1021
2551,0
2552,1021
2553,0
2554,0
2555,1022
2556,0
2557,1021
2558,0
2559,0
2560,1022
2561,0
2562,1022
2563,0
2564,0
2565,1022
2566,0
2567,1022
2568,0
2569,0
2570,1022
2571,0
2572,1022
2573,0
2574,0
2575,1022
2576,0
2577,1022
2578,0
2579,0
2580,1022
2581,0
2582,1022
2583,0
2584,0
2585,1022
2586,0
2587,1022
2588,0
2589,0
2590,1022
2591,0
2592,1022
2593,0
2594,0
2595,1022
2596,0
2597,1022
2598,1022
2599,0
2600,1022
2601,0
2602,1022
2603,1022
2604,0
2605,1022
2606,0
2607,1022
2608,1022
2609,0
2610,1022
2611,0
2612,1022
2613,1022
2614,0
2615,1022
2616,0
2617,1022
2618,1022
2619,0
2620,1023
2621,0
2622,1021
2623,1022
2624,0
2625,1022
2626,0
2627,1021
2628,1023
2629,0
2630,1022
2631,0
2632,1021
2633,1022
2634,0
2635,1021
2636,0
2637,1022
2638,1022
2639,0
2640,1022
2641,0
2642,1022
2643,1022
2644,0
2645,1022
2646,0
2647,1023
2648,1022
2649,0
2650,1022
2651,0
2652,1022
2653,1021
2654,0
2655,1022
2656,0
2657,1022
2658,1022
2659,0
2660,1022
2661,0
2662,1022
2663,1022
2664,0
2665,1022
2666,0
2667,1022
2668,1022
2669,0
2670,1022
2671,0
2672,1022
2673,1022
2674,0
2675,1022
2676,0
2677,1022
2678,1022
2679,0
2680,1022
2681,0
2682,1022
2683,1022
2684,0
2685,1022
2686,0
2687,1022
2688,1022
2689,0
2690,1022
2691,0
2692,1021
2693,1022
2694,0
2695,1022
2696,0
2697,1022
2698,1022
2699,0
2700,1022
2701,0
2702,1022
2703,1022
2704,0
2705,1021
2706,0
2707,0
2708,1022
2709,0
2710,1022
2711,0
2712,0
2713,1022
2714,0
2715,1022
2716,0
2717,0
2718,1022
2719,0
2720,1022
2721,0
2722,0
2723,1022
2724,0
2725,1022
2726,0
2727,0
2728,1022
2729,0
2730,1022
2731,0
2732,0
2733,1022
2734,0
2735,1021
2736,0
2737,0
2738,1022
2739,0
2740,1022
2741,0
2742,0
2743,1022
2744,0
2745,1022
2746,0
2747,0
2748,1022
2749,0
2750,1022
2751,0
2752,0
2753,1022
2754,0
2755,1022
2756,0
2757,0
2758,1022
2759,0
2760,1022
2761,0
2762,0
2763,1022
2764,0
2765,1022
2766,0
2767,0
2768,1022
2769,0
2770,1022
2771,0
2772,0
2773,1021
2774,0
2775,1022
2776,0
2777,0
2778,1022
2779,0
2780,1022
2781,0
2782,0
2783,1022
2784,0
2785,1022
2786,0
2787,0
2788,1022
2789,0
2790,1021
2791,0
2792,0
2793,1022
2794,0
2795,1021
2796,0
2797,0
2798,1022
2799,0
2800,1022
2801,0
2802,0
2803,1022
2804,0
2805,1022
2806,1022
2807,0
2808,1022
2809,0
2810,1022
2811,1021
2812,0
2813,1022
2814,0
2815,1022
2816,1022
2817,0
2818,1022
2819,0
2820,1021
2821,1022
2822,0
2823,1022
2824,0
2825,1022
2826,1022
2827,0
2828,1022
2829,0
2830,1022
2831,1022
2832,0
2833,1022
2834,0
2835,1022
2836,1021
2837,0
2838,1022
2839,0
2840,1022
2841,1022
2842,0
2843,1022
2844,0
2845,1022
2846,1022
2847,0
2848,1022
2849,0
2850,1022
2851,1022
2852,0
2853,1022
2854,0
2855,1022
2856,1022
2857,0
2858,1021
2859,0
2860,1021
2861,1022
2862,0
2863,1022
2864,0
2865,1022
2866,1022
2867,0
2868,1021
2869,0
2870,1023
2871,1022
2872,0
2873,1022
2874,0
2875,1022
2876,1022
2877,0
2878,1021
2879,0
2880,1022
2881,1022
2882,0
2883,1022
2884,0
2885,1022
2886,1022
2887,0
2888,1022
2889,0
2890,1022
2891,1022
2892,0
2893,1022
2894,0
2895,1022
2896,1022
2897,0
2898,1022
2899,0
2900,1022
2901,1022
2902,0
2903,1022
2904,0
2905,1022
2906,1022
2907,0
2908,1022
2909,0
2910,1022
2911,1022
2912,0
2913,1022
2914,0
2915,0
2916,1022
2917,0
2918,1022
2919,0
2920,0
2921,1022
2922,0
2923,1022
2924,0
2925,0
2926,1022
2927,0
2928,1022
2929,0
2930,0
2931,1022
2932,0
2933,1022
2934,0
2935,0
2936,1022
2937,0
2938,1022
2939,0
2940,0
2941,1022
2942,0
2943,1022
2944,0
2945,0
2946,1022
2947,0
2948,1022
2949,0
2950,0
2951,1022
2952,0
2953,1021
2954,0
2955,0
2956,1022
2957,0
2958,1022
2959,0
2960,0
2961,1022
2962,0
2963,1022
2964,0
2965,0
2966,1022
2967,0
2968,1022
2969,0
2970,0
2971,1022
2972,0
2973,1021
2974,0
2975,0
2976,1022
2977,0
2978,1022
2979,0
2980,0
2981,1022
2982,0
2983,1022
2984,0
2985,0
2986,1022
2987,0
2988,1021
2989,0
2990,0
2991,1022
2992,0
2993,1022
2994,0
2995,0
2996,1022
2997,0
2998,1022
2999,0
3000,0
3001,1022
3002,0
3003,1022
3004,0
3005,0
3006,1022
3007,0
3008,1022
3009,0
3010,0
3011,1022
3012,0
3013,1022
3014,1020
3015,0
3016,1022
3017,0
3018,1022
3019,1021
3020,0
3021,1022
3022,0
3023,1021
3024,1021
3025,0
3026,1021
3027,0
3028,1022
3029,1022
3030,0
3031,1022
3032,0
3033,1022
3034,1022
3035,0
3036,1022
3037,0
3038,1022
3039,1022
3040,0
3041,1022
3042,0
3043,1022
3044,1022
3045,0
3046,1022
3047,0
3048,1022
3049,1022
3050,0
3051,1022
3052,0
3053,1022
3054,1022
3055,0
3056,1022
3057,0
3058,1022
3059,1022
3060,0
3061,1022
3062,0
3063,1022
3064,1022
3065,0
3066,1022
3067,0
3068,1022
3069,1022
3070,0
3071,1022
3072,0
3073,1022
3074,1022
3075,0
3076,1022
3077,0
3078,1022
3079,1022
3080,0
3081,1022
3082,0
3083,1022
3084,1022
3085,0
3086,1022
3087,0
3088,1022
3089,1022
3090,0
3091,1022
3092,0
3093,1022
3094,1022
3095,0
3096,1022
3097,0
3098,1023
3099,1022
3100,0
3101,1021
3102,0
3103,1021
3104,1022
3105,0
3106,1022
3107,0
3108,1021
3109,1022
3110,0
3111,1022
3112,0
3113,1023
3114,1022
3115,0
3116,1022
3117,0
3118,0
3119,1022
3120,0
3121,1021
3122,0
3123,0
3124,1022
3125,0
3126,1022
3127,0
3128,0
3129,1022
3130,0
3131,1022
3132,0
3133,0
3134,1022
3135,0
3136,1022
3137,0
3138,0
3139,1022
3140,0
3141,1022
3142,0
3143,0
3144,1022
3145,0
3146,1022
3147,0
3148,0
3149,1022
3150,0
3151,1022
3152,0
3153,0
3154,1022
3155,0
3156,1022
3157,0
3158,0
3159,1022
3160,0
3161,1022
3162,0
3163,0
3164,1022
3165,0
3166,1022
3167,0
3168,0
3169,1022
3170,0
3171,1023
3172,0
3173,0
3174,1022
3175,0
3176,1022
3177,0
3178,0
3179,1021
3180,0
3181,1022
3182,0
3183,0
3184,1022
3185,0
3186,1021
3187,0
3188,0
3189,1022
3190,0
3191,1022
3192,0
3193,0
3194,1022
3195,0
3196,1022
3197,0
3198,0
3199,1022
3200,0
3201,1022
3202,0
3203,0
3204,1022
3205,0
3206,1022
3207,0
3208,0
3209,1022
3210,0
3211,1022
3212,0
3213,0
3214,1022
3215,0
3216,1022
3217,0
3218,0
3219,1022
3220,0
3221,1022
3222,1021
3223,0
3224,1022
3225,0
3226,1022
3227,1022
3228,0
3229,1022
3230,0
3231,1022
3232,1022
3233,0
3234,1022
3235,0
3236,1022
3237,1022
3238,0
3239,1022
3240,0
3241,1022
3242,1022
3243,0
3244,1022
3245,0
3246,1022
3247,1022
3248,0
3249,1022
3250,0
3251,1023
3252,1022
3253,0
3254,1022
3255,0
3256,1022
3257,1022
3258,0
3259,1022
3260,0
3261,1022
3262,1021
3263,0
3264,1021
3265,0
3266,1021
3267,1022
3268,0
3269,1022
3270,0
3271,1022
3272,1022
3273,0
3274,1022
3275,0
3276,1022
3277,1022
3278,0
3279,1022
3280,0
3281,1022
3282,1022
3283,0
3284,1022
3285,0
3286,1021
3287,1021
3288,0
3289,1022
3290,0
3291,1022
3292,1022
3293,0
3294,1022
3295,0
3296,1022
3297,1022
3298,0
3299,1022
3300,0
3301,1022
3302,1022
3303,0
3304,1021
3305,0
3306,1022
3307,1022
3308,0
3309,1022
3310,0
3311,1021
3312,1021
3313,0
3314,1022
3315,0
3316,1022
3317,1022
3318,0
3319,1022
3320,0
3321,1022
3322,1022
3323,0
3324,1022
3325,0
3326,1022
3327,1022
3328,0
3329,1022
3330,0
3331,0
3332,1022
3333,0
3334,1022
3335,0
3336,0
3337,1021
3338,0
3339,1021
3340,0
3341,0
3342,1022
3343,0
3344,1021
3345,0
3346,0
3347,1023
3348,0
3349,1022
3350,0
3351,0
3352,1022
3353,0
3354,1021
3355,0
3356,0
3357,1022
3358,0
3359,1022
3360,0
3361,0
3362,1022
3363,0
3364,1022
3365,0
3366,0
3367,1022
3368,0
3369,1022
3370,0
3371,0
3372,1022
3373,0
3374,1022
3375,0
3376,0
3377,1022
3378,0
3379,1022
3380,0
3381,0
3382,1022
3383,0
3384,1022
3385,0
3386,0
3387,1022
3388,0
3389,1022
3390,0
3391,0
3392,1022
3393,0
3394,1022
3395,0
3396,0
3397,1022
3398,0
3399,1023
3400,0
3401,0
3402,1022
3403,0
3404,1022
3405,0
3406,0
3407,1022
3408,0
3409,1022
3410,0
3411,0
3412,1022
3413,0
3414,1022
3415,0
3416,0
3417,1022
3418,0
3419,1022
3420,0
3421,0
3422,1021
3423,0
3424,1022
3425,0
3426,0
3427,1022
3428,0
3429,1022
3430,1022
3431,0
3432,1022
3433,0
3434,1022
3435,1022
3436,0
3437,1022
3438,0
3439,1022
3440,1022
3441,0
3442,1022
3443,0
3444,1022
3445,1021
3446,0
3447,1022
3448,0
3449,1022
3450,1022
3451,0
3452,1022
3453,0
3454,1022
3455,1022
3456,0
3457,1022
3458,0
3459,1022
3460,1022
3461,0
3462,1022
3463,0
3464,1022
3465,1022
3466,0
3467,1022
3468,0
3469,1022
3470,1022
3471,0
3472,1022
3473,0
3474,1022
3475,1022
3476,0
3477,1022
3478,0
3479,1022
3480,1022
3481,0
3482,1022
3483,0
3484,1022
3485,1022
3486,0
3487,1023
3488,0
3489,1022
3490,1022
3491,0
3492,1021
3493,0
3494,1022
3495,1022
3496,0
3497,1022
3498,0
3499,1022
3500,1021
3501,0
3502,1022
3503,0
3504,1022
3505,1022
3506,0
3507,1022
3508,0
3509,1022
3510,1022
3511,0
3512,1022
3513,0
3514,1022
3515,1022
3516,0
3517,1022
3518,0
3519,1022
3520,1021
3521,0
3522,1021
3523,0
3524,1022
3525,1021
3526,0
3527,1022
3528,0
3529,1022
3530,1022
3531,0
3532,1022
3533,0
3534,1022
3535,1022
3536,0
3537,1022
3538,0
3539,0
3540,1022
3541,0
3542,1022
3543,0
3544,0
3545,1022
3546,0
3547,1022
3548,0
3549,0
3550,1022
3551,0
3552,1022
3553,0
3554,0
3555,1022
3556,0
3557,1022
3558,0
3559,0
3560,1022
3561,0
3562,1022
3563,0
3564,0
3565,1022
3566,0
3567,1022
3568,0
3569,0
3570,1022
3571,0
3572,1022
3573,0
3574,0
3575,1021
3576,0
3577,1022
3578,0
3579,0
3580,1022
3581,0
3582,1022
3583,0
3584,0
3585,1021
3586,0
3587,1022
3588,0
3589,0
3590,1022
3591,0
3592,1022
3593,0
3594,0
3595,1022
3596,0
3597,1022
3598,0
3599,0
3600,1022
3601,0
3602,1022
3603,0
3604,0
3605,1022
3606,0
3607,1022
3608,0
3609,0
3610,1022
3611,0
3612,1022
3613,0
3614,0
3615,1022
3616,0
3617,1022
3618,0
3619,0
3620,1022
3621,0
3622,1022
3623,0
3624,0
3625,1022
3626,0
3627,1022
3628,0
3629,0
3630,1022
3631,0
3632,1022
3633,0
3634,0
3635,1022
3636,0
3637,1022
3638,1021
3639,0
3640,1022
3641,0
3642,1022
3643,1021
3644,0
3645,1022
3646,0
3647,1022
3648,1022
3649,0
3650,1022
3651,0
3652,1021
3653,1022
3654,0
3655,1021
3656,0
3657,1022
3658,1021
3659,0
3660,1021
3661,0
3662,1022
3663,1022
3664,0
3665,1022
3666,0
3667,1022
3668,1022
3669,0
3670,1022
3671,0
3672,1022
3673,1022
3674,0
3675,1022
3676,0
3677,1022
3678,1022
3679,0
3680,1022
3681,0
3682,1022
3683,1022
3684,0
3685,1022
3686,0
3687,1022
3688,1022
3689,0
3690,1022
3691,0
3692,1022
3693,1022
3694,0
3695,1022
3696,0
3697,1022
3698,1022
3699,0
3700,1022
3701,0
3702,1022
3703,1022
3704,0
3705,1022
3706,0
3707,1022
3708,1021
3709,0
3710,1022
3711,0
3712,1022
3713,1022
3714,0
3715,1022
3716,0
3717,1022
3718,1022
3719,0
3720,1022
3721,0
3722,1022
3723,1022
3724,0
3725,1022
3726,0
3727,1022
3728,1022
3729,0
3730,1022
3731,0
3732,1022
3733,1022
3734,0
3735,1021
3736,0
3737,1021
3738,1022
3739,0
3740,1022
3741,0
3742,1022
3743,1021
3744,0
3745,1022
3746,0
3747,0
3748,1022
3749,0
3750,1022
3751,0
3752,0
3753,1022
3754,0
3755,1021
3756,0
3757,0
3758,1022
3759,0
3760,1022
3761,0
3762,0
3763,1022
3764,0
3765,1022
3766,0
3767,0
3768,1022
3769,0
3770,1022
3771,0
3772,0
3773,1022
3774,0
3775,1022
3776,0
3777,0
3778,1022
3779,0
3780,1022
3781,0
3782,0
3783,1022
3784,0
3785,1022
3786,0
3787,0
3788,1022
3789,0
3790,1022
3791,0
3792,0
3793,1022
3794,0
3795,1022
3796,0
3797,0
3798,1022
3799,0
3800,1022
3801,0
3802,0
3803,1022
3804,0
3805,1022
3806,0
3807,0
3808,1022
3809,0
3810,1021
3811,0
3812,0
3813,1022
3814,0
3815,1022
3816,0
3817,0
3818,1022
3819,0
3820,1022
3821,0
3822,0
3823,1022
3824,0
3825,1022
3826,0
3827,0
3828,1022
3829,0
3830,1022
3831,0
3832,0
3833,1022
3834,0
3835,1022
3836,0
3837,0
3838,1021
3839,0
3840,1022
3841,0
3842,0
3843,1021
3844,0
3845,1022
3846,1022
3847,0
3848,1022
3849,0
3850,1022
3851,1022
3852,0
3853,1022
3854,0
3855,1022
3856,1022
3857,0
3858,1022
3859,0
3860,1022
3861,1022
3862,0
3863,1022
3864,0
3865,1022
3866,1022
3867,0
3868,1022
3869,0
3870,1022
3871,1022
3872,0
3873,1022
3874,0
3875,1022
3876,1022
3877,0
3878,1022
3879,0
3880,1022
3881,1022
3882,0
3883,1022
3884,0
3885,1022
3886,1022
3887,0
3888,1021
3889,0
3890,1021
3891,1022
3892,0
3893,1021
3894,0
3895,1022
3896,1022
3897,0
3898,1022
3899,0
3900,1023
3901,1022
3902,0
3903,1022
3904,0
3905,1022
3906,1022
3907,0
3908,1022
3909,0
3910,1022
3911,1021
3912,0
3913,1022
3914,0
3915,1022
3916,1021
3917,0
3918,1022
3919,0
3920,1022
3921,1021
3922,0
3923,1022
3924,0
3925,1022
3926,1022
3927,0
3928,1021
3929,0
3930,1022
3931,1022
3932,0
3933,1022
3934,0
3935,1022
3936,1022
3937,0
3938,1022
3939,0
3940,1022
3941,1022
3942,0
3943,1022
3944,0
3945,1022
3946,1022
3947,0
3948,1022
3949,0
3950,1022
3951,1022
3952,0
3953,1022
3954,0
3955,0
3956,1022
3957,0
3958,1022
3959,0
3960,0
3961,1022
3962,0
3963,1022
3964,0
3965,0
3966,1022
3967,0
3968,1022
3969,0
3970,0
3971,1022
3972,0
3973,1022
3974,0
3975,0
3976,1022
3977,0
3978,1022
3979,0
3980,0
3981,1022
3982,0
3983,1022
3984,0
3985,0
3986,1022
3987,0
3988,1022
3989,0
3990,0
3991,1022
3992,0
3993,1022
3994,0
3995,0
3996,1022
3997,0
3998,1022
3999,0
4000,0
4001,1022
4002,0
4003,1022
4004,0
4005,0
4006,1022
4007,0
4008,1022
4009,0
4010,0
4011,1022
4012,0
4013,1022
4014,0
4015,0
4016,1022
4017,0
4018,1022
4019,0
4020,0
4021,1022
4022,0
4023,1022
4024,0
4025,0
4026,1022
4027,0
4028,1022
4029,0
4030,0
4031,1022
4032,0
4033,1022
4034,0
4035,0
4036,1022
4037,0
4038,1022
4039,0
4040,0
4041,1022
4042,0
4043,1022
4044,0
4045,0
4046,1022
4047,0
4048,1021
4049,0
4050,0
4051,1022
4052,0
4053,1021
4054,0
4055,0
4056,1022
4057,0
4058,1022
4059,1022
4060,0
4061,1022
4062,0
4063,1022
4064,1022
4065,0
4066,1022
4067,0
4068,1022
4069,1022
4070,0
4071,1021
4072,0
4073,1022
4074,1022
4075,0
4076,1022
4077,0
4078,1021
4079,1022
4080,0
4081,1022
4082,0
4083,1022
4084,1022
4085,0
4086,1022
4087,0
4088,1022
4089,1022
4090,0
4091,1022
4092,0
4093,1022
4094,1021
4095,0
4096,1022
4097,0
4098,1023
4099,1022
4100,0
4101,1022
4102,0
4103,1022
4104,1022
4105,0
4106,1022
4107,0
4108,1022
4109,1022
4110,0
4111,1022
4112,0
4113,1022
4114,1022
4115,0
4116,1022
4117,0
4118,1022
4119,1022
4120,0
4121,1022
4122,0
4123,1022
4124,1022
4125,0
4126,1021
4127,0
4128,1021
4129,1022
4130,0
4131,1022
4132,0
4133,1022
4134,1022
4135,0
4136,1022
4137,0
4138,1022
4139,1022
4140,0
4141,1022
4142,0
4143,1022
4144,1022
4145,0
4146,1022
4147,0
4148,1022
4149,1022
4150,0
4151,1022
4152,0
4153,1022
4154,1022
4155,0
4156,1022
4157,0
4158,1022
4159,1021
4160,0
4161,1022
4162,0
4163,0
4164,1022
4165,0
4166,1022
4167,0
4168,0
4169,1022
4170,0
4171,1022
4172,0
4173,0
4174,1022
4175,0
4176,1022
4177,0
4178,0
4179,1022
4180,0
4181,1022
4182,0
4183,0
4184,1022
4185,0
4186,1022
4187,0
4188,0
4189,1022
4190,0
4191,1022
4192,0
4193,0
4194,1022
4195,0
4196,1022
4197,0
4198,0
4199,1022
4200,0
4201,1022
4202,0
4203,0
4204,1022
4205,0
4206,1021
4207,0
4208,0
4209,1022
4210,0
4211,1021
4212,0
4213,0
4214,1021
4215,0
4216,1021
4217,0
4218,0
4219,1021
4220,0
4221,1022
4222,0
4223,0
4224,1022
4225,0
4226,1022
4227,0
4228,0
4229,1021
4230,0
4231,1022
4232,0
4233,0
4234,1022
4235,0
4236,1022
4237,0
4238,0
4239,1022
4240,0
4241,1022
4242,0
4243,0
4244,1022
4245,0
4246,1022
4247,0
4248,0
4249,1022
4250,0
4251,1022
4252,0
4253,0
4254,1022
4255,0
4256,1022
4257,0
4258,0
4259,1022
4260,0
4261,1022
4262,1022
4263,0
4264,1022
4265,0
4266,1022
4267,1022
4268,0
4269,1022
4270,0
4271,1022
4272,1022
4273,0
4274,1022
4275,0
4276,1022
4277,1022
4278,0
4279,1022
4280,0
4281,1022
4282,1021
4283,0
4284,1022
4285,0
4286,1021
4287,1021
4288,0
4289,1022
4290,0
4291,1022
4292,1022
4293,0
4294,1022
4295,0
4296,1022
4297,1022
4298,0
4299,1023
4300,0
4301,1022
4302,1022
4303,0
4304,1022
4305,0
4306,1022
4307,1022
4308,0
4309,1022
4310,0
4311,1021
4312,1022
4313,0
4314,1021
4315,0
4316,1022
4317,1022
4318,0
4319,1022
4320,0
4321,1022
4322,1022
4323,0
4324,1022
4325,0
4326,1022
4327,1022
4328,0
4329,1022
4330,0
4331,1022
4332,1022
4333,0
4334,1022
4335,0
4336,1022
4337,1022
4338,0
4339,1022
4340,0
4341,1022
4342,1022
4343,0
4344,1022
4345,0
4346,1022
4347,1021
4348,0
4349,1022
4350,0
4351,1022
4352,1022
4353,0
4354,1021
4355,0
4356,1022
4357,1022
4358,0
4359,1022
4360,0
4361,1021
4362,1021
4363,0
4364,1023
4365,0
4366,1022
4367,1022
4368,0
4369,1021
4370,0
4371,0
4372,1022
4373,0
4374,1022
4375,0
4376,0
4377,1022
4378,0
4379,1022
4380,0
4381,0
4382,1022
4383,0
4384,1022
4385,0
4386,0
4387,1022
4388,0
4389,1022
4390,0
4391,0
4392,1022
4393,0
4394,1022
4395,0
4396,0
4397,1022
4398,0
4399,1022
4400,0
4401,0
4402,1022
4403,0
4404,1022
4405,0
4406,0
4407,1022
4408,0
4409,1022
4410,0
4411,0
4412,1022
4413,0
4414,1022
4415,0
4416,0
4417,1022
4418,0
4419,1022
4420,0
4421,0
4422,1022
4423,0
4424,1022
4425,0
4426,0
4427,1022
4428,0
4429,1022
4430,0
4431,0
4432,1022
4433,0
4434,1022
4435,0
4436,0
4437,1022
4438,0
4439,1022
4440,0
4441,0
4442,1022
4443,0
4444,1022
4445,0
4446,0
4447,1022
4448,0
4449,1023
4450,0
4451,0
4452,1022
4453,0
4454,1022
4455,0
4456,0
4457,1021
4458,0
4459,1022
4460,0
4461,0
4462,1022
4463,0
4464,1022
4465,0
4466,0
4467,1022
4468,0
4469,1022
4470,1021
4471,0
4472,1022
4473,0
4474,1022
4475,1023
4476,0
4477,1022
4478,0
4479,1022
4480,1022
4481,0
4482,1022
4483,0
4484,1022
4485,1022
4486,0
4487,1022
4488,0
4489,1022
4490,1022
4491,0
4492,1022
4493,0
4494,1022
4495,1022
4496,0
4497,1022
4498,0
4499,1022
4500,1022
4501,0
4502,1022
4503,0
4504,1022
4505,1022
4506,0
4507,1022
4508,0
4509,1022
4510,1022
4511,0
4512,1022
4513,0
4514,1022
4515,1022
4516,0
4517,1022
4518,0
4519,1022
4520,1022
4521,0
4522,1021
4523,0
4524,1022
4525,1022
4526,0
4527,1022
4528,0
4529,1022
4530,1022
4531,0
4532,1022
4533,0
4534,1022
4535,1022
4536,0
4537,1022
4538,0
4539,1022
4540,1022
4541,0
4542,1022
4543,0
4544,1022
4545,1021
4546,0
4547,1022
4548,0
4549,1022
4550,1021
4551,0
4552,1022
4553,0
4554,1022
4555,1022
4556,0
4557,1022
4558,0
4559,1022
4560,1022
4561,0
4562,1022
4563,0
4564,1022
4565,1022
4566,0
4567,1022
4568,0
4569,1022
4570,1022
4571,0
4572,1022
4573,0
4574,1022
4575,1022
4576,0
4577,1022
4578,0
4579,0
4580,1022
4581,0
4582,1022
4583,0
4584,0
4585,1022
4586,0
4587,1022
4588,0
4589,0
4590,1022
4591,0
4592,1022
4593,0
4594,0
4595,1022
4596,0
4597,1022
4598,0
4599,0
4600,1021
4601,0
4602,1021
4603,0
4604,0
4605,1021
4606,0
4607,1023
4608,0
4609,0
4610,1021
4611,0
4612,1021
4613,0
4614,0
4615,1022
4616,0
4617,1022
4618,0
4619,0
4620,1022
4621,0
4622,1022
4623,0
4624,0
4625,1022
4626,0
4627,1022
4628,0
4629,0
4630,1022
4631,0
4632,1022
4633,0
4634,0
4635,1022
4636,0
4637,1022
4638,0
4639,0
4640,1022
4641,0
4642,1022
4643,0
