1,0
2,0
3,0
4,1022
5,1022
6,1022
7,1022
8,1022
9,1022
10,1022
11,1022
12,0
13,0
14,0
15,0
16,0
17,0
18,0
19,0
20,1022
21,1022
22,1022
23,1022
24,1022
25,1022
26,1022
27,1022
28,1023
29,0
30,0
31,0
32,0
33,0
34,0
35,0
36,0
37,1022
38,1022
39,1022
40,1022
41,1022
42,1022
43,1022
44,1022
45,0
46,0
47,0
48,0
49,0
50,0
51,0
52,0
53,0
54,1022
55,1022
56,1022
57,1022
58,1022
59,1022
60,1022
61,1022
62,0
63,0
64,0
65,0
66,0
67,0
68,0
69,0
70,1022
71,1022
72,1020
73,1022
74,1022
75,1022
76,1021
77,1022
78,0
79,0
80,0
81,0
82,0
83,0
84,0
85,0
86,0
87,1022
88,1022
89,1022
90,1022
91,1022
92,1022
93,1022
94,1022
95,0
96,0
97,0
98,0
99,0
100,0
101,0
102,0
103,1022
104,1022
105,1022
106,1022
107,1022
108,1022
109,1022
110,1022
111,1022
112,0
113,0
114,0
115,0
116,0
117,0
118,0
119,0
120,1022
121,1022
122,1022
123,1022
124,1022
125,1022
126,1022
127,1022
128,0
129,0
130,0
131,0
132,0
133,0
134,0
135,0
136,0
137,1022
138,1022
139,1022
140,1022
141,1022
142,1022
143,1023
144,1022
145,0
146,0
147,0
148,0
149,0
150,0
151,0
152,0
153,1022
154,1022
155,1021
156,1021
157,1021
158,1022
159,1022
160,1021
161,1022
162,0
163,0
164,0
165,0
166,0
167,0
168,0
169,0
170,1022
171,1022
172,1021
173,1022
174,1022
175,1022
176,1022
177,1022
178,0
179,0
180,0
181,0
182,0
183,0
184,0
185,0
186,0
187,1022
188,1022
189,1022
190,1022
191,1022
192,1022
193,1022
194,1022
195,0
196,0
197,0
198,0
199,0
200,0
201,0
202,0
203,1022
204,1021
205,1022
206,1021
207,1022
208,1022
209,1022
210,1022
211,1022
212,0
213,0
214,0
215,0
216,0
217,0
218,0
219,0
220,1022
221,1022
222,1022
223,1022
224,1022
225,1022
226,1022
227,1021
228,0
229,0
230,0
231,0
232,0
233,0
234,0
235,0
236,0
237,1022
238,1021
239,1022
240,1021
241,1022
242,1022
243,1022
244,1022
245,0
246,0
247,0
248,0
249,0
250,0
251,0
252,0
253,1022
254,1022
255,1022
256,1022
257,1022
258,1022
259,1022
260,1022
261,1022
262,0
263,0
264,0
265,0
266,0
267,0
268,0
269,0
270,1022
271,1022
272,1022
273,1022
274,1022
275,1022
276,1022
277,1022
278,0
279,0
280,0
281,0
282,0
283,0
284,0
285,0
286,1021
287,1022
288,1022
289,1021
290,1022
291,1022
292,1022
293,1022
294,1022
295,0
296,0
297,0
298,0
299,0
300,0
301,0
302,0
303,1022
304,1022
305,1022
306,1022
307,1021
308,1022
309,1022
310,1022
311,0
312,0
313,0
314,0
315,0
316,0
317,0
318,0
319,0
320,1022
321,1022
322,1022
323,1022
324,1022
325,1022
326,1023
327,1022
328,0
329,0
330,0
331,0
332,0
333,0
334,0
335,0
336,1022
337,1022
338,1022
339,1022
340,1022
341,1022
342,1022
343,1022
344,1022
345,0
346,0
347,0
348,0
349,0
350,0
351,0
352,0
353,1022
354,1022
355,1022
356,1022
357,1022
358,1022
359,1022
360,1022
361,0
362,0
363,0
364,0
365,0
366,0
367,0
368,0
369,0
370,1022
371,1022
372,1022
373,1022
374,1022
375,1022
376,1022
377,1022
378,0
379,0
380,0
381,0
382,0
383,0
384,0
385,0
386,1022
387,1022
388,1022
389,1022
390,1021
391,1022
392,1021
393,1022
394,1021
395,0
396,0
397,0
398,0
399,0
400,0
401,0
402,0
403,1022
404,1022
405,1022
406,1022
407,1022
408,1022
409,1022
410,1022
411,0
412,0
413,0
414,0
415,0
416,0
417,0
418,0
419,0
420,1022
421,1022
422,1022
423,1022
424,1022
425,1022
426,1022
427,1022
428,0
429,0
430,0
431,0
432,0
433,0
434,0
435,0
436,1022
437,1022
438,1022
439,1022
440,1022
441,1022
442,1022
443,1022
444,1022
445,0
446,0
447,0
448,0
449,0
450,0
451,0
452,0
453,1021
454,1022
455,1022
456,1022
457,1022
458,1022
459,1022
460,1022
461,0
462,0
463,0
464,0
465,0
466,0
467,0
468,0
469,0
470,1022
471,1021
472,1022
473,1022
474,1022
475,1022
476,1021
477,1022
478,0
479,0
480,0
481,0
482,0
483,0
484,0
485,0
486,1023
487,1022
488,1022
489,1022
490,1022
491,1022
492,1022
493,1022
494,0
495,0
496,0
497,0
498,0
499,0
500,0
501,0
502,0
503,1022
504,1022
505,1022
506,1022
507,1022
508,1022
509,1022
510,1022
511,0
512,0
513,0
514,0
515,0
516,0
517,0
518,0
519,1022
520,1022
521,1022
522,1022
523,1022
524,1022
525,1022
526,1022
527,1022
528,0
529,0
530,0
531,0
532,0
533,0
534,0
535,0
536,1022
537,1022
538,1022
539,1022
540,1022
541,1022
542,1022
543,1022
544,0
545,0
546,0
547,0
548,0
549,0
550,0
551,0
552,0
553,1022
554,1021
555,1022
556,1022
557,1022
558,1022
559,1022
560,1022
561,0
562,0
563,0
564,0
565,0
566,0
567,0
568,0
569,1022
570,1022
571,1022
572,1022
573,1022
574,1022
575,1022
576,1021
577,1022
578,0
579,0
580,0
581,0
582,0
583,0
584,0
585,0
586,1022
587,1022
588,1022
589,1022
590,1022
591,1022
592,1022
593,1022
594,0
595,0
596,0
597,0
598,0
599,0
600,0
601,0
602,0
603,1021
604,1022
605,1022
606,1022
607,1022
608,1022
609,1022
610,1022
611,0
612,0
613,0
614,0
615,0
616,0
617,0
618,0
619,1022
620,1022
621,1022
622,1022
623,1022
624,1022
625,1022
626,1022
627,1022
628,0
629,0
630,0
631,0
632,0
633,0
634,0
635,0
636,1022
637,1022
638,1022
639,1021
640,1022
641,1022
642,1022
643,1022
644,0
645,0
646,0
647,0
648,0
649,0
650,0
651,0
652,0
653,1022
654,1022
655,1022
656,1022
657,1022
658,1022
659,1022
660,1022
661,0
662,0
663,0
664,0
665,0
666,0
667,0
668,0
669,1022
670,1022
671,1022
672,1022
673,1022
674,1022
675,1022
676,1022
677,1022
678,0
679,0
680,0
681,0
682,0
683,0
684,0
685,0
686,1021
687,1021
688,1021
689,1022
690,1022
691,1022
692,1022
693,1022
694,0
695,0
696,0
697,0
698,0
699,0
700,0
701,0
702,1022
703,1022
704,1022
705,1022
706,1021
707,1021
708,1021
709,1021
710,1021
711,0
712,0
713,0
714,0
715,0
716,0
717,0
718,0
719,1022
720,1022
721,1022
722,1022
723,1022
724,1022
725,1022
726,1022
727,0
728,0
729,0
730,0
731,0
732,0
733,0
734,0
735,0
736,1022
737,1022
738,1022
739,1022
740,1022
741,1022
742,1022
743,1022
744,0
745,0
746,0
747,0
748,0
749,0
750,0
751,0
752,1022
753,1022
754,1022
755,1022
756,1022
757,1021
758,1022
759,1022
760,1022
761,0
762,0
763,0
764,0
765,0
766,0
767,0
768,0
769,1022
770,1022
771,1022
772,1022
773,1022
774,1022
775,1022
776,1022
777,0
778,0
779,0
780,0
781,0
782,0
783,0
784,0
785,0
786,1022
787,1022
788,1021
789,1021
790,1022
791,1021
792,1021
793,1022
794,0
795,0
796,0
797,0
798,0
799,0
800,0
801,0
802,1022
803,1022
804,1022
805,1022
806,1022
807,1021
808,1022
809,1021
810,1022
811,0
812,0
813,0
814,0
815,0
816,0
817,0
818,0
819,1022
820,1022
821,1022
822,1022
823,1022
824,1022
825,1022
826,1022
827,0
828,0
829,0
830,0
831,0
832,0
833,0
834,0
835,0
836,1022
837,1022
838,1022
839,1022
840,1022
841,1022
842,1022
843,1022
844,0
845,0
846,0
847,0
848,0
849,0
850,0
851,0
852,1022
853,1022
854,1022
855,1022
856,1022
857,1022
858,1022
859,1022
860,1022
861,0
862,0
863,0
864,0
865,0
866,0
867,0
868,0
869,1022
870,1022
871,1022
872,1022
873,1022
874,1022
875,1022
876,1022
877,0
878,0
879,0
880,0
881,0
882,0
883,0
884,0
885,0
886,1022
887,1022
888,1022
889,1022
890,1022
891,1022
892,1022
893,1022
894,0
895,0
896,0
897,0
898,0
899,0
900,0
901,0
902,1022
903,1022
904,1022
905,1022
906,1022
907,1022
908,1022
909,1022
910,0
911,0
912,0
913,0
914,0
915,0
916,0
917,0
918,0
919,1022
920,1022
921,1022
922,1022
923,1022
924,1022
925,1022
926,1022
927,0
928,0
929,0
930,0
931,0
932,0
933,0
934,0
935,1022
936,1022
937,1022
938,1022
939,1022
940,1021
941,1022
942,1022
943,1022
944,0
945,0
946,0
947,0
948,0
949,0
950,0
951,0
952,1022
953,1022
954,1022
955,1022
956,1022
957,1023
958,1022
959,1022
960,0
961,0
962,0
963,0
964,0
965,0
966,0
967,0
968,0
969,1022
970,1022
971,1022
972,1022
973,1022
974,1022
975,1022
976,1022
977,0
978,0
979,0
980,0
981,0
982,0
983,0
984,0
985,1022
986,1022
987,1022
988,1022
989,1022
990,1022
991,1022
992,1022
993,1022
994,0
995,0
996,0
997,0
998,0
999,0
1000,0
1001,0
1002,1022
1003,1022
1004,1022
1005,1022
1006,1022
1007,1022
1008,1022
1009,1022
1010,0
1011,0
1012,0
1013,0
1014,0
1015,0
1016,0
1017,0
1018,0
1019,1021
1020,1022
1021,1022
1022,1022
1023,1022
1024,1022
1025,1022
1026,1022
1027,0
1028,0
1029,0
1030,0
1031,0
1032,0
1033,0
1034,0
1035,1022
1036,1022
1037,1022
1038,1023
1039,1021
1040,1022
1041,1022
1042,1022
1043,1022
1044,0
1045,0
1046,0
1047,0
1048,0
1049,0
1050,0
1051,0
1052,1022
1053,1022
1054,1022
1055,1022
1056,1022
1057,1022
1058,1022
1059,1022
1060,0
1061,0
1062,0
1063,0
1064,0
1065,0
1066,0
1067,0
1068,0
1069,1022
1070,1022
1071,1022
1072,1022
1073,1022
1074,1022
1075,1022
1076,1022
1077,0
1078,0
1079,0
1080,0
1081,0
1082,0
1083,0
1084,0
1085,1021
1086,1022
1087,1022
1088,1022
1089,1022
1090,1022
1091,1022
1092,1022
1093,1022
1094,0
1095,0
1096,0
1097,0
1098,0
1099,0
1100,0
1101,0
1102,1022
1103,1022
1104,1021
1105,1021
1106,1021
1107,1021
1108,1021
1109,1022
1110,0
1111,0
1112,0
1113,0
1114,0
1115,0
1116,0
1117,0
1118,1021
1119,1022
1120,1022
1121,1021
1122,1022
1123,1022
1124,1021
1125,1022
1126,1022
1127,0
1128,0
1129,0
1130,0
1131,0
1132,0
1133,0
1134,0
1135,1022
1136,1022
1137,1022
1138,1022
1139,1022
1140,1022
1141,1022
1142,1022
1143,0
1144,0
1145,0
1146,0
1147,0
1148,0
1149,0
1150,0
1151,0
1152,1022
1153,1022
1154,1022
1155,1022
1156,1022
1157,1021
1158,1022
1159,1022
1160,0
1161,0
1162,0
1163,0
1164,0
1165,0
1166,0
1167,0
1168,1022
1169,1022
1170,1022
1171,1022
1172,1022
1173,1022
1174,1022
1175,1022
1176,1022
1177,0
1178,0
1179,0
1180,0
1181,0
1182,0
1183,0
1184,0
1185,1022
1186,1021
1187,1021
1188,1022
1189,1022
1190,1022
1191,1022
1192,1022
1193,0
1194,0
1195,0
1196,0
1197,0
1198,0
1199,0
1200,0
1201,0
1202,1022
1203,1022
1204,1022
1205,1022
1206,1022
1207,1023
1208,1022
1209,1022
1210,0
1211,0
1212,0
1213,0
1214,0
1215,0
1216,0
1217,0
1218,1022
1219,1022
1220,1022
1221,1022
1222,1022
1223,1022
1224,1022
1225,1022
1226,1022
1227,0
1228,0
1229,0
1230,0
1231,0
1232,0
1233,0
1234,0
1235,1022
1236,1022
1237,1022
1238,1021
1239,1021
1240,1022
1241,1021
1242,1021
1243,0
1244,0
1245,0
1246,0
1247,0
1248,0
1249,0
1250,0
1251,0
1252,1022
1253,1022
1254,1022
1255,1022
1256,1022
1257,1022
1258,1022
1259,1022
1260,0
1261,0
1262,0
1263,0
1264,0
1265,0
1266,0
1267,0
1268,1022
1269,1022
1270,1022
1271,1022
1272,1022
1273,1022
1274,1022
1275,1022
1276,1022
1277,0
1278,0
1279,0
1280,0
1281,0
1282,0
1283,0
1284,0
1285,1022
1286,1022
1287,1022
1288,1022
1289,1022
1290,1022
1291,1022
1292,1022
1293,0
1294,0
1295,0
1296,0
1297,0
1298,0
1299,0
1300,0
1301,0
1302,1022
1303,1022
1304,1022
1305,1022
1306,1022
1307,1022
1308,1022
1309,1022
1310,0
1311,0
1312,0
1313,0
1314,0
1315,0
1316,0
1317,0
1318,1021
1319,1022
1320,1022
1321,1022
1322,1022
1323,1022
1324,1022
1325,1022
1326,0
1327,0
1328,0
1329,0
1330,0
1331,0
1332,0
1333,0
1334,0
1335,1022
1336,1022
1337,1022
1338,1022
1339,1022
1340,1022
1341,1021
1342,1021
1343,0
1344,0
1345,0
1346,0
1347,0
1348,0
1349,0
1350,0
1351,1022
1352,1023
1353,1022
1354,1022
1355,1022
1356,1022
1357,1022
1358,1022
1359,1022
1360,0
1361,0
1362,0
1363,0
1364,0
1365,0
1366,0
1367,0
1368,1022
1369,1022
1370,1022
1371,1022
1372,1022
1373,1022
1374,1022
1375,1022
1376,0
1377,0
1378,0
1379,0
1380,0
1381,0
1382,0
1383,0
1384,0
1385,1022
1386,1022
1387,1022
1388,1022
1389,1022
1390,1022
1391,1022
1392,1022
1393,0
1394,0
1395,0
1396,0
1397,0
1398,0
1399,0
1400,0
1401,1022
1402,1022
1403,1022
1404,1022
1405,1022
1406,1022
1407,1022
1408,1022
1409,1022
1410,0
1411,0
1412,0
1413,0
1414,0
1415,0
1416,0
1417,0
1418,1022
1419,1022
1420,1022
1421,1022
1422,1022
1423,1022
1424,1022
1425,1022
1426,0
1427,0
1428,0
1429,0
1430,0
1431,0
1432,0
1433,0
1434,0
1435,1022
1436,1022
1437,1022
1438,1022
1439,1022
1440,1022
1441,1022
1442,1022
1443,0
1444,0
1445,0
1446,0
1447,0
1448,0
1449,0
1450,0
1451,1022
1452,1022
1453,1022
1454,1022
1455,1022
1456,1022
1457,1022
1458,1022
1459,1022
1460,0
1461,0
1462,0
1463,0
1464,0
1465,0
1466,0
1467,0
1468,1022
1469,1022
1470,1022
1471,1022
1472,1022
1473,1022
1474,1022
1475,1022
1476,0
1477,0
1478,0
1479,0
1480,0
1481,0
1482,0
1483,0
1484,0
1485,1022
1486,1022
1487,1022
1488,1022
1489,1022
1490,1022
1491,1022
1492,1022
1493,0
1494,0
1495,0
1496,0
1497,0
1498,0
1499,0
1500,0
1501,1022
1502,1022
1503,1022
1504,1022
1505,1022
1506,1022
1507,1022
1508,1022
1509,1021
1510,0
1511,0
1512,0
1513,0
1514,0
1515,0
1516,0
1517,0
1518,1022
1519,1022
1520,1022
1521,1022
1522,1022
1523,1022
1524,1022
1525,1022
1526,0
1527,0
1528,0
1529,0
1530,0
1531,0
1532,0
1533,0
1534,1022
1535,1022
1536,1022
1537,1022
1538,1022
1539,1022
1540,1022
1541,1022
1542,1022
1543,0
1544,0
1545,0
1546,0
1547,0
1548,0
1549,0
1550,0
1551,1022
1552,1022
1553,1022
1554,1022
1555,1022
1556,1022
1557,1022
1558,1022
1559,0
1560,0
1561,0
1562,0
1563,0
1564,0
1565,0
1566,0
1567,0
1568,1022
1569,1022
1570,1022
1571,1022
1572,1022
1573,1022
1574,1022
1575,1022
1576,0
1577,0
1578,0
1579,0
1580,0
1581,0
1582,0
1583,0
1584,1021
1585,1022
1586,1022
1587,1022
1588,1022
1589,1022
1590,1023
1591,1022
1592,1022
1593,0
1594,0
1595,0
1596,0
1597,0
1598,0
1599,0
1600,0
1601,1022
1602,1021
1603,1022
1604,1021
1605,1021
1606,1022
1607,1022
1608,1022
1609,0
1610,0
1611,0
1612,0
1613,0
1614,0
1615,0
1616,0
1617,0
1618,1022
1619,1022
1620,1022
1621,1022
1622,1022
1623,1022
1624,1022
1625,1022
1626,0
1627,0
1628,0
1629,0
1630,0
1631,0
1632,0
1633,0
1634,1022
1635,1022
1636,1022
1637,1022
1638,1022
1639,1022
1640,1022
1641,1022
1642,1022
1643,0
1644,0
1645,0
1646,0
1647,0
1648,0
1649,0
1650,0
1651,1022
1652,1022
1653,1022
1654,1022
1655,1022
1656,1022
1657,1022
1658,1022
1659,0
1660,0
1661,0
1662,0
1663,0
1664,0
1665,0
1666,0
1667,0
1668,1022
1669,1022
1670,1022
1671,1022
1672,1022
1673,1022
1674,1021
1675,1022
1676,0
1677,0
1678,0
1679,0
1680,0
1681,0
1682,0
1683,0
1684,1022
1685,1021
1686,1022
1687,1022
1688,1022
1689,1022
1690,1022
1691,1021
1692,1022
1693,0
1694,0
1695,0
1696,0
1697,0
1698,0
1699,0
1700,0
1701,1022
1702,1022
1703,1022
1704,1022
1705,1022
1706,1022
1707,1022
1708,1022
1709,0
1710,0
1711,0
1712,0
1713,0
1714,0
1715,0
1716,0
1717,0
1718,1022
1719,1022
1720,1021
1721,1022
1722,1022
1723,1022
1724,1022
1725,1022
1726,0
1727,0
1728,0
1729,0
1730,0
1731,0
1732,0
1733,0
1734,1021
1735,1022
1736,1022
1737,1022
1738,1022
1739,1022
1740,1022
1741,1022
1742,0
1743,0
1744,0
1745,0
1746,0
1747,0
1748,0
1749,0
1750,0
1751,1022
1752,1022
1753,1022
1754,1021
1755,1022
1756,1022
1757,1022
1758,1023
1759,0
1760,0
1761,0
1762,0
1763,0
1764,0
1765,0
1766,0
1767,1022
1768,1022
1769,1021
1770,1022
1771,1022
1772,1022
1773,1021
1774,1022
1775,1022
1776,0
1777,0
1778,0
1779,0
1780,0
1781,0
1782,0
1783,0
1784,1022
1785,1021
1786,1022
1787,1022
1788,1022
1789,1022
1790,1022
1791,1022
1792,0
1793,0
1794,0
1795,0
1796,0
1797,0
1798,0
1799,0
1800,0
1801,1022
1802,1021
1803,1022
1804,1022
1805,1021
1806,1022
1807,1022
1808,1022
1809,0
1810,0
1811,0
1812,0
1813,0
1814,0
1815,0
1816,0
1817,1022
1818,1022
1819,1022
1820,1022
1821,1022
1822,1022
1823,1022
1824,1022
1825,1022
1826,0
1827,0
1828,0
1829,0
1830,0
1831,0
1832,0
1833,0
1834,1022
1835,1021
1836,1022
1837,1022
1838,1022
1839,1022
1840,1022
1841,1021
1842,0
1843,0
1844,0
1845,0
1846,0
1847,0
1848,0
1849,0
1850,0
1851,1022
1852,1022
1853,1022
1854,1021
1855,1021
1856,1022
1857,1022
1858,1022
1859,0
1860,0
1861,0
1862,0
1863,0
1864,0
1865,0
1866,0
1867,1022
1868,1022
1869,1022
1870,1022
1871,1022
1872,1022
1873,1022
1874,1022
1875,1022
1876,0
1877,0
1878,0
1879,0
1880,0
1881,0
1882,0
1883,0
1884,1022
1885,1022
1886,1022
1887,1021
1888,1022
1889,1022
1890,1022
1891,1022
1892,0
1893,0
1894,0
1895,0
1896,0
1897,0
1898,0
1899,0
1900,0
1901,1022
1902,1022
1903,1022
1904,1021
1905,1022
1906,1022
1907,1022
1908,1022
1909,0
1910,0
1911,0
1912,0
1913,0
1914,0
1915,0
1916,0
1917,1021
1918,1021
1919,1022
1920,1022
1921,1021
1922,1022
1923,1022
1924,1022
1925,1022
1926,0
1927,0
1928,0
1929,0
1930,0
1931,0
1932,0
1933,0
1934,1022
1935,1022
1936,1021
1937,1022
1938,1022
1939,1022
1940,1022
1941,1022
1942,0
1943,0
1944,0
1945,0
1946,0
1947,0
1948,0
1949,0
1950,1022
1951,1022
1952,1022
1953,1022
1954,1022
1955,1022
1956,1022
1957,1021
1958,1022
1959,0
1960,0
1961,0
1962,0
1963,0
1964,0
1965,0
1966,0
1967,1022
1968,1022
1969,1022
1970,1022
1971,1022
1972,1022
1973,1022
1974,1022
1975,0
1976,0
1977,0
1978,0
1979,0
1980,0
1981,0
1982,0
1983,0
1984,1022
1985,1022
1986,1022
1987,1022
1988,1022
1989,1022
1990,1022
1991,1022
1992,0
1993,0
1994,0
1995,0
1996,0
1997,0
1998,0
1999,0
2000,1021
2001,1021
2002,1022
2003,1022
2004,1022
2005,1022
2006,1022
2007,1022
2008,1022
2009,0
2010,0
2011,0
2012,0
2013,0
2014,0
2015,0
2016,0
2017,1022
2018,1022
2019,1022
2020,1022
2021,1022
2022,1022
2023,1021
2024,1022
2025,0
2026,0
2027,0
2028,0
2029,0
2030,0
2031,0
2032,0
2033,0
2034,1022
2035,1022
2036,1022
2037,1022
2038,1022
2039,1022
2040,1022
2041,1022
2042,0
2043,0
2044,0
2045,0
2046,0
2047,0
2048,0
2049,0
2050,1021
2051,1022
2052,1021
2053,1023
2054,1022
2055,1021
2056,1022
2057,1022
2058,1022
2059,0
2060,0
2061,0
2062,0
2063,0
2064,0
2065,0
2066,0
2067,1022
2068,1022
2069,1022
2070,1022
2071,1022
2072,1022
2073,1021
2074,1022
2075,0
2076,0
2077,0
2078,0
2079,0
2080,0
2081,0
2082,0
2083,0
2084,1023
2085,1021
2086,1022
2087,1022
2088,1022
2089,1022
2090,1022
2091,1022
2092,0
2093,0
2094,0
2095,0
2096,0
2097,0
2098,0
2099,0
2100,1022
2101,1022
2102,1022
2103,1022
2104,1022
2105,1021
2106,1022
2107,1022
2108,1022
2109,0
2110,0
2111,0
2112,0
2113,0
2114,0
2115,0
2116,0
2117,1022
2118,1022
2119,1022
2120,1022
2121,1022
2122,1022
2123,1022
2124,1022
2125,0
2126,0
2127,0
2128,0
2129,0
2130,0
2131,0
2132,0
2133,0
2134,1022
2135,1022
2136,1021
2137,1021
2138,1021
2139,1022
2140,1022
2141,1022
2142,0
2143,0
2144,0
2145,0
2146,0
2147,0
2148,0
2149,0
2150,1022
2151,1022
2152,1022
2153,1022
2154,1022
2155,1021
2156,1022
2157,1022
2158,0
2159,0
2160,0
2161,0
2162,0
2163,0
2164,0
2165,0
2166,0
2167,1022
2168,1022
2169,1022
2170,1021
2171,1022
2172,1022
2173,1022
2174,1022
2175,0
2176,0
2177,0
2178,0
2179,0
2180,0
2181,0
2182,0
2183,1022
2184,1022
2185,1022
2186,1022
2187,1022
2188,1022
2189,1022
2190,1022
2191,1022
2192,0
2193,0
2194,0
2195,0
2196,0
2197,0
2198,0
2199,0
2200,1022
2201,1022
2202,1022
2203,1022
2204,1022
2205,1021
2206,1022
2207,1022
2208,0
2209,0
2210,0
2211,0
2212,0
2213,0
2214,0
2215,0
2216,0
2217,1021
2218,1022
2219,1022
2220,1022
2221,1022
2222,1022
2223,1022
2224,1022
2225,0
2226,0
2227,0
2228,0
2229,0
2230,0
2231,0
2232,0
2233,1021
2234,1022
2235,1021
2236,1022
2237,1021
2238,1021
2239,1021
2240,1022
2241,1021
2242,0
2243,0
2244,0
2245,0
2246,0
2247,0
2248,0
2249,0
2250,1022
2251,1022
2252,1022
2253,1022
2254,1022
2255,1022
2256,1022
2257,1022
2258,0
2259,0
2260,0
2261,0
2262,0
2263,0
2264,0
2265,0
2266,0
2267,1022
2268,1021
2269,1022
2270,1022
2271,1022
2272,1022
2273,1022
2274,1022
2275,0
2276,0
2277,0
2278,0
2279,0
2280,0
2281,0
2282,0
2283,1022
2284,1022
2285,1022
2286,1022
2287,1022
2288,1022
2289,1022
2290,1022
2291,1022
2292,0
2293,0
2294,0
2295,0
2296,0
2297,0
2298,0
2299,0
2300,1021
2301,1022
2302,1022
2303,1022
2304,1022
2305,1022
2306,1022
2307,1022
2308,0
2309,0
2310,0
2311,0
2312,0
2313,0
2314,0
2315,0
2316,0
2317,1022
2318,1021
2319,1021
2320,1021
2321,1022
2322,1022
2323,1022
2324,1022
2325,0
2326,0
2327,0
2328,0
2329,0
2330,0
2331,0
2332,0
2333,1022
2334,1022
2335,1022
2336,1022
2337,1022
2338,1022
2339,1022
2340,1022
2341,1022
2342,0
2343,0
2344,0
2345,0
2346,0
2347,0
2348,0
2349,0
2350,1023
2351,1022
2352,1022
2353,1022
2354,1023
2355,1022
2356,1022
2357,1022
2358,0
2359,0
2360,0
2361,0
2362,0
2363,0
2364,0
2365,0
2366,1022
2367,1022
2368,1022
2369,1022
2370,1022
2371,1022
2372,1022
2373,1022
2374,1022
2375,0
2376,0
2377,0
2378,0
2379,0
2380,0
2381,0
2382,0
2383,1022
2384,1022
2385,1022
2386,1022
2387,1022
2388,1022
2389,1022
2390,1022
2391,0
2392,0
2393,0
2394,0
2395,0
2396,0
2397,0
2398,0
2399,0
2400,1022
2401,1021
2402,1022
2403,1022
2404,1022
2405,1022
2406,1022
2407,1022
2408,0
2409,0
2410,0
2411,0
2412,0
2413,0
2414,0
2415,0
2416,1022
2417,1022
2418,1022
2419,1022
2420,1022
2421,1022
2422,1022
2423,1022
2424,1022
2425,0
2426,0
2427,0
2428,0
2429,0
2430,0
2431,0
2432,0
2433,1022
2434,1022
2435,1022
2436,1021
2437,1022
2438,1022
2439,1022
2440,1022
2441,0
2442,0
2443,0
2444,0
2445,0
2446,0
2447,0
2448,0
2449,0
2450,1021
2451,1022
2452,1022
2453,1022
2454,1022
2455,1022
2456,1023
2457,1022
2458,0
2459,0
2460,0
2461,0
2462,0
2463,0
2464,0
2465,0
2466,1022
2467,1022
2468,1022
2469,1022
2470,1022
2471,1022
2472,1021
2473,1022
2474,1021
2475,0
2476,0
2477,0
2478,0
2479,0
2480,0
2481,0
2482,0
2483,1022
2484,1022
2485,1022
2486,1022
2487,1022
2488,1022
2489,1022
2490,1022
2491,0
2492,0
2493,0
2494,0
2495,0
2496,0
2497,0
2498,0
2499,0
2500,1022
2501,1022
2502,1022
2503,1022
2504,1022
2505,1022
2506,1022
2507,1022
2508,0
2509,0
2510,0
2511,0
2512,0
2513,0
2514,0
2515,0
2516,1022
2517,1021
2518,1022
2519,1022
2520,1021
2521,1022
2522,1022
2523,1022
2524,1022
2525,0
2526,0
2527,0
2528,0
2529,0
2530,0
2531,0
2532,0
2533,1022
2534,1022
2535,1022
2536,1022
2537,1022
2538,1022
2539,1022
2540,1022
2541,0
2542,0
2543,0
2544,0
2545,0
2546,0
2547,0
2548,0
2549,0
2550,1022
2551,1021
2552,1022
2553,1022
2554,1022
2555,1022
2556,1022
2557,1022
2558,0
2559,0
2560,0
2561,0
2562,0
2563,0
2564,0
2565,0
2566,1022
2567,1022
2568,1022
2569,1022
2570,1022
2571,1022
2572,1022
2573,1022
2574,0
2575,0
2576,0
2577,0
2578,0
2579,0
2580,0
2581,0
2582,0
2583,1022
2584,1022
2585,1022
2586,1022
2587,1022
2588,1022
2589,1022
2590,1022
2591,0
2592,0
2593,0
2594,0
2595,0
2596,0
2597,0
2598,0
2599,1022
2600,1022
2601,1022
2602,1022
2603,1022
2604,1021
2605,1021
2606,1022
2607,1022
2608,0
2609,0
2610,0
2611,0
2612,0
2613,0
2614,0
2615,0
2616,1022
2617,1021
2618,1022
2619,1022
2620,1022
2621,1022
2622,1022
2623,1022
2624,0
2625,0
2626,0
2627,0
2628,0
2629,0
2630,0
2631,0
2632,0
2633,1022
2634,1023
2635,1021
2636,1021
2637,1022
2638,1021
2639,1023
2640,1021
2641,0
2642,0
2643,0
2644,0
2645,0
2646,0
2647,0
2648,0
2649,1021
2650,1022
2651,1022
2652,1022
2653,1022
2654,1022
2655,1022
2656,1022
2657,1022
2658,0
2659,0
2660,0
2661,0
2662,0
2663,0
2664,0
2665,0
2666,1022
2667,1022
2668,1022
2669,1022
2670,1022
2671,1022
2672,1022
2673,1022
2674,0
2675,0
2676,0
2677,0
2678,0
2679,0
2680,0
2681,0
2682,0
2683,1022
2684,1022
2685,1022
2686,1021
2687,1022
2688,1022
2689,1022
2690,1021
2691,0
2692,0
2693,0
2694,0
2695,0
2696,0
2697,0
2698,0
2699,1022
2700,1022
2701,1022
2702,1022
2703,1022
2704,1022
2705,1022
2706,1022
2707,1022
2708,0
2709,0
2710,0
2711,0
2712,0
2713,0
2714,0
2715,0
2716,1022
2717,1022
2718,1021
2719,1022
2720,1022
2721,1022
2722,1022
2723,1022
2724,0
2725,0
2726,0
2727,0
2728,0
2729,0
2730,0
2731,0
2732,0
2733,1022
2734,1022
2735,1022
2736,1022
2737,1022
2738,1022
2739,1022
2740,1022
2741,0
2742,0
2743,0
2744,0
2745,0
2746,0
2747,0
2748,0
2749,1022
2750,1022
2751,1022
2752,1022
2753,1022
2754,1022
2755,1022
2756,1022
2757,1022
2758,0
2759,0
2760,0
2761,0
2762,0
2763,0
2764,0
2765,0
2766,1023
2767,1022
2768,1022
2769,1022
2770,1022
2771,1022
2772,1022
2773,1022
2774,0
2775,0
2776,0
2777,0
2778,0
2779,0
2780,0
2781,0
2782,1021
2783,1022
2784,1022
2785,1022
2786,1022
2787,1022
2788,1021
2789,1022
2790,1022
2791,0
2792,0
2793,0
2794,0
2795,0
2796,0
2797,0
2798,0
2799,1022
2800,1022
2801,1022
2802,1022
2803,1022
2804,1022
2805,1022
2806,1022
2807,0
2808,0
2809,0
2810,0
2811,0
2812,0
2813,0
2814,0
2815,0
2816,1022
2817,1021
2818,1022
2819,1022
2820,1022
2821,1022
2822,1022
2823,1022
2824,0
2825,0
2826,0
2827,0
2828,0
2829,0
2830,0
2831,0
2832,1022
2833,1022
2834,1022
2835,1022
2836,1022
2837,1022
2838,1022
2839,1022
2840,1022
2841,0
2842,0
2843,0
2844,0
2845,0
2846,0
2847,0
2848,0
2849,1022
2850,1022
2851,1022
2852,1022
2853,1022
2854,1022
2855,1022
2856,1022
2857,0
2858,0
2859,0
2860,0
2861,0
2862,0
2863,0
2864,0
2865,0
2866,1022
2867,1022
2868,1021
2869,1022
2870,1021
2871,1022
2872,1022
2873,1021
2874,0
2875,0
2876,0
2877,0
2878,0
2879,0
2880,0
2881,0
2882,1022
2883,1022
2884,1022
2885,1022
2886,1022
2887,1022
2888,1022
2889,1022
2890,1022
2891,0
2892,0
2893,0
2894,0
2895,0
2896,0
2897,0
2898,0
2899,1022
2900,1022
2901,1022
2902,1022
2903,1022
2904,1023
2905,1022
2906,1022
2907,0
2908,0
2909,0
2910,0
2911,0
2912,0
2913,0
2914,0
2915,0
2916,1022
2917,1022
2918,1022
2919,1022
2920,1022
2921,1022
2922,1022
2923,1022
2924,0
2925,0
2926,0
2927,0
2928,0
2929,0
2930,0
2931,0
2932,1022
2933,1022
2934,1022
2935,1022
2936,1022
2937,1022
2938,1022
2939,1022
2940,1022
2941,0
2942,0
2943,0
2944,0
2945,0
2946,0
2947,0
2948,0
2949,1022
2950,1022
2951,1021
2952,1021
2953,1021
2954,1022
2955,1021
2956,1021
2957,0
2958,0
2959,0
2960,0
2961,0
2962,0
2963,0
2964,0
2965,0
2966,1022
2967,1022
2968,1022
2969,1022
2970,1022
2971,1022
2972,1022
2973,1022
2974,0
2975,0
2976,0
2977,0
2978,0
2979,0
2980,0
2981,0
2982,1022
2983,1022
2984,1022
2985,1020
2986,1022
2987,1022
2988,1022
2989,1022
2990,0
2991,0
2992,0
2993,0
2994,0
2995,0
2996,0
2997,0
2998,0
2999,1022
3000,1022
3001,1022
3002,1021
3003,1021
3004,1021
3005,1022
3006,1022
3007,0
3008,0
3009,0
3010,0
3011,0
3012,0
3013,0
3014,0
3015,1022
3016,1022
3017,1022
3018,1022
3019,1022
3020,1022
3021,1022
3022,1022
3023,1022
3024,0
3025,0
3026,0
3027,0
3028,0
3029,0
3030,0
3031,0
3032,1022
3033,1022
3034,1022
3035,1022
3036,1022
3037,1022
3038,1022
3039,1022
3040,0
3041,0
3042,0
3043,0
3044,0
3045,0
3046,0
3047,0
3048,0
3049,1022
3050,1022
3051,1021
3052,1022
3053,1022
3054,1022
3055,1022
3056,1022
3057,0
3058,0
3059,0
3060,0
3061,0
3062,0
3063,0
3064,0
3065,1022
3066,1022
3067,1022
3068,1022
3069,1021
3070,1022
3071,1022
3072,1022
3073,1022
3074,0
3075,0
3076,0
3077,0
3078,0
3079,0
3080,0
3081,0
3082,1021
3083,1022
3084,1022
3085,1022
3086,1022
3087,1022
3088,1022
3089,1022
3090,0
3091,0
3092,0
3093,0
3094,0
3095,0
3096,0
3097,0
3098,0
3099,1022
3100,1022
3101,1022
3102,1022
3103,1022
3104,1022
3105,1022
3106,1022
3107,0
3108,0
3109,0
3110,0
3111,0
3112,0
3113,0
3114,0
3115,1022
3116,1023
3117,1022
3118,1022
3119,1022
3120,1022
3121,1022
3122,1022
3123,1022
3124,0
3125,0
3126,0
3127,0
3128,0
3129,0
3130,0
3131,0
3132,1022
3133,1022
3134,1022
3135,1022
3136,1021
3137,1022
3138,1022
3139,1022
3140,0
3141,0
3142,0
3143,0
3144,0
3145,0
3146,0
3147,0
3148,0
3149,1022
3150,1022
3151,1022
3152,1022
3153,1022
3154,1022
3155,1022
3156,1022
3157,0
3158,0
3159,0
3160,0
3161,0
3162,0
3163,0
3164,0
3165,1021
3166,1022
3167,1021
3168,1021
3169,1022
3170,1022
3171,1022
3172,1022
3173,1022
3174,0
3175,0
3176,0
3177,0
3178,0
3179,0
3180,0
3181,0
3182,1022
3183,1022
3184,1022
3185,1022
3186,1021
3187,1022
3188,1022
3189,1022
3190,0
3191,0
3192,0
3193,0
3194,0
3195,0
3196,0
3197,0
3198,1022
3199,1023
3200,1022
3201,1021
3202,1022
3203,1022
3204,1022
3205,1022
3206,1022
3207,0
3208,0
3209,0
3210,0
3211,0
3212,0
3213,0
3214,0
3215,1022
3216,1022
3217,1022
3218,1022
3219,1022
3220,1022
3221,1022
3222,1022
3223,0
3224,0
3225,0
3226,0
3227,0
3228,0
3229,0
3230,0
3231,0
3232,1022
3233,1022
3234,1022
3235,1022
3236,1022
3237,1021
3238,1022
3239,1022
3240,0
3241,0
3242,0
3243,0
3244,0
3245,0
3246,0
3247,0
3248,1021
3249,1022
3250,1023
3251,1022
3252,1022
3253,1022
3254,1022
3255,1022
3256,1022
3257,0
3258,0
3259,0
3260,0
3261,0
3262,0
3263,0
3264,0
3265,1022
3266,1022
3267,1022
3268,1022
3269,1021
3270,1021
3271,1021
3272,1021
3273,0
3274,0
3275,0
3276,0
3277,0
3278,0
3279,0
3280,0
3281,0
3282,1022
3283,1022
3284,1022
3285,1022
3286,1021
3287,1021
3288,1022
3289,1022
3290,0
3291,0
3292,0
3293,0
3294,0
3295,0
3296,0
3297,0
3298,1022
3299,1022
3300,1022
3301,1022
3302,1022
3303,1022
3304,1022
3305,1022
3306,1022
3307,0
3308,0
3309,0
3310,0
3311,0
3312,0
3313,0
3314,0
3315,1022
3316,1021
3317,1022
3318,1022
3319,1022
3320,1022
3321,1022
3322,1022
3323,0
3324,0
3325,0
3326,0
3327,0
3328,0
3329,0
3330,0
3331,0
3332,1022
3333,1022
3334,1023
3335,1022
3336,1022
3337,1022
3338,1022
3339,1022
3340,0
3341,0
3342,0
3343,0
3344,0
3345,0
3346,0
3347,0
3348,1022
3349,1021
3350,1022
3351,1022
3352,1022
3353,1022
3354,1022
3355,1022
3356,1022
3357,0
3358,0
3359,0
3360,0
3361,0
3362,0
3363,0
3364,0
3365,1022
3366,1022
3367,1022
3368,1022
3369,1022
3370,1022
3371,1022
3372,1022
3373,0
3374,0
3375,0
3376,0
3377,0
3378,0
3379,0
3380,0
3381,0
3382,1022
3383,1022
3384,1022
3385,1022
3386,1022
3387,1022
3388,1022
3389,1022
3390,0
3391,0
3392,0
3393,0
3394,0
3395,0
3396,0
3397,0
3398,1021
3399,1022
3400,1022
3401,1022
3402,1022
3403,1022
3404,1022
3405,1022
3406,0
3407,0
3408,0
3409,0
3410,0
3411,0
3412,0
3413,0
3414,0
3415,1022
3416,1022
3417,1022
3418,1022
3419,1022
3420,1022
3421,1021
3422,1022
3423,0
3424,0
3425,0
3426,0
3427,0
3428,0
3429,0
3430,0
3431,1022
3432,1022
3433,1022
3434,1022
3435,1022
3436,1022
3437,1022
3438,1022
3439,1022
3440,0
3441,0
3442,0
3443,0
3444,0
3445,0
3446,0
3447,0
3448,1022
3449,1022
3450,1022
3451,1022
3452,1022
3453,1022
3454,1022
3455,1022
3456,0
3457,0
3458,0
3459,0
3460,0
3461,0
3462,0
3463,0
3464,0
3465,1022
3466,1022
3467,1022
3468,1021
3469,1022
3470,1021
3471,1022
3472,1022
3473,0
3474,0
3475,0
3476,0
3477,0
3478,0
3479,0
3480,0
3481,1022
3482,1022
3483,1022
3484,1022
3485,1022
3486,1022
3487,1022
3488,1022
3489,1022
3490,0
3491,0
3492,0
3493,0
3494,0
3495,0
3496,0
3497,0
3498,1022
3499,1022
3500,1022
3501,1022
3502,1022
3503,1021
3504,1022
3505,1022
3506,0
3507,0
3508,0
3509,0
3510,0
3511,0
3512,0
3513,0
3514,0
3515,1022
3516,1022
3517,1022
3518,1022
3519,1022
3520,1022
3521,1022
3522,1022
3523,0
3524,0
3525,0
3526,0
3527,0
3528,0
3529,0
3530,0
3531,1022
3532,1022
3533,1022
3534,1022
3535,1022
3536,1022
3537,1022
3538,1022
3539,1022
3540,0
3541,0
3542,0
3543,0
3544,0
3545,0
3546,0
3547,0
3548,1022
3549,1022
3550,1021
3551,1022
3552,1022
3553,1022
3554,1022
3555,1022
3556,0
3557,0
3558,0
3559,0
3560,0
3561,0
3562,0
3563,0
3564,0
3565,1022
3566,1021
3567,1022
3568,1022
3569,1022
3570,1022
3571,1022
3572,1022
3573,0
3574,0
3575,0
3576,0
3577,0
3578,0
3579,0
3580,0
3581,1022
3582,1022
3583,1021
3584,1021
3585,1022
3586,1022
3587,1022
3588,1022
3589,1022
3590,0
3591,0
3592,0
3593,0
3594,0
3595,0
3596,0
3597,0
3598,1022
3599,1022
3600,1022
3601,1022
3602,1022
3603,1022
3604,1022
3605,1022
3606,0
3607,0
3608,0
3609,0
3610,0
3611,0
3612,0
3613,0
3614,1022
3615,1022
3616,1022
3617,1022
3618,1022
3619,1022
3620,1022
3621,1022
3622,1022
3623,0
3624,0
3625,0
3626,0
3627,0
3628,0
3629,0
3630,0
3631,1022
3632,1022
3633,1022
3634,1022
3635,1021
3636,1022
3637,1022
3638,1022
3639,0
3640,0
3641,0
3642,0
3643,0
3644,0
3645,0
3646,0
3647,0
3648,1022
3649,1022
3650,1022
3651,1022
3652,1022
3653,1022
3654,1022
3655,1022
3656,0
3657,0
3658,0
3659,0
3660,0
3661,0
3662,0
3663,0
3664,1022
3665,1021
3666,1021
3667,1021
3668,1021
3669,1022
3670,1022
3671,1022
3672,1022
3673,0
3674,0
3675,0
3676,0
3677,0
3678,0
3679,0
3680,0
3681,1022
3682,1022
3683,1022
3684,1022
3685,1022
3686,1022
3687,1022
3688,1022
3689,0
3690,0
3691,0
3692,0
3693,0
3694,0
3695,0
3696,0
3697,0
3698,1022
3699,1022
3700,1022
3701,1022
3702,1021
3703,1022
3704,1022
3705,1022
3706,0
3707,0
3708,0
3709,0
3710,0
3711,0
3712,0
3713,0
3714,1022
3715,1022
3716,1022
3717,1021
3718,1021
3719,1022
3720,1022
3721,1022
3722,1022
3723,0
3724,0
3725,0
3726,0
3727,0
3728,0
3729,0
3730,0
3731,1022
3732,1022
3733,1022
3734,1022
3735,1022
3736,1022
3737,1022
3738,1022
3739,0
3740,0
3741,0
3742,0
3743,0
3744,0
3745,0
3746,0
3747,0
3748,1022
3749,1022
3750,1022
3751,1022
3752,1022
3753,1022
3754,1022
3755,1022
3756,0
3757,0
3758,0
3759,0
3760,0
3761,0
3762,0
3763,0
3764,1022
3765,1022
3766,1022
3767,1022
3768,1022
3769,1022
3770,1022
3771,1022
3772,1021
3773,0
3774,0
3775,0
3776,0
3777,0
3778,0
3779,0
3780,0
3781,1022
3782,1022
3783,1022
3784,1022
3785,1021
3786,1022
3787,1022
3788,1021
3789,0
3790,0
3791,0
3792,0
3793,0
3794,0
3795,0
3796,0
3797,0
3798,1022
3799,1021
3800,1022
3801,1021
3802,1022
3803,1022
3804,1022
3805,1022
3806,0
3807,0
3808,0
3809,0
3810,0
3811,0
3812,0
3813,0
3814,1022
3815,1022
3816,1022
3817,1022
3818,1022
3819,1022
3820,1022
3821,1022
3822,0
3823,0
3824,0
3825,0
3826,0
3827,0
3828,0
3829,0
3830,0
3831,1022
3832,1022
3833,1022
3834,1022
3835,1022
3836,1022
3837,1022
3838,1022
3839,0
3840,0
3841,0
3842,0
3843,0
3844,0
3845,0
3846,0
3847,1022
3848,1022
3849,1022
3850,1022
3851,1022
3852,1022
3853,1022
3854,1022
3855,1022
3856,0
3857,0
3858,0
3859,0
3860,0
3861,0
3862,0
3863,0
3864,1022
3865,1022
3866,1022
3867,1022
3868,1022
3869,1022
3870,1022
3871,1022
3872,0
3873,0
3874,0
3875,0
3876,0
3877,0
3878,0
3879,0
3880,0
3881,1022
3882,1022
3883,1022
3884,1021
3885,1021
3886,1022
3887,1022
3888,1022
3889,0
3890,0
3891,0
3892,0
3893,0
3894,0
3895,0
3896,0
3897,1022
3898,1022
3899,1021
3900,1022
3901,1021
3902,1022
3903,1022
3904,1021
3905,1022
3906,0
3907,0
3908,0
3909,0
3910,0
3911,0
3912,0
3913,0
3914,1022
3915,1022
3916,1022
3917,1022
3918,1022
3919,1022
3920,1022
3921,1022
3922,0
3923,0
3924,0
3925,0
3926,0
3927,0
3928,0
3929,0
3930,0
3931,1022
3932,1022
3933,1022
3934,1022
3935,1021
3936,1022
3937,1022
3938,1022
3939,0
3940,0
3941,0
3942,0
3943,0
3944,0
3945,0
3946,0
3947,1022
3948,1023
3949,1022
3950,1022
3951,1022
3952,1022
3953,1022
3954,1021
3955,1022
3956,0
3957,0
3958,0
3959,0
3960,0
3961,0
3962,0
3963,0
3964,1021
3965,1022
3966,1022
3967,1022
3968,1022
3969,1021
3970,1022
3971,1022
3972,0
3973,0
3974,0
3975,0
3976,0
3977,0
3978,0
3979,0
3980,0
3981,1022
3982,1022
3983,1022
3984,1022
3985,1021
3986,1021
3987,1021
3988,1023
3989,0
3990,0
3991,0
3992,0
3993,0
3994,0
3995,0
3996,0
3997,1022
3998,1022
3999,1022
4000,1022
4001,1022
4002,1022
4003,1022
4004,1022
4005,1022
4006,0
4007,0
4008,0
4009,0
4010,0
4011,0
4012,0
4013,0
4014,1022
4015,1022
4016,1022
4017,1022
4018,1022
4019,1022
4020,1022
4021,1022
4022,0
4023,0
4024,0
4025,0
4026,0
4027,0
4028,0
4029,0
4030,1022
4031,1022
4032,1022
4033,1022
4034,1022
4035,1022
4036,1022
4037,1022
4038,1022
4039,0
4040,0
4041,0
4042,0
4043,0
4044,0
4045,0
4046,0
4047,1022
4048,1022
4049,1022
4050,1022
4051,1022
4052,1022
4053,1022
4054,1022
4055,0
4056,0
4057,0
4058,0
4059,0
4060,0
4061,0
4062,0
4063,0
4064,1023
4065,1022
4066,1022
4067,1021
4068,1022
4069,1022
4070,1021
4071,1022
4072,0
4073,0
4074,0
4075,0
4076,0
4077,0
4078,0
4079,0
4080,1022
4081,1022
4082,1022
4083,1022
4084,1022
4085,1022
4086,1022
4087,1022
4088,1022
4089,0
4090,0
4091,0
4092,0
4093,0
4094,0
4095,0
4096,0
4097,1022
4098,1022
4099,1022
4100,1022
4101,1022
4102,1022
4103,1022
4104,1021
4105,0
4106,0
4107,0
4108,0
4109,0
4110,0
4111,0
4112,0
4113,0
4114,1021
4115,1022
4116,1022
4117,1022
4118,1022
4119,1022
4120,1021
4121,1022
4122,0
4123,0
4124,0
4125,0
4126,0
4127,0
4128,0
4129,0
4130,1022
4131,1022
4132,1022
4133,1022
4134,1022
4135,1021
4136,1022
4137,1021
4138,1022
4139,0
4140,0
4141,0
4142,0
4143,0
4144,0
4145,0
4146,0
4147,1022
4148,1022
4149,1022
4150,1022
4151,1021
4152,1022
4153,1022
4154,1022
4155,0
4156,0
4157,0
4158,0
4159,0
4160,0
4161,0
4162,0
4163,0
4164,1022
4165,1022
4166,1022
4167,1022
4168,1022
4169,1022
4170,1022
4171,1022
4172,0
4173,0
4174,0
4175,0
4176,0
4177,0
4178,0
4179,0
4180,1022
4181,1022
4182,1022
4183,1022
4184,1022
4185,1022
4186,1022
4187,1022
4188,1022
4189,0
4190,0
4191,0
4192,0
4193,0
4194,0
4195,0
4196,0
4197,1022
4198,1022
4199,1022
4200,1022
4201,1022
4202,1022
4203,1022
4204,1022
4205,0
4206,0
4207,0
4208,0
4209,0
4210,0
4211,0
4212,0
4213,0
4214,1022
4215,1021
4216,1022
4217,1021
4218,1021
4219,1021
4220,1022
4221,1021
4222,0
4223,0
4224,0
4225,0
4226,0
4227,0
4228,0
4229,0
4230,1022
4231,1022
4232,1022
4233,1022
4234,1022
4235,1022
4236,1022
4237,1022
4238,0
4239,0
4240,0
4241,0
4242,0
4243,0
4244,0
4245,0
4246,0
4247,1022
4248,1022
4249,1022
4250,1022
4251,1022
4252,1022
4253,1022
4254,1022
4255,0
4256,0
4257,0
4258,0
4259,0
4260,0
4261,0
4262,0
4263,1022
4264,1022
4265,1022
4266,1022
4267,1022
4268,1022
4269,1022
4270,1021
4271,1022
4272,0
4273,0
4274,0
4275,0
4276,0
4277,0
4278,0
4279,0
4280,1022
4281,1022
4282,1022
4283,1022
4284,1022
4285,1022
4286,1022
4287,1022
4288,0
4289,0
4290,0
4291,0
4292,0
4293,0
4294,0
4295,0
4296,0
4297,1022
4298,1021
4299,1021
4300,1021
4301,1021
4302,1021
4303,1021
4304,1021
4305,0
4306,0
4307,0
4308,0
4309,0
4310,0
4311,0
4312,0
4313,1022
4314,1022
4315,1022
4316,1022
4317,1022
4318,1022
4319,1022
4320,1022
4321,1022
4322,0
4323,0
4324,0
4325,0
4326,0
4327,0
4328,0
4329,0
4330,1022
4331,1022
4332,1022
4333,1022
4334,1022
4335,1022
4336,1022
4337,1021
4338,0
4339,0
4340,0
4341,0
4342,0
4343,0
4344,0
4345,0
4346,0
4347,1022
4348,1022
4349,1022
4350,1022
4351,1021
4352,1022
4353,1021
4354,1021
4355,0
4356,0
4357,0
4358,0
4359,0
4360,0
4361,0
4362,0
4363,1022
4364,1022
4365,1022
4366,1022
4367,1022
4368,1022
4369,1022
4370,1022
4371,1022
4372,0
4373,0
4374,0
4375,0
4376,0
4377,0
4378,0
4379,0
4380,1022
4381,1022
4382,1022
4383,1022
4384,1022
4385,1022
4386,1022
4387,1022
4388,0
4389,0
4390,0
4391,0
4392,0
4393,0
4394,0
4395,0
4396,0
4397,1022
4398,1022
4399,1022
4400,1022
4401,1022
4402,1022
4403,1022
4404,1022
4405,0
4406,0
4407,0
4408,0
4409,0
4410,0
4411,0
4412,0
4413,1022
4414,1022
4415,1022
4416,1022
4417,1022
4418,1022
4419,1021
4420,1022
4421,1022
4422,0
4423,0
4424,0
4425,0
4426,0
4427,0
4428,0
4429,0
4430,1022
4431,1022
4432,1022
4433,1022
4434,1022
4435,1022
4436,1022
4437,1022
4438,0
4439,0
4440,0
4441,0
4442,0
4443,0
4444,0
4445,0
4446,1022
4447,1022
4448,1022
4449,1022
4450,1022
4451,1022
4452,1022
4453,1022
4454,1021
4455,0
4456,0
4457,0
4458,0
4459,0
4460,0
4461,0
4462,0
4463,1022
4464,1022
4465,1022
4466,1022
4467,1022
4468,1022
4469,1022
4470,1022
4471,0
4472,0
4473,0
4474,0
4475,0
4476,0
4477,0
4478,0
4479,0
4480,1022
4481,1022
4482,1022
4483,1022
4484,1022
4485,1022
4486,1022
4487,1022
4488,0
4489,0
4490,0
4491,0
4492,0
4493,0
4494,0
4495,0
4496,1022
4497,1022
4498,1022
4499,1022
4500,1022
4501,1022
4502,1022
4503,1022
4504,1022
4505,0
4506,0
4507,0
4508,0
4509,0
4510,0
4511,0
4512,0
4513,1022
4514,1022
4515,1022
4516,1022
4517,1022
4518,1022
4519,1022
4520,1022
4521,0
4522,0
4523,0
4524,0
4525,0
4526,0
4527,0
4528,0
4529,0
4530,1022
4531,1022
4532,1022
4533,1022
4534,1022
4535,1022
4536,1022
4537,1022
4538,0
4539,0
4540,0
4541,0
4542,0
4543,0
4544,0
4545,0
4546,1022
4547,1022
4548,1022
4549,1022
4550,1022
4551,1022
4552,1022
4553,1022
4554,1022
4555,0
4556,0
4557,0
4558,0
4559,0
4560,0
4561,0
4562,0
4563,1022
4564,1022
4565,1022
4566,1022
4567,1022
4568,1022
4569,1022
4570,1022
4571,0
4572,0
4573,0
4574,0
4575,0
4576,0
4577,0
4578,0
4579,0
4580,1022
4581,1022
4582,1022
4583,1022
4584,1021
4585,1022
4586,1021
4587,1022
4588,0
4589,0
4590,0
4591,0
4592,0
4593,0
4594,0
4595,0
4596,1022
4597,1022
4598,1023
4599,1022
4600,1022
4601,1022
4602,1022
4603,1021
4604,1022
4605,0
4606,0
4607,0
4608,0
4609,0
4610,0
4611,0
4612,0
4613,1022
4614,1022
4615,1022
4616,1022
4617,1022
4618,1022
4619,1022
4620,1022
4621,0
4622,0
4623,0
4624,0
4625,0
4626,0
4627,0
4628,0
4629,0
4630,1022
4631,1022
4632,1022
4633,1022
4634,1022
4635,1022
4636,1022
4637,1022
4638,0
4639,0
4640,0
4641,0
4642,0
4643,0
4644,0
4645,0
4646,1022
4647,1022
4648,1022
4649,1022
4650,1022
4651,1022
4652,1022
4653,1022
4654,0
4655,0
4656,0
4657,0
4658,0
4659,0
4660,0
4661,0
4662,0
4663,1022
4664,1022
4665,1022
4666,1022
4667,1022
4668,1022
4669,1022
4670,1022
4671,0
4672,0
4673,0
4674,0
4675,0
4676,0
4677,0
4678,0
4679,1022
4680,1022
4681,1022
4682,1022
4683,1022
4684,1022
4685,1022
4686,1022
4687,1022
4688,0
4689,0
4690,0
4691,0
4692,0
4693,0
4694,0
4695,0
4696,1022
4697,1022
4698,1022
4699,1022
4700,1022
4701,1022
4702,1022
4703,1022
4704,0
4705,0
4706,0
4707,0
4708,0
4709,0
4710,0
4711,0
4712,0
4713,1022
4714,1022
4715,1022
4716,1022
4717,1022
4718,1022
4719,1022
4720,1022
4721,0
4722,0
4723,0
4724,0
4725,0
4726,0
4727,0
4728,0
4729,1022
4730,1022
4731,1022
4732,1022
4733,1022
4734,1022
4735,1022
4736,1022
4737,1021
4738,0
4739,0
4740,0
4741,0
4742,0
4743,0
4744,0
4745,0
4746,1022
4747,1022
4748,1022
4749,1022
4750,1022
4751,1022
4752,1022
4753,1022
4754,0
4755,0
4756,0
4757,0
4758,0
4759,0
4760,0
4761,0
4762,0
4763,1022
4764,1022
4765,1021
4766,1022
4767,1022
4768,1022
4769,1022
4770,1022
4771,0
4772,0
4773,0
4774,0
4775,0
4776,0
4777,0
4778,0
4779,1022
4780,1022
4781,1022
4782,1022
4783,1022
4784,1022
4785,1022
4786,1022
4787,1022
4788,0
4789,0
4790,0
4791,0
4792,0
4793,0
4794,0
4795,0
4796,1022
4797,1022
4798,1022
4799,1022
4800,1022
4801,1022
4802,1022
4803,1021
4804,0
4805,0
4806,0
4807,0
4808,0
4809,0
4810,0
4811,0
4812,0
4813,1022
4814,1022
4815,1022
4816,1022
4817,1022
4818,1022
4819,1022
4820,1022
4821,0
4822,0
4823,0
4824,0
4825,0
4826,0
4827,0
4828,0
4829,1022
4830,1022
4831,1022
4832,1022
4833,1022
4834,1022
4835,1022
4836,1022
4837,1022
4838,0
4839,0
4840,0
4841,0
4842,0
4843,0
4844,0
4845,0
4846,1022
4847,1022
4848,1022
4849,1022
4850,1022
4851,1022
4852,1021
4853,1022
4854,0
4855,0
4856,0
4857,0
4858,0
4859,0
4860,0
4861,0
4862,1022
4863,1022
4864,1022
4865,1022
4866,1022
4867,1022
4868,1022
4869,1022
4870,1022
4871,0
4872,0
4873,0
4874,0
4875,0
4876,0
4877,0
4878,0
4879,1022
4880,1022
4881,1022
4882,1021
4883,1022
4884,1022
4885,1022
4886,1021
4887,0
4888,0
4889,0
4890,0
4891,0
4892,0
4893,0
4894,0
4895,0
4896,1022
4897,1022
4898,1022
4899,1022
4900,1022
4901,1022
4902,1022
4903,1021
4904,0
4905,0
4906,0
4907,0
4908,0
4909,0
4910,0
4911,0
4912,1022
4913,1022
4914,1022
4915,1022
4916,1022
4917,1022
4918,1022
4919,1021
4920,1022
4921,0
4922,0
4923,0
4924,0
4925,0
4926,0
4927,0
4928,0
4929,1022
4930,1022
4931,1022
4932,1022
4933,1022
4934,1022
4935,1022
4936,1022
4937,0
4938,0
4939,0
4940,0
4941,0
4942,0
4943,0
4944,0
4945,0
4946,1022
4947,1022
4948,1022
4949,1022
4950,1022
4951,1022
4952,1022
4953,1022
4954,0
4955,0
4956,0
4957,0
4958,0
4959,0
4960,0
4961,0
4962,1022
4963,1022
4964,1022
4965,1022
4966,1022
4967,1022
4968,1023
4969,1022
4970,1022
4971,0
4972,0
4973,0
4974,0
4975,0
4976,0
4977,0
4978,0
4979,1022
4980,1022
4981,1022
4982,1022
4983,1022
4984,1022
4985,1022
4986,1022
4987,0
4988,0
4989,0
4990,0
4991,0
4992,0
4993,0
4994,0
4995,0
4996,1022
4997,1022
4998,1022
4999,1022
5000,1022
5001,1022
5002,1022
5003,1022
5004,0
5005,0
5006,0
5007,0
5008,0
5009,0
5010,0
5011,0
5012,1021
5013,1022
5014,1022
5015,1022
5016,1022
5017,1022
5018,1022
5019,1022
5020,1022
5021,0
5022,0
5023,0
5024,0
5025,0
5026,0
5027,0
5028,0
5029,1022
5030,1022
5031,1021
5032,1022
5033,1023
5034,1022
5035,1022
5036,1022
5037,0
5038,0
5039,0
5040,0
5041,0
5042,0
5043,0
5044,0
5045,0
5046,1022
5047,1022
5048,1022
5049,1022
5050,1022
5051,1022
5052,1022
5053,1022
5054,0
5055,0
5056,0
5057,0
5058,0
5059,0
5060,0
5061,0
5062,1022
5063,1022
5064,1022
5065,1022
5066,1022
5067,1022
5068,1022
5069,1022
5070,0
5071,0
5072,0
5073,0
5074,0
5075,0
5076,0
5077,0
5078,0
5079,1022
5080,1022
5081,1021
5082,1022
5083,1022
5084,1023
5085,1021
5086,1021
5087,0
5088,0
5089,0
5090,0
5091,0
5092,0
5093,0
5094,0
5095,1021
5096,1022
5097,1022
5098,1022
5099,1022
5100,1022
5101,1022
5102,1022
5103,1022
5104,0
5105,0
5106,0
5107,0
5108,0
5109,0
5110,0
5111,0
5112,1022
5113,1022
5114,1022
5115,1022
5116,1021
5117,1022
5118,1022
5119,1022
5120,0
5121,0
5122,0
5123,0
5124,0
5125,0
5126,0
5127,0
5128,0
5129,1022
5130,1022
5131,1022
5132,1022
5133,1022
5134,1022
5135,1022
5136,1022
5137,0
5138,0
5139,0
5140,0
5141,0
5142,0
5143,0
5144,0
5145,1022
5146,1022
5147,1022
5148,1022
5149,1021
5150,1022
5151,1022
5152,1022
5153,1022
5154,0
5155,0
5156,0
5157,0
5158,0
5159,0
5160,0
5161,0
5162,1022
5163,1022
5164,1022
5165,1022
5166,1022
5167,1021
5168,1023
5169,1022
5170,0
5171,0
5172,0
5173,0
5174,0
5175,0
5176,0
5177,0
5178,0
5179,1022
5180,1022
5181,1022
5182,1022
5183,1022
5184,1022
5185,1023
5186,1022
5187,0
5188,0
5189,0
5190,0
5191,0
5192,0
5193,0
5194,0
5195,1022
5196,1023
5197,1021
5198,1022
5199,1022
5200,1023
5201,1022
5202,1022
5203,1022
5204,0
5205,0
5206,0
5207,0
5208,0
5209,0
5210,0
5211,0
5212,1022
5213,1022
5214,1022
5215,1022
5216,1022
5217,1022
5218,1022
5219,1022
5220,0
5221,0
5222,0
5223,0
5224,0
5225,0
5226,0
5227,0
5228,0
5229,1022
5230,1022
5231,1022
5232,1022
5233,1022
5234,1022
5235,1022
5236,1022
5237,0
5238,0
5239,0
5240,0
5241,0
5242,0
5243,0
5244,0
5245,1022
5246,1022
5247,1022
5248,1022
5249,1022
5250,1021
5251,1022
5252,1022
5253,1022
5254,0
5255,0
5256,0
5257,0
5258,0
5259,0
5260,0
5261,0
5262,1022
5263,1022
5264,1022
5265,1022
5266,1022
5267,1021
5268,1022
5269,1021
5270,0
5271,0
5272,0
5273,0
5274,0
5275,0
5276,0
5277,0
5278,1022
5279,1022
5280,1022
5281,1022
5282,1022
5283,1022
5284,1022
5285,1022
5286,1022
5287,0
5288,0
5289,0
5290,0
5291,0
5292,0
5293,0
5294,0
5295,1022
5296,1022
5297,1022
5298,1022
5299,1022
5300,1022
5301,1022
5302,1022
5303,0
5304,0
5305,0
5306,0
5307,0
5308,0
5309,0
5310,0
5311,0
5312,1022
5313,1022
5314,1022
5315,1022
5316,1022
5317,1022
5318,1022
5319,1022
5320,0
5321,0
5322,0
5323,0
5324,0
5325,0
5326,0
5327,0
5328,1021
5329,1021
5330,1022
5331,1022
5332,1022
5333,1022
5334,1022
5335,1022
5336,1022
5337,0
5338,0
5339,0
5340,0
5341,0
5342,0
5343,0
5344,0
5345,1022
5346,1021
5347,1022
5348,1022
5349,1022
5350,1021
5351,1022
5352,1021
5353,0
5354,0
5355,0
5356,0
5357,0
5358,0
5359,0
5360,0
5361,0
5362,1022
5363,1022
5364,1022
5365,1022
5366,1021
5367,1022
5368,1022
5369,1022
5370,0
5371,0
5372,0
5373,0
5374,0
5375,0
5376,0
5377,0
5378,1022
5379,1022
5380,1022
5381,1022
5382,1021
5383,1022
5384,1022
5385,1022
5386,1022
5387,0
5388,0
5389,0
5390,0
5391,0
5392,0
5393,0
5394,0
5395,1022
5396,1022
5397,1022
5398,1023
5399,1022
5400,1022
5401,1022
5402,1022
5403,0
5404,0
5405,0
5406,0
5407,0
5408,0
5409,0
5410,0
5411,0
5412,1022
5413,1022
5414,1022
5415,1022
5416,1022
5417,1022
5418,1022
5419,1022
5420,0
5421,0
5422,0
5423,0
5424,0
5425,0
5426,0
5427,0
5428,1021
5429,1021
5430,1021
5431,1022
5432,1021
5433,1021
5434,1022
5435,1022
5436,1022
5437,0
5438,0
5439,0
5440,0
5441,0
5442,0
5443,0
5444,0
5445,1022
5446,1022
5447,1022
5448,1022
5449,1022
5450,1022
5451,1022
5452,1022
5453,0
5454,0
5455,0
5456,0
5457,0
5458,0
5459,0
5460,0
5461,0
5462,1022
5463,1022
5464,1022
5465,1022
5466,1022
5467,1022
5468,1022
5469,1022
5470,0
5471,0
5472,0
5473,0
5474,0
5475,0
5476,0
5477,0
5478,1022
5479,1022
5480,1022
5481,1022
5482,1022
5483,1022
5484,1022
5485,1021
5486,0
5487,0
5488,0
5489,0
5490,0
5491,0
5492,0
5493,0
5494,0
5495,1022
5496,1022
5497,1022
5498,1022
5499,1022
5500,1022
5501,1022
5502,1022
5503,0
5504,0
5505,0
5506,0
5507,0
5508,0
5509,0
5510,0
5511,1021
5512,1021
5513,1022
5514,1022
5515,1022
5516,1022
5517,1022
5518,1022
5519,1022
5520,0
5521,0
5522,0
5523,0
5524,0
5525,0
5526,0
5527,0
5528,1022
5529,1022
5530,1022
5531,1022
5532,1022
5533,1022
5534,1022
5535,1022
5536,0
5537,0
5538,0
5539,0
5540,0
5541,0
5542,0
5543,0
5544,0
5545,1022
5546,1022
5547,1022
5548,1022
5549,1022
5550,1022
5551,1022
5552,1022
5553,0
5554,0
5555,0
5556,0
5557,0
5558,0
5559,0
5560,0
5561,1023
5562,1022
5563,1021
5564,1021
5565,1022
5566,1022
5567,1022
5568,1021
5569,1022
5570,0
5571,0
5572,0
5573,0
5574,0
5575,0
5576,0
5577,0
5578,1022
5579,1022
5580,1022
5581,1021
5582,1022
5583,1022
5584,1022
5585,1021
5586,0
5587,0
5588,0
5589,0
5590,0
5591,0
5592,0
5593,0
5594,0
5595,1022
5596,1022
5597,1022
5598,1022
5599,1022
5600,1022
5601,1022
5602,1022
5603,0
5604,0
5605,0
5606,0
5607,0
5608,0
5609,0
5610,0
5611,1022
5612,1021
5613,1022
5614,1022
5615,1022
5616,1022
5617,1022
5618,1022
5619,1022
5620,0
5621,0
5622,0
5623,0
5624,0
5625,0
5626,0
5627,0
5628,1022
5629,1022
5630,1022
5631,1022
5632,1021
5633,1022
5634,1022
5635,1022
5636,0
5637,0
5638,0
5639,0
5640,0
5641,0
5642,0
5643,0
5644,0
5645,1022
5646,1022
5647,1022
5648,1022
5649,1022
5650,1022
5651,1022
5652,1022
5653,0
5654,0
5655,0
5656,0
5657,0
5658,0
5659,0
5660,0
5661,1022
5662,1022
5663,1022
5664,1022
5665,1022
5666,1022
5667,1022
5668,1022
5669,1022
5670,0
5671,0
5672,0
5673,0
5674,0
5675,0
5676,0
5677,0
5678,1022
5679,1022
5680,1022
5681,1022
5682,1022
5683,1022
5684,1022
5685,1022
5686,0
5687,0
5688,0
5689,0
5690,0
5691,0
5692,0
5693,0
5694,1022
5695,1022
5696,1022
5697,1022
5698,1022
5699,1022
5700,1022
5701,1022
5702,1022
5703,0
5704,0
5705,0
5706,0
5707,0
5708,0
5709,0
5710,0
5711,1022
5712,1022
5713,1022
5714,1022
5715,1021
5716,1022
5717,1022
5718,1022
5719,0
5720,0
5721,0
5722,0
5723,0
5724,0
5725,0
5726,0
5727,0
5728,1023
5729,1022
5730,1022
5731,1022
5732,1022
5733,1022
5734,1022
5735,1021
5736,0
5737,0
5738,0
5739,0
5740,0
5741,0
5742,0
5743,0
5744,1022
5745,1022
5746,1022
5747,1022
5748,1022
5749,1022
5750,1022
5751,1022
5752,1022
5753,0
5754,0
5755,0
5756,0
5757,0
5758,0
5759,0
5760,0
5761,1022
5762,1022
5763,1022
5764,1022
5765,1022
5766,1022
5767,1022
5768,1022
5769,0
5770,0
5771,0
5772,0
5773,0
5774,0
5775,0
5776,0
5777,0
5778,1022
5779,1022
5780,1022
5781,1022
5782,1022
5783,1022
5784,1022
5785,1022
5786,0
5787,0
5788,0
5789,0
5790,0
5791,0
5792,0
5793,0
5794,1022
5795,1022
5796,1022
5797,1022
5798,1022
5799,1022
5800,1022
5801,1022
5802,1022
5803,0
5804,0
5805,0
5806,0
5807,0
5808,0
5809,0
5810,0
5811,1022
5812,1022
5813,1022
5814,1022
5815,1022
5816,1022
5817,1022
5818,1022
5819,0
5820,0
5821,0
5822,0
5823,0
5824,0
5825,0
5826,0
5827,0
5828,1022
5829,1022
5830,1021
5831,1022
5832,1022
5833,1022
5834,1022
5835,1022
5836,0
5837,0
5838,0
5839,0
5840,0
5841,0
5842,0
5843,0
5844,1022
5845,1023
5846,1022
5847,1022
5848,1022
5849,1022
5850,1022
5851,1022
5852,1022
5853,0
5854,0
5855,0
5856,0
5857,0
5858,0
5859,0
5860,0
5861,1022
5862,1022
5863,1021
5864,1022
5865,1022
5866,1022
5867,1022
5868,1022
5869,0
5870,0
5871,0
5872,0
5873,0
5874,0
5875,0
5876,0
5877,0
5878,1021
5879,1021
5880,1021
5881,1022
5882,1022
5883,1022
5884,1022
5885,1021
5886,0
5887,0
5888,0
5889,0
5890,0
5891,0
5892,0
5893,0
5894,1022
5895,1022
5896,1022
5897,1022
5898,1022
5899,1023
5900,1021
5901,1022
5902,0
5903,0
5904,0
5905,0
5906,0
5907,0
5908,0
5909,0
5910,0
5911,1022
5912,1022
5913,1022
5914,1022
5915,1022
5916,1022
5917,1022
5918,1022
5919,0
5920,0
5921,0
5922,0
5923,0
5924,0
5925,0
5926,0
5927,1021
5928,1022
5929,1022
5930,1022
5931,1022
5932,1022
5933,1022
5934,1022
5935,1022
5936,0
5937,0
5938,0
5939,0
5940,0
5941,0
5942,0
5943,0
5944,1022
5945,1022
5946,1022
5947,1022
5948,1022
5949,1022
5950,1022
5951,1022
5952,0
5953,0
5954,0
5955,0
5956,0
5957,0
5958,0
5959,0
5960,0
5961,1022
5962,1022
5963,1022
5964,1022
5965,1022
5966,1022
5967,1022
5968,1022
5969,0
5970,0
5971,0
5972,0
5973,0
5974,0
5975,0
5976,0
5977,1022
5978,1022
5979,1022
5980,1022
5981,1022
5982,1022
5983,1022
5984,1021
5985,1022
5986,0
5987,0
5988,0
5989,0
5990,0
5991,0
5992,0
5993,0
5994,1022
5995,1022
5996,1022
5997,1022
5998,1022
5999,1022
6000,1022
6001,1022
6002,0
6003,0
6004,0
6005,0
6006,0
6007,0
6008,0
6009,0
6010,0
6011,1022
6012,1022
6013,1022
6014,1022
6015,1022
6016,1022
6017,1022
6018,1022
6019,0
6020,0
6021,0
6022,0
6023,0
6024,0
6025,0
6026,0
6027,1021
6028,1022
6029,1022
6030,1022
6031,1022
6032,1022
6033,1022
6034,1022
6035,1022
6036,0
6037,0
6038,0
6039,0
6040,0
6041,0
6042,0
6043,0
6044,1021
6045,1022
6046,1022
6047,1022
6048,1022
6049,1022
6050,1022
6051,1022
6052,0
6053,0
6054,0
6055,0
6056,0
6057,0
6058,0
6059,0
6060,0
6061,1022
6062,1022
6063,1022
6064,1022
6065,1022
6066,1022
6067,1022
6068,1022
6069,0
6070,0
6071,0
6072,0
6073,0
6074,0
6075,0
6076,0
6077,1022
6078,1022
6079,1022
6080,1022
6081,1022
6082,1022
6083,1022
6084,1022
6085,1022
6086,0
6087,0
6088,0
6089,0
6090,0
6091,0
6092,0
6093,0
6094,1022
6095,1022
6096,1022
6097,1022
6098,1022
6099,1022
6100,1022
6101,1022
6102,0
6103,0
6104,0
6105,0
6106,0
6107,0
6108,0
6109,0
6110,1022
6111,1022
6112,1022
6113,1022
6114,1022
6115,1023
6116,1021
6117,1021
6118,1021
6119,0
6120,0
6121,0
6122,0
6123,0
6124,0
6125,0
6126,0
6127,1022
6128,1022
6129,1022
6130,1022
6131,1022
6132,1022
6133,1022
6134,1022
6135,0
6136,0
6137,0
6138,0
6139,0
6140,0
6141,0
6142,0
6143,0
6144,1022
6145,1022
6146,1022
6147,1022
6148,1022
6149,1022
6150,1023
6151,1022
6152,0
6153,0
6154,0
6155,0
6156,0
6157,0
6158,0
6159,0
6160,1022
6161,1022
6162,1022
6163,1022
6164,1022
6165,1022
6166,1022
6167,1022
6168,1022
6169,0
6170,0
6171,0
6172,0
6173,0
6174,0
6175,0
6176,0
6177,1022
6178,1022
6179,1022
6180,1022
6181,1022
6182,1022
6183,1022
6184,1022
6185,0
6186,0
6187,0
6188,0
6189,0
6190,0
6191,0
6192,0
6193,0
6194,1022
6195,1021
6196,1022
6197,1021
6198,1021
6199,1021
6200,1021
6201,1021
6202,0
6203,0
6204,0
6205,0
6206,0
6207,0
6208,0
6209,0
6210,1022
6211,1022
6212,1022
6213,1022
6214,1023
6215,1023
6216,1022
6217,1022
6218,1022
6219,0
6220,0
6221,0
6222,0
6223,0
6224,0
6225,0
6226,0
6227,1021
6228,1022
6229,1022
6230,1022
6231,1022
6232,1022
6233,1022
6234,1021
6235,0
6236,0
6237,0
6238,0
6239,0
6240,0
6241,0
6242,0
6243,0
6244,1022
6245,1022
6246,1022
6247,1022
6248,1022
6249,1022
6250,1022
6251,1022
6252,0
6253,0
6254,0
6255,0
6256,0
6257,0
6258,0
6259,0
6260,1022
6261,1022
6262,1022
6263,1023
6264,1022
6265,1022
6266,1022
6267,1022
6268,1022
6269,0
6270,0
6271,0
6272,0
6273,0
6274,0
6275,0
6276,0
6277,1022
6278,1022
6279,1022
6280,1021
6281,1022
6282,1022
6283,1022
6284,1022
6285,0
6286,0
6287,0
6288,0
6289,0
6290,0
6291,0
6292,0
6293,0
6294,1022
6295,1022
6296,1022
6297,1022
6298,1022
6299,1021
6300,1022
6301,1022
6302,0
6303,0
6304,0
6305,0
6306,0
6307,0
6308,0
6309,0
6310,1022
6311,1022
6312,1022
6313,1022
6314,1022
6315,1022
6316,1022
6317,1022
6318,0
6319,0
6320,0
6321,0
6322,0
6323,0
6324,0
6325,0
6326,0
6327,1022
6328,1022
6329,1022
6330,1022
6331,1022
6332,1022
6333,1022
6334,1022
6335,0
6336,0
6337,0
6338,0
6339,0
6340,0
6341,0
6342,0
6343,1022
6344,1022
6345,1022
6346,1022
6347,1022
6348,1022
6349,1022
6350,1022
6351,1022
6352,0
6353,0
6354,0
6355,0
6356,0
6357,0
6358,0
6359,0
6360,1022
6361,1022
6362,1021
6363,1022
6364,1023
6365,1021
6366,1022
6367,1022
6368,0
6369,0
6370,0
6371,0
6372,0
6373,0
6374,0
6375,0
6376,0
6377,1022
6378,1022
6379,1022
6380,1022
6381,1022
6382,1022
6383,1022
6384,1022
6385,0
6386,0
6387,0
6388,0
6389,0
6390,0
6391,0
6392,0
6393,1022
6394,1022
6395,1022
6396,1022
6397,1022
6398,1022
6399,1022
6400,1022
6401,1022
6402,0
6403,0
6404,0
6405,0
6406,0
6407,0
6408,0
6409,0
6410,1022
6411,1022
6412,1022
6413,1022
6414,1022
6415,1022
6416,1022
6417,1022
6418,0
6419,0
6420,0
6421,0
6422,0
6423,0
6424,0
6425,0
6426,0
6427,1022
6428,1022
6429,1022
6430,1022
6431,1022
6432,1022
6433,1022
6434,1022
6435,0
6436,0
6437,0
6438,0
6439,0
6440,0
6441,0
6442,0
6443,1022
6444,1022
6445,1021
6446,1022
6447,1022
6448,1022
6449,1022
6450,1022
6451,1021
6452,0
6453,0
6454,0
6455,0
6456,0
6457,0
6458,0
6459,0
6460,1022
6461,1022
6462,1023
6463,1021
6464,1022
6465,1022
6466,1022
6467,1022
6468,0
6469,0
6470,0
6471,0
6472,0
6473,0
6474,0
6475,0
6476,0
6477,1022
6478,1022
6479,1022
6480,1022
6481,1022
6482,1022
6483,1022
6484,1022
6485,0
6486,0
6487,0
6488,0
6489,0
6490,0
6491,0
6492,0
6493,1022
6494,1022
6495,1022
6496,1022
6497,1022
6498,1022
6499,1022
6500,1022
6501,1022
6502,0
6503,0
6504,0
6505,0
6506,0
6507,0
6508,0
6509,0
6510,1022
6511,1022
6512,1022
6513,1022
6514,1022
6515,1022
6516,1022
6517,1022
6518,0
6519,0
6520,0
6521,0
6522,0
6523,0
6524,0
6525,0
6526,1022
6527,1022
6528,1022
6529,1021
6530,1022
6531,1022
6532,1022
6533,1022
6534,1022
6535,0
6536,0
6537,0
6538,0
6539,0
6540,0
6541,0
6542,0
6543,1022
6544,1022
6545,1022
6546,1022
6547,1022
6548,1022
6549,1022
6550,1022
6551,0
6552,0
6553,0
6554,0
6555,0
6556,0
6557,0
6558,0
6559,0
6560,1022
6561,1022
6562,1022
6563,1022
6564,1022
6565,1022
6566,1022
6567,1022
6568,0
6569,0
6570,0
6571,0
6572,0
6573,0
6574,0
6575,0
6576,1022
6577,1022
6578,1022
6579,1022
6580,1021
6581,1022
6582,1022
6583,1022
6584,1022
6585,0
6586,0
6587,0
6588,0
6589,0
6590,0
6591,0
6592,0
6593,1021
6594,1022
6595,1022
6596,1022
6597,1022
6598,1022
6599,1022
6600,1022
6601,0
6602,0
6603,0
6604,0
6605,0
6606,0
6607,0
6608,0
6609,0
6610,1022
6611,1022
6612,1022
6613,1022
6614,1022
6615,1022
6616,1022
6617,1022
6618,0
6619,0
6620,0
6621,0
6622,0
6623,0
6624,0
6625,0
6626,1022
6627,1022
6628,1022
6629,1022
6630,1022
6631,1022
6632,1022
6633,1022
6634,1022
6635,0
6636,0
6637,0
6638,0
6639,0
6640,0
6641,0
6642,0
6643,1022
6644,1022
6645,1022
6646,1022
6647,1022
6648,1022
6649,1022
6650,1022
6651,0
6652,0
6653,0
6654,0
6655,0
6656,0
6657,0
6658,0
6659,0
6660,1022
6661,1022
6662,1022
6663,1022
6664,1022
6665,1022
6666,1022
6667,1022
6668,0
6669,0
6670,0
6671,0
6672,0
6673,0
6674,0
6675,0
6676,1022
6677,1022
6678,1022
6679,1022
6680,1022
6681,1022
6682,1022
6683,1022
6684,1022
6685,0
6686,0
6687,0
6688,0
6689,0
6690,0
6691,0
6692,0
6693,1022
6694,1021
6695,1022
6696,1022
6697,1022
6698,1021
6699,1022
6700,1022
6701,0
6702,0
6703,0
6704,0
6705,0
6706,0
6707,0
6708,0
6709,0
6710,1022
6711,1022
6712,1022
6713,1022
6714,1022
6715,1022
6716,1022
6717,1022
6718,0
6719,0
6720,0
6721,0
6722,0
6723,0
6724,0
6725,0
6726,1022
6727,1022
6728,1022
6729,1022
6730,1022
6731,1022
6732,1022
6733,1022
6734,0
6735,0
6736,0
6737,0
6738,0
6739,0
6740,0
6741,0
6742,0
6743,1022
6744,1022
6745,1023
6746,1021
6747,1022
6748,1022
6749,1022
6750,1022
6751,0
6752,0
6753,0
6754,0
6755,0
6756,0
6757,0
6758,0
6759,1022
6760,1022
6761,1022
6762,1022
6763,1022
6764,1022
6765,1022
6766,1022
6767,1022
6768,0
6769,0
6770,0
6771,0
6772,0
6773,0
6774,0
6775,0
6776,1021
6777,1022
6778,1021
6779,1022
6780,1021
6781,1021
6782,1021
6783,1022
6784,0
6785,0
6786,0
6787,0
6788,0
6789,0
6790,0
6791,0
6792,0
6793,1022
6794,1022
6795,1022
6796,1022
6797,1022
6798,1022
6799,1022
6800,1022
6801,0
6802,0
6803,0
6804,0
6805,0
6806,0
6807,0
6808,0
6809,1022
6810,1022
6811,1022
6812,1022
6813,1022
6814,1022
6815,1022
6816,1022
6817,1022
6818,0
6819,0
6820,0
6821,0
6822,0
6823,0
6824,0
6825,0
6826,1022
6827,1022
6828,1022
6829,1021
6830,1021
6831,1021
6832,1021
6833,1022
6834,0
6835,0
6836,0
6837,0
6838,0
6839,0
6840,0
6841,0
6842,0
6843,1022
6844,1022
6845,1022
6846,1022
6847,1022
6848,1022
6849,1022
6850,1022
6851,0
6852,0
6853,0
6854,0
6855,0
6856,0
6857,0
6858,0
6859,1022
6860,1022
6861,1022
6862,1022
6863,1022
6864,1022
6865,1021
6866,1022
6867,1022
6868,0
6869,0
6870,0
6871,0
6872,0
6873,0
6874,0
6875,0
6876,1022
6877,1022
6878,1022
6879,1022
6880,1022
6881,1022
6882,1022
6883,1022
6884,0
6885,0
6886,0
6887,0
6888,0
6889,0
6890,0
6891,0
6892,0
6893,1022
6894,1022
6895,1022
6896,1022
6897,1022
6898,1022
6899,1022
6900,1022
6901,0
6902,0
6903,0
6904,0
6905,0
6906,0
6907,0
6908,0
6909,1021
6910,1022
6911,1021
6912,1022
6913,1021
6914,1021
6915,1021
6916,1022
6917,1021
6918,0
6919,0
6920,0
6921,0
6922,0
6923,0
6924,0
6925,0
6926,1022
6927,1022
6928,1022
6929,1022
6930,1022
6931,1022
6932,1021
6933,1022
6934,0
6935,0
6936,0
6937,0
6938,0
6939,0
6940,0
6941,0
6942,1021
6943,1022
6944,1022
6945,1022
6946,1022
6947,1022
6948,1022
6949,1022
6950,1022
6951,0
6952,0
6953,0
6954,0
6955,0
6956,0
6957,0
6958,0
6959,1022
6960,1022
6961,1022
6962,1022
6963,1022
6964,1022
6965,1022
6966,1022
6967,0
6968,0
6969,0
6970,0
6971,0
6972,0
6973,0
6974,0
6975,0
6976,1022
6977,1022
6978,1022
6979,1022
6980,1022
6981,1022
6982,1022
6983,1022
6984,0
6985,0
6986,0
6987,0
6988,0
6989,0
6990,0
6991,0
6992,1022
6993,1021
6994,1022
6995,1023
6996,1022
6997,1022
6998,1021
6999,1022
7000,1022
7001,0
7002,0
7003,0
7004,0
7005,0
7006,0
7007,0
7008,0
7009,1022
7010,1022
7011,1022
7012,1022
7013,1022
7014,1023
7015,1022
7016,1022
7017,0
7018,0
7019,0
7020,0
7021,0
7022,0
7023,0
7024,0
7025,0
7026,1022
7027,1022
7028,1022
7029,1022
7030,1022
7031,1022
7032,1022
7033,1022
7034,0
7035,0
7036,0
7037,0
7038,0
7039,0
7040,0
7041,0
7042,1022
7043,1022
7044,1022
7045,1022
7046,1022
7047,1022
7048,1022
7049,1022
7050,1022
7051,0
7052,0
7053,0
7054,0
7055,0
7056,0
7057,0
7058,0
7059,1022
7060,1022
7061,1022
7062,1022
7063,1022
7064,1022
7065,1022
7066,1022
7067,0
7068,0
7069,0
7070,0
7071,0
7072,0
7073,0
7074,0
7075,0
7076,1021
7077,1022
7078,1022
7079,1022
7080,1022
7081,1022
7082,1022
7083,1022
7084,0
7085,0
7086,0
7087,0
7088,0
7089,0
7090,0
7091,0
7092,1022
7093,1022
7094,1022
7095,1022
7096,1022
7097,1022
7098,1022
7099,1022
7100,1022
7101,0
7102,0
7103,0
7104,0
7105,0
7106,0
7107,0
7108,0
7109,1022
7110,1022
7111,1022
7112,1022
7113,1022
7114,1022
7115,1022
7116,1022
7117,0
7118,0
7119,0
7120,0
7121,0
7122,0
7123,0
7124,0
7125,0
7126,1022
7127,1022
7128,1022
7129,1022
7130,1022
7131,1022
7132,1022
7133,1022
7134,0
7135,0
7136,0
7137,0
7138,0
7139,0
7140,0
7141,0
7142,1022
7143,1022
7144,1021
7145,1022
7146,1021
7147,1022
7148,1021
7149,1021
7150,0
7151,0
7152,0
7153,0
7154,0
7155,0
7156,0
7157,0
7158,0
7159,1022
7160,1022
7161,1022
7162,1022
7163,1022
7164,1022
7165,1022
7166,1023
7167,0
7168,0
7169,0
7170,0
7171,0
7172,0
7173,0
7174,0
7175,1022
7176,1022
7177,1021
7178,1022
7179,1022
7180,1021
7181,1022
7182,1022
7183,1022
7184,0
7185,0
7186,0
7187,0
7188,0
7189,0
7190,0
7191,0
7192,1022
7193,1022
7194,1022
7195,1022
7196,1022
7197,1022
7198,1022
7199,1022
7200,0
7201,0
7202,0
7203,0
7204,0
7205,0
7206,0
7207,0
7208,0
7209,1021
7210,1022
7211,1021
7212,1022
7213,1022
7214,1022
7215,1022
7216,1022
7217,0
7218,0
7219,0
7220,0
7221,0
7222,0
7223,0
7224,0
7225,1022
7226,1021
7227,1022
7228,1022
7229,1022
7230,1022
7231,1022
7232,1022
7233,1022
7234,0
7235,0
7236,0
7237,0
7238,0
7239,0
7240,0
7241,0
7242,1022
7243,1021
7244,1022
7245,1021
7246,1022
7247,1022
7248,1022
7249,1022
7250,0
7251,0
7252,0
7253,0
7254,0
7255,0
7256,0
7257,0
7258,0
7259,1022
7260,1022
7261,1022
7262,1022
7263,1022
7264,1022
7265,1022
7266,1022
7267,0
7268,0
7269,0
7270,0
7271,0
7272,0
7273,0
7274,0
7275,1022
7276,1022
7277,1022
7278,1022
7279,1022
7280,1022
7281,1022
7282,1022
7283,1022
7284,0
7285,0
7286,0
7287,0
7288,0
7289,0
7290,0
7291,0
7292,1022
7293,1022
7294,1022
7295,1022
7296,1022
7297,1022
7298,1022
7299,1022
7300,0
7301,0
7302,0
7303,0
7304,0
7305,0
7306,0
7307,0
7308,0
7309,1021
7310,1021
7311,1021
7312,1022
7313,1022
7314,1022
7315,1022
7316,1022
7317,0
7318,0
7319,0
7320,0
7321,0
7322,0
7323,0
7324,0
7325,1022
7326,1022
7327,1022
7328,1022
7329,1022
7330,1021
7331,1022
7332,1021
7333,1021
7334,0
7335,0
7336,0
7337,0
7338,0
7339,0
7340,0
7341,0
7342,1022
7343,1022
7344,1022
7345,1022
7346,1022
7347,1022
7348,1022
7349,1022
7350,0
7351,0
7352,0
7353,0
7354,0
7355,0
7356,0
7357,0
7358,1022
7359,1021
7360,1022
7361,1022
7362,1022
7363,1022
7364,1022
7365,1022
7366,1022
7367,0
7368,0
7369,0
7370,0
7371,0
7372,0
7373,0
7374,0
7375,1022
7376,1022
7377,1022
7378,1022
7379,1022
7380,1022
7381,1022
7382,1022
7383,0
7384,0
7385,0
7386,0
7387,0
7388,0
7389,0
7390,0
7391,0
7392,1022
7393,1021
7394,1022
7395,1022
7396,1022
7397,1022
7398,1022
7399,1022
7400,0
7401,0
7402,0
7403,0
7404,0
7405,0
7406,0
7407,0
7408,1022
7409,1022
7410,1022
7411,1022
7412,1022
7413,1022
7414,1022
7415,1022
7416,1022
7417,0
7418,0
7419,0
7420,0
7421,0
7422,0
7423,0
7424,0
7425,1021
7426,1022
7427,1022
7428,1022
7429,1022
7430,1022
7431,1022
7432,1022
7433,0
7434,0
7435,0
7436,0
7437,0
7438,0
7439,0
7440,0
7441,0
7442,1022
7443,1022
7444,1022
7445,1022
7446,1022
7447,1022
7448,1022
7449,1022
7450,0
7451,0
7452,0
7453,0
7454,0
7455,0
7456,0
7457,0
7458,1022
7459,1022
7460,1022
7461,1022
7462,1022
7463,1022
7464,1022
7465,1022
7466,1022
7467,0
7468,0
7469,0
7470,0
7471,0
7472,0
7473,0
7474,0
7475,1022
7476,1022
7477,1022
7478,1022
7479,1022
7480,1022
7481,1022
7482,1022
7483,0
7484,0
7485,0
7486,0
7487,0
7488,0
7489,0
7490,0
7491,0
7492,1022
7493,1022
7494,1022
7495,1022
7496,1022
7497,1022
7498,1022
7499,1022
7500,0
7501,0
7502,0
7503,0
7504,0
7505,0
7506,0
7507,0
7508,1021
7509,1022
7510,1022
7511,1022
7512,1022
7513,1022
7514,1022
7515,1022
7516,1023
7517,0
7518,0
7519,0
7520,0
7521,0
7522,0
7523,0
7524,0
7525,1022
7526,1022
7527,1021
7528,1022
7529,1022
7530,1022
7531,1022
7532,1022
7533,0
7534,0
7535,0
7536,0
7537,0
7538,0
7539,0
7540,0
7541,0
7542,1022
7543,1021
7544,1021
7545,1021
7546,1021
7547,1021
7548,1022
7549,1022
7550,0
7551,0
7552,0
7553,0
7554,0
7555,0
7556,0
7557,0
7558,1022
7559,1022
7560,1022
7561,1022
7562,1021
7563,1022
7564,1022
7565,1022
7566,0
7567,0
7568,0
7569,0
7570,0
7571,0
7572,0
7573,0
7574,0
7575,1022
7576,1022
7577,1022
7578,1022
7579,1022
7580,1022
7581,1022
7582,1022
7583,0
7584,0
7585,0
7586,0
7587,0
7588,0
7589,0
7590,0
7591,1022
7592,1022
7593,1022
7594,1022
7595,1022
7596,1022
7597,1022
7598,1022
7599,1022
7600,0
7601,0
7602,0
7603,0
7604,0
7605,0
7606,0
7607,0
7608,1022
7609,1022
7610,1022
7611,1022
7612,1022
7613,1022
7614,1022
7615,1022
7616,0
7617,0
7618,0
7619,0
7620,0
7621,0
7622,0
7623,0
7624,0
7625,1022
7626,1022
7627,1022
7628,1022
7629,1022
7630,1022
7631,1022
7632,1022
7633,0
7634,0
7635,0
7636,0
7637,0
7638,0
7639,0
7640,0
7641,1022
7642,1022
7643,1022
7644,1022
7645,1022
7646,1022
7647,1022
7648,1022
7649,1022
7650,0
7651,0
7652,0
7653,0
7654,0
7655,0
7656,0
7657,0
7658,1022
7659,1022
7660,1022
7661,1022
7662,1022
7663,1022
7664,1022
7665,1022
7666,0
7667,0
7668,0
7669,0
7670,0
7671,0
7672,0
7673,0
7674,0
7675,1021
7676,1022
7677,1022
7678,1022
7679,1022
7680,1023
7681,1022
7682,1022
7683,0
7684,0
7685,0
7686,0
7687,0
7688,0
7689,0
7690,0
7691,1022
7692,1022
7693,1022
7694,1022
7695,1022
7696,1022
7697,1022
7698,1022
7699,1022
7700,0
7701,0
7702,0
7703,0
7704,0
7705,0
7706,0
7707,0
7708,1022
7709,1022
7710,1022
7711,1022
7712,1022
7713,1022
7714,1022
7715,1022
7716,0
7717,0
7718,0
7719,0
7720,0
7721,0
7722,0
7723,0
7724,0
7725,1022
7726,1022
7727,1022
7728,1022
7729,1022
7730,1022
7731,1022
7732,1022
7733,0
7734,0
7735,0
7736,0
7737,0
7738,0
7739,0
7740,0
7741,1022
7742,1022
7743,1022
7744,1022
7745,1022
7746,1022
7747,1022
7748,1022
7749,1022
7750,0
7751,0
7752,0
7753,0
7754,0
7755,0
7756,0
7757,0
7758,1022
7759,1022
7760,1022
7761,1022
7762,1022
7763,1022
7764,1022
7765,1022
7766,0
7767,0
7768,0
7769,0
7770,0
7771,0
7772,0
7773,0
7774,1021
7775,1022
7776,1022
7777,1022
7778,1022
7779,1022
7780,1022
7781,1022
7782,1022
7783,0
7784,0
7785,0
7786,0
7787,0
7788,0
7789,0
7790,0
7791,1022
7792,1023
7793,1022
7794,1022
7795,1022
7796,1022
7797,1023
7798,1022
7799,0
7800,0
7801,0
7802,0
7803,0
7804,0
7805,0
7806,0
7807,0
7808,1022
7809,1021
7810,1021
7811,1022
7812,1022
7813,1021
7814,1022
7815,1022
7816,0
7817,0
7818,0
7819,0
7820,0
7821,0
7822,0
7823,0
7824,1022
7825,1022
7826,1022
7827,1022
7828,1022
7829,1022
7830,1022
7831,1022
7832,1022
7833,0
7834,0
7835,0
7836,0
7837,0
7838,0
7839,0
7840,0
7841,1022
7842,1022
7843,1022
7844,1022
7845,1022
7846,1022
7847,1022
7848,1022
7849,0
7850,0
7851,0
7852,0
7853,0
7854,0
7855,0
7856,0
7857,0
7858,1022
7859,1022
7860,1022
7861,1022
7862,1022
7863,1022
7864,1022
7865,1022
7866,0
7867,0
7868,0
7869,0
7870,0
7871,0
7872,0
7873,0
7874,1022
7875,1022
7876,1021
7877,1022
7878,1021
7879,1022
7880,1022
7881,1022
7882,1022
7883,0
7884,0
7885,0
7886,0
7887,0
7888,0


